4.56
1.31
0.88
2.55
1.94
0.97
4.13
3.25
2.78
4.04
3.45
1.72
0.84
2.04
1.68
1.99
0.16
0.04
1.78
0.23
2.01
0.39
0.82
4.64
3.59
4.12
2.12
0.05
4.87
3.02
3.08
4.46
4.66
4.95
0.32
0.33
1.6
1.8
2.96
4.29
1.62
1.97
3.89
1.6
1.06
1.79
2.03
2.57
1.87
3.98
0.53
2
2.79
2.62
0.54
1.61
3.53
1.61
2.26
3.99
3.44
0.5
3.74
3.94
4.44
0.61
3.4
3.85
1.34
3.11
2.04
0.86
2.95
0.65
4.25
0.01
3.09
3.09
4.35
3.74
0.45
1.56
1.66
3.54
2.93
1.96
1.49
4.91
4.73
2.69
1.26
1.55
0.22
1.83
3.87
0.54
4.97
3.55
0.46
1.33
3.92
3.15
3.27
4.85
0.04
1.39
0.11
0.54
1.05
4.7
1.58
4.34
1.54
0.8
3.6
3.16
4.63
1.76
3.55
3.18
0.63
2.9
3.89
1.69
4.23
1.21
1.7
1.87
3.1
3.79
1.91
0.25
1.13
1.63
1.19
3.56
4.9
1.02
2.88
4.24
2.27
2.78
4.61
0.75
2.74
4.19
3.24
1.77
2.33
0.09
0.36
1.76
0.08
2.72
3.85
1.75
4.75
3.38
3.74
2.98
2.42
3.88
0.44
4.09
4.31
3.88
1.01
2.38
3.42
0.87
2.35
3.98
3.67
4.78
3.04
1.93
1.62
4
1.2
1.12
1.59
1.19
1.14
1.41
0.37
1.67
1.02
3.19
2.55
3.46
1.07
0.18
2.61
3.33
0.54
0.84
4.2
1.41
2.96
1.62
0.43
1.97
3.47
4.56
2.7
0.65
1.48
4.57
3.11
2.69
0.45
2.89
1.15
2.56
2.88
4.74
0.81
3.1
1.98
1.15
4
3.73
1.21
2.73
2.99
0.54
2.17
3.83
3.74
1.32
4.17
4.8
4.34
0.18
0.33
3.04
0.6
3.73
0.65
0.52
0.12
3.22
4.33
1.85
2.54
4.46
1.55
4.38
0.08
4.58
1.19
3.47
4.92
2.25
2.83
1.38
2.44
0.54
0.37
4.85
0.27
0.57
5
0.83
3.69
3.27
3.37
2.48
0.52
4.22
1.96
1.92
2.54
3.23
4.04
0.42
2.66
0.07
0.87
2.73
0.24
4.13
3.15
3.25
1.37
4.74
0.85
0.72
0.99
3.88
2.23
4.34
0.01
4.53
1.45
2.28
2.78
3.74
1.52
3.28
4.9
3.69
2
4.97
4.94
3.84
0.49
2.05
2.33
1.43
4.41
3.63
0.27
1.82
3.57
1.37
0.88
2.46
2.66
2.87
1.75
2.95
0.8
0.78
2.23
2.04
4.69
1.66
1.24
3.81
0.85
1.02
3.09
4.49
0.57
4.78
2.11
0.82
2.53
0.53
3.19
0.44
1.94
2.24
2.77
0.71
1.54
0.66
2.94
2.72
4.26
3.21
2.48
3.87
0.71
1.79
2.18
3.05
4.02
2.59
0.43
1.87
1.27
0.62
1.23
2.28
0.94
0.01
3.28
3.72
2.32
0.31
4.8
0.18
1.29
4.08
4.84
2.93
4.05
1.57
3.7
0.42
0.79
3.59
1.92
0.3
4.37
4.51
0.37
4.54
2.29
1.56
1.9
4.32
4.85
0.05
3.68
1.61
0.53
1.99
1.99
2.77
3.51
0.45
3.51
0.28
2.72
3.16
4.34
2.82
4.91
0.81
2.43
1.08
4.84
1.33
4.13
2.56
0.42
0.84
2.84
0.39
4.18
3.99
4.78
0.65
3.19
0.91
2.12
3
0.92
1.01
0.59
2.17
4.39
1.79
1.94
0.18
1.23
2.79
4.23
3.1
4.51
2.43
3.73
2.05
0.69
0.66
4.46
2.99
1.3
3.28
4.94
4.29
2.82
3.66
1.12
0.51
2.02
1.05
4.01
2.53
2.04
3.95
3.52
0.23
3
3.41
0.4
3.46
4.76
3.2
4.04
1.31
1.54
2.04
0.28
4.9
1.06
3.68
0.04
4.78
1.29
0.05
2.76
1.67
4.53
3.27
2.87
0.18
3.01
0.02
0.03
2.48
1.85
3.1
3.02
3.78
4.18
4.47
3.95
3.58
2.87
0.22
3.45
1.12
0.33
1.96
0.28
4.43
1.17
4.57
2.58
1.95
0.71
4.7
0.92
4.73
3.3
3.66
4.37
3.32
0.64
2.16
3.1
0.67
1.04
1.24
3.24
2.29
3.55
2.29
1.53
2.54
0.07
1.37
3.82
3.67
2.5
3.06
2.2
4.17
2.13
3.58
0.43
1.24
2.27
3.2
3.78
0.3
2.49
0.77
1.32
0.35
4.07
1.28
2.66
2.98
0.64
3.37
3.26
2.5
3.28
1.17
1.8
0.24
0.68
2.44
1.7
1.38
4.83
1.42
3.77
3.29
1.11
4
3.06
0.81
3.89
2.94
0.03
0.98
4.47
3.17
2.17
4.07
4.72
1.84
2.32
1.11
4.51
1.73
1.38
3
3.75
4.5
4.33
4.21
1.83
2.5
1.76
4.13
0.4
2.15
1.67
1.63
4.2
1.92
3.78
1.59
3.57
1.7
3
1.96
4.75
0.34
2.46
3.39
1.28
4.19
3.82
0.2
2.16
1.08
2.61
1.72
1.18
1.34
1.23
1.32
3.69
0.42
3.32
0.46
2.38
1.54
4.33
4.36
2.41
1.22
2.68
2.46
1.42
0.46
4.39
4.02
4.43
2.33
4.35
0.58
0.35
2.9
4.61
4.06
4.32
1.21
3.32
3.37
3.78
2.01
3.35
0.39
3.26
2.25
1.42
2.91
4.92
0.04
4.2
2.44
3.95
4.01
4.72
2.47
2.18
3.86
0.34
3.63
0.47
3.04
1.43
4.2
2.7
1.48
0.67
2.34
3.29
3.1
4.46
0.49
3.19
2.86
0.18
1.05
3.67
3.02
2.52
1.13
2.01
1.14
3.49
4.13
4.14
2.57
3.28
0.1
0.02
0.92
4.99
3.41
4.7
4.43
3.57
0.09
4.27
0.29
0.41
3.68
3.72
0.3
2.32
4.06
2.53
0.64
3.16
4.41
3.99
2.33
0.82
0.51
2.24
2.72
4.92
3.85
4.38
2.16
3.07
4.22
1.77
2.17
0.09
2.09
4.8
2.7
3.7
4.93
0.47
0.13
2.16
0.96
3.35
4.49
4.71
4.32
3.56
1.42
2.27
3.89
1.47
4.23
1.38
1.33
1.81
3.61
3.87
1.24
3.54
2.69
4.88
2.14
0.14
1.53
3.36
0.23
4.84
3.87
2.27
0.61
4.19
0.93
1.6
0.1
3.38
1
0.4
4.96
2.59
0.06
2.8
4.98
4.76
2.79
3.76
0.38
0.3
2.8
2.74
4.36
0.49
2.24
4.44
2.06
3.03
2.88
0.96
0.62
1.49
1.07
1.53
4.13
0.9
0.32
2.14
0.84
0.4
1.17
1.87
1.18
2.58
0.69
0.44
3.41
0.45
3.84
4.65
1.1
1.67
1.75
4.06
0.89
2.75
1.03
2.76
4.1
3.71
3.25
2.82
3.76
0.3
2.68
4.62
1.68
0.15
2.9
3.45
2.3
2.63
2.93
0.02
0.27
1.43
1.52
2.4
1.98
0.36
3.24
3.6
0.53
4.34
3.36
4.65
2.29
2.43
4.36
1.27
3.27
2.8
2.57
1.71
0.03
4.12
3.36
3.39
0.8
0.03
1.99
3.91
4.73
2.15
4.1
2.97
0.55
3.2
0.33
1
1.99
1.81
2.73
0.69
0.9
2.07
2
4.26
1.97
4.02
1.88
1.5
0.03
4.71
0.46
0.6
4.99
1.54
3.34
3.58
0.54
1.63
4.58
0.02
2.84
1.35
2.95
1.07
4.91
0.13
3.77
3.31
3.07
3.84
4.6
2.09
1.28
1.64
3.74
2.32
3.53
2.74
0.49
2.97
2.67
3.33
3.51
4.61
0.18
0.14
3.89
4.68
4.59
3.13
3.3
0.8
2.46
1.77
4.43
2.27
1.09
0.81
3.6
4.35
2.7
2.15
0.11
4.32
0.72
3.59
4.51
0.45
3.74
1.86
1.87
0.96
3.81
0.71
0.5
1.89
4.13
2.45
3.03
3.22
3.41
3.56
2.85
1.75
2.36
3.2
2.02
4.69
1.79
1
4.63
4.38
0.27
4.17
1.11
3.02
1.97
4.62
2.42
3.05
2.77
4.7
0.6
0.71
0.57
2.5
1.53
3.76
0.32
0.73
0.5
1.64
4.91
3.03
2.59
3.72
3.94
1.13
3.56
0.3
3.86
4.77
3.64
1.05
2.66
1.66
1.03
1.62
1.83
0.7
1.12
3.46
2.04
0.3
4.7
4.92
1.15
0.31
4.64
0.33
0.9
2.53
4.34
3.53
4.68
2.05
3.78
1.08
2.27
2.95
3.08
1.53
2.07
2.95
1.79
3.59
2.17
0.51
3.99
0.73
3.88
0.33
1.62
3.26
1.13
4.09
3.93
3.89
1.49
0.26
0.48
3.09
3.22
4.81
1.62
2.65
1.94
1.52
4.55
0.75
0.98
3.66
1.29
4.69
2.04
3.86
2.56
3.1
3.44
0.91
0.84
2.16
4.64
4.79
4.2
4.48
0.97
1.58
4.17
3.46
0.58
3.4
4.62
3.17
1.34
4.89
3.71
2.54
2.64
3.37
0.47
4.56
0.07
4.53
4.03
3.8
3.41
2.74
4.3
0.51
1.36
1.12
3.59
1.56
1.81
4
1.17
0.82
4.49
4.55
4.8
0.14
2.42
0.14
2.35
1.18
1.82
3.78
2.79
2.16
1.71
0.77
5
3.82
4.95
0.41
0.25
0.67
1.35
0.21
4.41
4.97
1.62
0.05
4.25
4.65
3.64
2.27
0.09
3.19
4.12
2.44
4.84
0.82
0.77
1.76
4.11
0.01
4.07
2.08
4.43
3.67
1.41
4.85
1.05
2.3
0.65
2.83
2.11
4.99
4.76
3.24
0.6
4.61
2.7
3.1
3.02
2.3
2.37
2.75
3.61
2.47
1.64
4.53
0.21
1.05
1.58
4.66
0.85
3.49
4.04
2.2
3.74
2.62
2.52
0.27
2.73
3.81
2.11
3.28
0.15
1.78
4.61
3.43
2.7
2.42
2.95
1.61
3.35
3.92
3.55
4.69
3.29
2.54
2.57
4.4
1.81
1.96
2.01
3.63
3.3
0.3
4.74
2.77
1.7
4.22
0.94
3.25
2.72
2.68
1.43
0.06
3.59
1.1
4.59
1.12
4.57
4.94
2.48
0.09
4.23
4.41
4.37
1.58
4.35
2.72
3.9
0.01
4.98
1.8
0.44
0.81
1.4
0.23
0.21
3.22
1.62
0.77
0.62
4.41
1.81
0.74
1.95
1.09
4.73
4.65
0.54
1.2
2.97
1.2
4.09
1.69
0.76
2.65
4.04
3.85
4.02
4.31
3.01
2.02
0.04
4.32
2.44
2.12
1.19
2.86
1.57
2.41
1.72
0.91
2.34
3.29
0.1
2.37
3.18
1.14
4.11
0.17
0.6
2.78
0.1
0.85
4.01
4.57
2.53
1.76
0.49
1.19
0.46
4.7
4.37
2.82
2.47
1.62
4.73
2.88
4.32
3.89
4.4
3.47
2.91
0.67
0.77
3.3
3
1.7
2.93
2.6
0.38
4.55
1.05
0.84
3.04
3.47
4.18
0.59
2.08
0.52
2.47
1.27
0.18
1.91
3.28
1.17
4.57
3.33
4.7
3.85
1.57
3.22
3.34
1.36
1.83
2.86
2.51
2.16
2.69
4.01
3.64
2.52
3.54
3.92
4.97
4.13
2.87
2.95
2.69
1.66
1.91
4.81
4.86
2.99
0.29
3.53
2.12
1.27
1.86
2.62
0.2
3.48
4.31
1.42
0.83
0.86
4.8
3.87
0.95
3.13
2.62
4.69
1.44
3.62
4.8
2.31
2.29
0.82
3.76
0.29
0.58
3.76
0.08
2.44
1.44
4.38
2.57
2.5
2.84
3.5
4.07
2.35
0.6
3.3
0.93
2.48
2.97
4.66
3.61
1.8
4.01
3.38
0.49
1.96
0.12
3.36
3.16
3.89
3.21
1.51
3.66
2.24
3.03
0.8
0.82
3.86
0.18
3.8
2.16
1.59
2.02
2.99
4.87
1.57
2.21
0.27
2.64
0.15
1.99
4.59
3.67
2.99
4.59
0.83
4.92
2.69
3.5
3.83
4.98
2.99
0.95
3.97
0.39
3.92
2.57
3.45
4.16
0.35
0.89
4.25
2.45
1.38
1.49
2.84
2.84
3.9
3.74
3.18
4.86
2.07
2.34
4.98
2.66
2.31
0.1
4.54
2.03
0.95
2.15
0.75
0.54
4.23
0.09
1
2.81
4.46
2.93
1.84
1.89
2.51
0.15
4.17
2.55
0.91
0.64
1.55
0.39
4.08
0.02
1.88
2.41
0.82
0.35
0.99
4.52
0.37
1.13
3.74
2.21
2.5
0.14
2.75
4.69
0.97
4.07
1.53
3.4
3.22
1.6
3.87
2.73
3.05
2.07
0.69
1.69
0.14
0.66
0.7
1.44
0.79
2.24
0.16
2.68
4.4
2.41
1.91
0.58
3.27
0.37
1.17
0.1
3.23
3.38
1.78
2.96
4.38
3.76
4.75
0.26
0.28
4.39
4.54
4.95
4.01
3.29
2.61
2.36
4.84
4.57
1.7
1.08
1.44
1.07
2.55
4.85
1.09
1.55
1.65
2.36
1.98
0.25
1.93
2.98
3.39
4.76
3.3
4.18
0.96
0.24
3.78
1.81
1.9
0.23
1.73
4.43
2.02
4.08
0.85
3.97
2
1.27
3.61
0.36
0.61
4.2
1.14
3.28
3.47
0.89
2.93
3.28
3.18
1.71
3.1
0.62
2.36
2.3
0.4
2.3
0.85
3.9
1.39
0.46
0.25
2.91
4.52
1.74
4.29
1.6
3.16
1.66
3.46
0.21
3.92
1.78
2.86
3.81
4.72
0.7
4.66
4.22
1.82
0.79
1.52
1.32
1.68
2.93
4.01
1.98
4.78
4.93
0.91
3.35
1.61
3.38
0.85
3.49
4.02
2.54
0.12
4.72
0.29
2.18
3.05
2.02
3.5
3.67
0.29
4.95
0.24
1.09
1.74
3.33
4.62
3.02
1.4
0.69
0.23
4.31
1.62
0.48
2.01
0.38
4.89
2.98
1.26
0.75
4.2
1.08
0.6
0.98
1.35
0.48
1.3
3.97
1.41
1.6
4.94
4.78
4.18
4.05
0.12
2.43
0.67
4.08
4.23
3.02
0.1
0.2
1.36
0.47
2.62
4.39
1.49
2.31
2.53
4.01
0.24
0.21
1.84
1.25
1.17
0.74
0.33
1.03
1.26
2.98
1.75
1.83
4.95
1.62
4.73
4.74
4.74
2.76
1.02
2.29
2.37
4.61
2.55
2.33
1.91
2.64
2.2
2.88
0.26
1.85
4.9
1.78
0.66
3.1
4.57
1.06
0.55
0.27
4.72
4.77
2.38
4.11
4.17
2.49
0.73
3.03
0.59
0.04
4
1.04
0.94
3.2
0.58
3.47
2.57
1.84
4.64
2.73
0.51
0.28
3.74
4.43
0.96
0.8
2.94
1.55
1.15
1.37
4.14
1
0.64
1.8
1.48
4.68
2.3
0.42
3.07
0.26
1.98
1.51
2.21
1.19
4.3
0.3
0.5
2.56
0.71
2.84
2.78
4.62
3.83
1.2
4.23
4.67
3.27
0.55
2.4
3.87
1.66
3.38
2.81
4.81
2.68
2.21
0.76
3.69
3.12
4.98
4.56
2.77
4.28
4.87
4.03
1.14
3.56
0.63
4.73
3.5
2.58
3.92
4.63
3.25
0.53
3.48
0.51
1.67
1.83
1.37
1.11
0.47
0.61
3.71
1.32
0.27
0.54
2.86
0.97
3.45
0.55
2.63
2.34
0.76
2.63
3.72
4.59
3.94
1.98
2.68
4.1
3.37
3.01
2.84
1.58
4.36
3.42
3.09
3.16
2.68
1.92
2.93
2.36
2.73
2.27
4.28
2.51
2.77
2.41
1.36
3.35
0.81
0.78
2.77
5
3.71
2.99
3.63
3.23
3.71
1.08
1.18
4.93
3.17
3.33
0.32
2.89
2.97
4.75
3.47
4.05
3
0.04
2.9
3
2.28
1.1
2.55
4.25
0.41
1.11
2.43
2.61
2.23
2.59
0.59
2.35
1.42
3.35
2.17
1.06
0.16
4.07
3.56
0.52
3.85
1.64
3.04
0.36
2.99
0.63
4.75
3.61
2.16
4.57
1
0.29
0.17
4.13
2.39
3.86
2.48
2.35
1.19
1.25
1.61
4.94
3.33
1.01
3.08
4.87
3.35
2.59
4.68
2.8
2.07
3.38
4.13
2.26
3.14
4.57
4.14
1.36
2.82
0.06
3.92
3.24
3.63
1.8
3.94
4.5
0.16
0.34
3.28
4.98
2.93
4.76
3.82
3.31
1.14
4.61
2.91
2.19
2.28
1.26
4.55
3.31
1.03
3.11
1.46
4.44
3.47
2.86
4.11
4.89
1.69
2.7
1.77
3.55
1.16
2.95
4.79
3.17
2.75
2.73
3.63
4.26
1.23
0.58
4.15
3.75
3.78
3.93
4.2
1.42
3.03
4.28
3.19
4.89
3.5
1.32
2.1
3.02
1.84
3.31
4.13
1.11
1.62
1.26
4.42
2.66
2.26
4.66
3.47
2.15
0.6
3.75
1.34
0.31
4.81
2.15
1.83
4.04
4.61
0.89
0.25
2.53
1.64
0.43
0.03
0.24
3.73
0.3
2.8
2.63
4.3
0.99
2.15
1.15
3.36
4.14
4.66
0.75
4.08
2.24
1
3.88
4
4.04
1.86
1.37
1.4
2.54
1.17
3.76
4.6
4.09
4.14
2.87
3.42
3.34
2.37
1.8
4.35
0.22
4.83
2.58
0.95
0.64
4.8
3.81
2.5
0.63
4.17
4.83
4.89
4.12
2.08
4.77
1.17
4.53
2.73
2.5
0.54
3.22
3.29
0.98
2.84
0.22
1.14
4.15
4.29
0.35
2.6
3.97
2.42
1.7
2.42
4.12
1.23
2.99
0.85
4.23
1.3
0.37
1.8
3.2
3.23
0.88
0.48
1.23
0.17
4.92
2.79
2.99
3.02
3.77
3.79
3.06
4.62
4.04
0.5
4.76
1.24
3.67
4.76
4.06
0.9
3.5
3.45
0.63
2.25
0.18
2.49
1.59
3.23
1.74
4.84
2.93
2.74
4.76
2.97
3.78
3.56
1.31
3.47
0.19
0.56
0.67
1.51
0.76
2.75
3.18
4.3
0.34
1.94
3.27
3.73
0.6
3.45
3.38
3.71
0.88
2.04
5
0.78
1.27
0.63
0.86
3.41
0.37
0.61
0.96
4.29
4.22
1.65
2.39
4.87
4.32
1.78
3.49
1.95
2.83
4.63
3.83
0.03
4.52
0.16
3.83
2.49
3.92
2.43
2.56
1.73
0.27
0.47
1.16
1.34
0.65
0.58
1.38
2.02
4.59
4.82
0.14
4.6
1.07
4.76
4.52
2.37
3.98
2.79
3.26
4.63
4.1
2.17
2.41
4.84
1.21
0.5
2.02
2.71
0.07
4.96
3.6
1.33
3.64
4.12
1.38
1.77
0.19
2.33
1.85
3.08
1.83
2.21
3.43
2.42
1.79
4.05
0.85
2.09
0.12
4.79
3.21
3.08
1.8
2.72
1.41
2
2.13
3.78
0.65
3.57
2.63
2.5
3.25
3.1
3.77
0.16
1.75
1.81
4.31
4.48
3.15
2.34
2.18
1.6
1.23
2.48
3.86
3.51
3.9
4.76
1.5
0.36
0.54
2.35
0.05
1.24
3.8
3.9
0.91
1.36
1.39
2.56
2.15
0.4
1.19
3.57
4.7
2.47
4.79
3.73
2.57
0.36
1.22
0.14
0.85
0.82
0.34
3.1
1.42
4.36
2.12
1.43
3.23
4.84
3.33
4.94
3.44
2.54
0.98
1.64
1.92
4.62
4.49
4.56
4.88
0.6
4.86
1.68
2.74
4.85
0.36
4.01
4.86
2.96
5
2.38
4.61
4.42
0.29
0.28
1.19
2.18
2.3
0.98
3.56
0.04
0.83
1.15
1.26
4.35
4.38
2.22
0.99
4.43
3.86
4.83
0.07
4.24
4.05
3.78
4.11
0.64
3.23
2.32
1.34
3
4.89
1.79
2.81
0.83
0.01
2.92
4.49
0.47
1.54
1.83
0.55
2.69
4.6
2.27
1.05
0.48
4.63
2.5
4.11
4.63
1.84
1.56
3.33
4.64
0.44
2.79
1.39
2.29
1.3
4.06
4.19
3.91
2.83
1.16
4.57
4.78
1.6
0.1
1.17
0.56
1.2
2.4
1.33
2.94
1.83
3.83
3.6
0.15
1.63
2.86
1.32
2.37
2.78
4.3
4.97
1.74
3.14
2.61
1.22
2.87
2.83
2.97
2.32
3.56
4.52
1.25
1.08
4.29
3.62
3.54
2.61
2.11
1.91
4.77
2.55
2.43
0.09
3.76
1.66
2.87
2.34
4
0.06
4.75
2.09
0.4
2.09
1.61
0.37
4.55
3.47
2.27
1.83
2.34
3.45
0.46
2.43
1.91
1.57
4.51
0.03
4.88
1.57
2.42
2
3.5
1.9
1.94
1.45
4.3
2.88
1.21
2.43
2.06
4.72
1.42
3.4
0.5
4.8
1.74
1.72
0.64
2.24
2.35
4.42
2.54
2.51
1.69
2.94
0.55
4.15
1.22
2.32
4.6
0.92
4.35
1.66
0.37
3.14
0.54
1.23
1.68
4.91
2.51
4.49
0.7
2.13
1.55
4.66
0.16
4.17
3.51
1.5
0.27
3.67
1.38
1.81
0.87
4.89
1.85
4.64
1.99
0.41
1.87
4
4.59
0.21
4.36
3.64
2.1
4.6
4.09
4.4
4.91
2.57
4.2
0.5
4.95
4.03
2.39
4.21
0.38
0.01
4.45
4.14
4.71
1.87
1.78
2.54
0.06
2.86
3.96
1.37
4.05
0.1
4.27
4.73
0.97
0.6
3.53
3.49
1.43
1.43
1.17
0.08
0.73
0.47
1.32
3.63
2.35
3.74
0.76
1.02
1.55
1.25
3.02
4.07
2.73
1.75
4.25
0.18
3.95
4.59
4.76
0.62
3.48
3.02
1.32
1.1
1.27
1.74
3.06
4.95
3.12
0.46
1.89
2.66
3.19
2.03
0.67
3.37
4.39
3.46
3.45
3.72
1.17
0.6
4.18
1.24
1.5
2.83
4.9
4.59
4.61
4.49
4.94
3.26
0.17
0.1
1.35
0.66
4.1
2.29
3.22
4.25
2.12
1.21
2.15
0.5
4.43
4.47
4.4
1.99
0.88
4.51
1.42
0.55
2.39
0.62
3.9
0.97
4.75
1.38
2
3.66
1.95
4.74
4.76
0.92
3.93
4.21
0.48
2.06
1.56
2.74
0.74
3.81
4.11
0.66
2.99
4.46
1.92
2.5
2.14
3.43
2.8
3.42
1.3
2.08
3.7
1.59
4.05
4.69
4.89
0.22
3.89
0.38
3.83
1.24
3.87
4.77
4.88
4.64
0.71
3.39
1.64
0.27
1.63
4.21
1.49
0.92
2.66
0.18
0.93
2.27
2.69
4.8
4.5
0.44
0.31
1.88
3.35
1.69
0.8
1.19
4.44
3.89
1.04
3.22
1.72
0.47
4.89
2.26
4.88
1.5
1.42
1.47
3.47
0.95
2.13
0.98
4.09
2.55
0.43
0.62
4.71
1.42
0.97
3.48
3.86
2.8
1.6
0.5
2.3
4.05
4.72
1.39
3.2
3.71
4.68
4.39
2.5
3.45
3.03
2.23
4.39
3.33
3.69
2.91
2.65
2.56
2.35
3.08
0.11
3.21
3.3
1.21
3.86
3.5
1.47
4.69
1.6
0.03
4.68
3.8
4.86
3.83
3.77
2.49
3.13
0.79
2.92
1.8
4.21
0.21
2.83
3.94
1.62
4.96
3.47
0.91
0.21
4.57
3.89
3.74
1.78
0.28
4.08
2.26
4.82
3.93
2.33
0.25
2.77
3.48
2.51
2.52
3.37
2.64
3.17
0.56
4.88
2.3
1.01
4.75
2.73
4.91
2.68
3.15
2.14
2.41
2.42
4.79
0.12
1.58
4.01
1.77
3.9
2.69
2.07
2.16
1.76
2.97
4.45
4.54
0.4
3.69
3.82
4.13
0.78
0.93
0.72
3.5
1.78
3.1
1.39
2.19
1.55
2.46
4.73
3.67
1.98
0.27
1.87
0.23
2.61
2.29
2.37
2.25
0.82
0.47
2.72
1.19
1.62
2.49
4.11
0.18
4.79
0.85
3.79
0.31
4.23
1.58
0.63
4.83
2.52
0.6
0.89
3.49
1.36
2.94
2.84
1.72
4.16
0.01
4.79
2.08
0.46
4.36
3.28
3.97
2.46
3.7
0.13
2.36
2.64
0.26
1.28
1.31
3.72
3.98
1.3
1.49
3.88
2.46
1.9
1.33
1
1.92
4.84
4.95
2.3
2.1
0.05
2.32
1.63
2.8
0.9
3.67
3.79
4.46
1.29
3.76
0.14
0.95
3.64
1.96
4.87
4.69
3.26
3.55
3.79
1.33
0.16
4.67
2.64
4.45
1.02
1
3.66
0.62
2.21
3.61
0.7
1.26
4.56
4.74
2.42
1.1
0.67
4.42
0.28
1.04
2.41
1.46
2.52
0.53
4.02
4.21
2.73
3.37
2.47
1.65
2.32
3
2.26
4.07
0.96
4.67
1.54
2.81
2.07
0.49
1.68
3.99
3.72
4.97
2.34
3.92
0.01
4.7
3.37
2.7
0.88
1.86
1.14
1.08
0.09
