4.77
0.71
3.67
1.17
4.4
1.62
3.24
0.99
2.53
3.52
2.61
1.09
0.4
0.15
4.22
4.93
1.17
3.37
2.37
2.14
3.07
0.69
3.82
1.88
1.36
1.97
3.17
1.49
0.26
2.71
3.61
0.24
4.85
4.01
0.75
2.8
4.72
4.1
3.92
1.15
4.52
1.79
3.94
3.83
0.6
1.79
3.85
3.41
2.87
0.19
2.22
3.06
1.44
1.61
2.2
3.96
2.05
3.24
4.3
0.14
4.59
4.99
4.39
1.4
1.68
2.98
3.87
0.03
1.69
1.97
4.74
2.09
0.22
4.85
3.52
1.86
3.1
0.78
2
3.38
1.39
4.69
3.98
1.57
2.82
1.46
4.77
3.12
4
1.47
2.2
2.17
2.6
1.28
2.1
0.5
4.47
0.95
0.2
3.08
2.21
0.44
1.27
3.1
1.56
2.83
0.42
2.02
3.6
0.89
4.35
0.66
4.51
2.21
3.64
3.49
3.6
2.76
4.44
1.65
1.67
4.21
4.29
2.6
2.56
2.86
3.9
4.92
4.96
4.84
2.86
4.41
0.28
0.8
0.12
3.34
4.75
3.8
0.26
3.31
3.66
1.17
1.66
3.02
4.44
0.59
3.08
3.72
1.87
1.47
1.86
1.15
0.02
3.61
1.64
0.34
4.89
3.03
2.3
0.71
2.27
2.04
0.11
4.18
3.27
2.9
0.2
3.37
0.84
2.64
1.17
2.68
2.16
3.78
4.28
1.02
0.89
4.2
1.36
3.35
1.58
0.38
3.51
1.14
3.32
0.43
0.55
2.46
3.53
0.71
4.74
4.31
3.17
4.21
3.63
1.64
0.63
3.99
4.31
1.96
4.77
3.41
4.79
2.74
0.53
0.24
3.97
0.43
2.91
1.22
4.52
3.24
4.72
0.47
3.23
1.7
2.73
0.83
3.06
2.97
1.61
2.76
4.31
0.83
1.14
4.17
4.66
3.58
2.22
2.76
1.75
1.18
2.2
1.32
3.74
0.05
0.7
4.24
3.56
4.78
3.68
0.73
4.87
3.42
3.91
4.01
1.11
4.55
0.97
3.37
4.31
3.81
1.65
2.63
3.55
0.9
0.79
0.07
4.82
1.17
0.53
0.51
0.62
0.22
2.4
0.15
0.29
0.25
0.53
1.47
3.69
3.67
4.36
3.46
0.49
0.93
4.13
2.01
4.89
0.49
1.94
2.5
3.38
1.63
4.31
0.44
0.47
2.29
3.27
3.5
0.76
1.61
0.3
4.11
4.24
1.65
2.68
1.73
2.88
2.1
3.86
0.58
2.8
0.09
3.71
4.92
0.83
4.47
1.27
0.31
3.38
4.71
3.23
3.99
2.9
2.67
3.02
4.05
3.87
0.85
3.56
1.47
4.06
3.78
0.92
4.16
3.62
0.36
0.48
4.08
1.75
1.08
0.48
1.44
0.92
2.25
2.91
1.94
2.65
3.67
1.58
2.51
0.15
2.96
3.06
3.8
4.41
3.36
1.52
2.72
2.73
2.6
3.1
3.89
0.24
1.82
4.29
3.37
0.25
2.42
3.54
3.21
4.78
3.54
3.84
1.91
1.26
4
3.63
1.79
0.87
1.23
0.14
3.56
4.19
4.92
0.7
2.27
0.12
0.45
1.79
2.73
3.91
3.72
0.22
2.29
2.15
4.77
2.89
2.52
2.8
4.9
1.86
2.79
1.54
4.57
3.64
0.15
2.12
2.26
3.26
0.62
3.26
2.77
4.08
4.52
2.3
1.01
2.86
1.57
1.46
3.83
4.37
1.38
3.71
1.57
4.57
3.02
1.57
1.59
3.9
3.82
1.85
2.67
1.82
0.87
1.52
0.18
1.18
1.07
3.59
3.1
4.56
4.24
0.14
2.49
2.34
1.74
3.76
2.42
1.86
4.93
3.12
3.25
1.38
0.84
3.8
0.3
0.78
2.56
0.01
3.54
2.16
0.58
1.16
1.68
1.39
4.44
4.09
3.86
2.2
1.02
3.62
3.34
4.5
0.72
1.04
2.78
2.5
1.2
2.02
0.7
4.79
0.21
0.71
4.01
1.12
0.85
4.56
0.23
0.09
0.95
2.66
0.64
3.9
4.86
0.02
3.53
3.97
2.33
0.28
2.11
4.53
3.45
2.89
4.68
4.42
2.87
2.57
3.7
1.42
2.81
3.92
2.94
3.82
1.69
3.54
1.11
2.29
1.78
3.47
2.68
1.29
0.3
0.74
1.74
3.99
4.34
4.1
4.87
0.19
4.66
4.87
0.91
3.48
3.26
3.22
4.06
3.62
2.6
0.19
0.58
2.88
3.16
1.66
4.36
3.43
2.56
1.99
1.59
0.41
0.92
3.08
1.01
3.93
3.78
3.39
1.29
0.2
0.58
1.91
3.95
2.38
3.9
3.93
0.97
3.2
3.01
1.23
0.29
0.25
4.5
2.17
4.29
2.92
0.7
0.81
4.23
0.64
3.68
1.58
2.19
2.36
3.24
1.27
4.79
0.55
2.5
4.15
1.82
1.45
0.8
0.52
3.71
0.18
2.97
1.57
1.21
2.35
3.68
0.22
1.1
2.43
2.44
3.61
4.38
4.01
4.57
2.54
2.57
4.59
4.97
1.89
4.51
0.01
2.97
3.02
1.73
0.92
0.83
0.95
1.53
2.84
3.44
2.43
1.21
1.17
3.59
3.23
0.23
4.55
2.82
1.45
0.02
4.92
0.31
4.14
0.95
1.69
1.18
3.62
2.87
1.29
1.85
3.78
1.77
4.15
0.7
3.32
3.75
2.05
0.72
4.53
4.31
3.3
0.83
1.46
4.46
2.06
2.78
1.6
0.92
1.78
1.93
1.64
4.67
4.21
3.28
3.18
1.23
3.72
4.27
4.73
0.74
3.73
0.93
2.19
3.23
1.33
2.94
1.56
0.8
3.25
0.79
0.9
4.24
0.75
3.94
0.17
1.28
3.36
1.39
4.67
3.05
2.91
0.04
3.49
4.21
1.5
2.83
1.86
3.28
1.09
4.47
2.13
0.82
3.72
3.87
4.67
0.4
4.55
1.93
1.01
2.02
3.43
1.84
0.47
1.13
3.44
4.62
0.17
0.61
3.34
2.18
4.21
0.33
0.71
3.89
0.01
0.15
1.64
2.85
1.13
1.99
3.17
1.08
3.48
2.57
1.75
0.83
2.23
1.76
3.97
1.63
4.21
1.27
4.61
3.42
1.73
1.2
2.69
4.84
1.27
1.26
1.81
4
2.72
0.39
1.61
1.97
2.18
3.11
0.74
1.72
1.74
4.24
1.52
0.67
3.08
2.11
0.55
0.53
2.94
1.49
0.01
1.62
2.16
0.76
4.29
1.61
3.29
4.89
3.66
0.35
2.7
2.72
0.65
3.54
0.03
3.13
0.05
2.06
0.63
4.82
1.28
3.57
1.03
4.06
2.37
0.99
1.99
3.53
0.68
2.58
1.23
1.57
1.96
3.98
4.72
0.54
0.65
0.31
3.63
1.58
1.93
4.45
0.49
0.7
5
1.52
0.25
0.64
4.12
2.16
0.66
2.05
1.74
0.86
0.86
0.66
0.08
1.13
0.17
1.99
0.97
3.37
1.06
4.9
4.77
4.81
2.61
0.27
2.44
1.12
1.69
4.31
1.8
2.7
2.85
0.88
4.71
2.68
4.11
3.98
0.91
2.68
0.31
3.59
2.46
0.9
2.62
0.17
0.35
2.91
4.52
1.52
3.77
4.99
3.99
2.88
0.57
4.62
0.42
3.44
2.89
2.55
3.71
3.84
0.77
3.82
2.46
2.71
4.23
3.43
2.05
1.89
2.51
2
0.64
4.95
0.41
3.13
1.31
1.43
1.53
3.21
4.2
3.05
4.2
2.16
1.24
1.66
4.11
4.09
0.26
3.9
3.55
2.17
2.64
1.62
1.09
0.8
3.74
4.52
3.88
4.68
3.5
4.76
0.29
0.1
0.02
4.43
2.66
2.86
2.75
2.87
1.1
4.24
2.3
1.54
0.91
4.24
4.65
4.29
1.96
1.28
1.96
3.42
1.15
4.64
0.68
0.88
1.79
2.31
2.73
4.35
0.36
3.33
4.91
1.26
1.37
1.59
3.72
1.09
3.77
4.75
3.24
3.7
3.86
2.29
0.18
1.38
4.26
0.47
2.21
3.48
4.49
0.73
3.78
4.1
4.74
3.84
4.75
1.81
1.83
4.19
4.12
4.15
2.5
2.07
1.32
1.18
3.11
2.42
2.59
2.58
4.42
1.69
2.91
1.94
3.6
1.93
0.99
1.39
3.73
0.05
2.18
4.29
3.4
3.66
1.64
1.25
3.35
2.59
2.21
1.47
4.25
3.23
3.48
0.59
3.09
4.37
1.64
2.72
1.28
2.9
2.79
0.96
0.8
3.48
4.34
0.09
4.62
3.83
0.57
3
2.81
2.9
3.27
4.4
2.63
0.98
3.43
2.96
3.46
4.62
3.5
4.15
1.42
3.9
3.81
2.96
3.37
3.03
0.82
2.09
1.81
3.31
4.22
3.37
0.19
4.92
4.5
4.31
2.16
4.92
1.05
1.62
2.42
4.98
1.8
1.52
3.33
1.95
0.46
2.44
3.56
0.24
2.41
4.31
4.08
0.92
0.75
2.16
3.86
1.91
3.62
0.89
2.55
0.67
2.34
1.32
0.03
4.76
3.44
3.35
3.05
1.79
1.61
4.05
1.36
1.61
1.15
0.9
3.11
2.16
3.04
2.71
0.22
4.77
2.26
3.06
3.99
0.97
2.76
0.31
4.94
4.85
2.83
1.38
4.57
2.19
4.5
4.08
3.58
0.44
1.68
3.78
4.73
2.98
3.19
0.87
1.92
0.69
2
0.02
0.8
1.5
1.52
3.76
1.78
4.61
2.09
4.74
0.54
4.85
0.06
0.93
3.61
1.05
4.35
2.3
0.91
2.29
4.37
3.43
2.4
4.06
2.31
0.25
3.99
3.82
2.74
3.46
0.3
0.11
3.52
4
2.59
0.94
4.41
1.5
0.77
4.37
0.48
0.51
4.42
3.37
0.49
1.51
0.53
4.12
1.41
2.39
0.38
0.2
3.36
0.14
4.42
0.37
1.1
2.32
0.38
4.95
0.74
4.16
1.56
4.73
4.15
0.29
4.16
2.05
1.76
1.67
1.56
4.96
1.5
2.41
4.58
1.77
4.61
3.99
2.08
2.58
2.87
4.17
4.42
2.54
2.25
1.65
3.54
4.08
2.87
4.79
1.88
2.62
0.39
4.33
0.48
4.58
3.24
3.16
0.16
1.82
1.46
1.19
4.92
4.79
2.49
1.42
1.54
4.4
1.32
3.63
0.03
2.26
1.97
4.51
2.94
2
2.76
4.83
3.94
3.3
0.92
1.02
3.59
0.92
3.67
0.92
4.9
2.89
2.47
1.32
4.99
1.7
3.28
4.33
1.79
2.42
3.16
3.58
1.64
1.84
2.66
2.06
4.55
1.06
4.19
2.69
2.97
1.13
4.98
3.18
4
4.53
4.45
3.05
3.92
2.96
1.67
0.94
0.77
1.3
2.52
1.96
3.61
3.22
1.52
1.88
0.61
2
4.39
3.96
0.69
3.14
4.3
0.62
4.1
1.65
0.99
1.72
4.2
2.28
0.87
3.35
3.22
1.1
3.87
2.71
2.01
1.44
3.06
4.02
2.28
4.51
3.34
4.32
3.32
3.77
0.7
1.96
2.67
0.37
4.79
1.93
2.18
4.14
0.46
2.21
4.14
3.42
4.31
0.71
0.09
3.87
1.56
5
1.94
2.46
2.88
0.59
2.77
3.42
2.88
4.07
0.43
1.06
2.27
0.36
3.9
1.29
0.9
0.38
1.17
2.43
2.02
4.29
1.87
3.93
0.66
0.67
3.48
2.26
0.1
0.5
3.98
0.89
3.61
4.41
1.36
1.53
3.5
2.02
3.28
4
0.35
0.42
0.77
3.3
3.68
4
0.38
3.23
1.18
3.33
1.82
1.43
1.43
0.84
1.15
0.05
2.34
4.35
2.48
1.16
2.42
0.99
4.07
4.61
4.01
1.4
3.13
1.93
0.71
2.58
3.31
3.39
4.24
0.16
3.06
2.21
0.98
2.78
4.17
1.23
0.7
0.1
2.37
2.52
0.04
0.85
3.67
3.51
0.33
2.26
1.24
3.82
3.37
3.06
3.53
1.71
1.45
3.65
4.51
2.48
2.14
3.69
3.47
3.73
2.98
2.46
4.35
0.13
0.75
4.38
0.74
1.22
0.03
4.24
1.81
4.99
4.35
3.86
3.85
0.5
2.13
0.11
4.45
2.21
2.32
3
1.35
1.14
1.24
3.65
1.15
4.69
3.94
0.39
4.81
2.08
3.92
2.43
0.1
3.44
0.61
2.3
1.33
3.52
0.29
3.24
4.89
1.96
4.65
2.81
3.51
3.56
1.85
2.75
1.46
1.31
2.46
1.53
4.17
0.59
4.81
1.77
4.61
3.91
0.4
3.81
0.41
4.83
4.26
1.07
4.25
3.2
4
0.35
0.73
0.01
3.01
4.99
0.43
3.03
1.57
4.67
2.27
1.23
3.97
1.99
3.25
2.91
3.81
0.63
0.34
3.24
3.94
2.66
3.14
4.1
0.92
0.08
0.47
2.26
0.2
4.17
1.78
4.27
0.05
0.42
1.11
2.65
3.27
2.61
0.9
4.88
2.72
4.98
3.6
0.51
1.27
3.65
4.16
4.41
3.09
4.78
1.01
0.91
1.16
2.41
2.46
0.08
4.36
0.08
1.72
1.75
4.97
4.54
2.5
3.98
0.56
2.28
0.49
4.94
2.61
1.15
3.13
3.59
4.81
0.82
4.22
0.68
1.61
3.95
0.21
3.11
4.6
3.19
2.35
3.03
3.74
0.42
2.66
4.11
3.87
4.06
3.43
1.87
3.06
0.4
1.17
0.05
1.24
0.88
1.15
2.34
3.98
3.53
4.11
3.48
4.94
1.72
1.22
2.05
3.41
4.73
3.73
3.99
4.43
3.42
3.98
0.65
2.7
1.95
2.23
3.39
0.57
0.21
0.7
2.38
0.62
4.25
2.26
0.48
3.08
0.11
2.88
4.27
0.19
3.05
4.87
1.66
2.24
4.03
1.58
0.94
2.2
1.29
4.57
3.81
2.07
1.09
1.97
0.84
3.77
3.22
0.2
3.36
3.01
2.42
4.05
4.67
2.61
4.09
4.65
4.62
4.06
1.85
0.11
1.62
4.84
4.17
1.82
2.3
2.6
4.12
0.23
2.49
1.65
0.81
4.49
0.1
4.24
0.57
3.6
1.35
1.2
4.85
2.22
3.35
4
2.82
2.65
2.16
2.24
0.74
4.14
4.48
0.27
0.28
1.27
4.05
1
4.86
2.28
1.97
3.4
0.96
1.52
4.57
2.19
2.25
4.58
0.35
0.98
4.33
1.12
2.99
1.33
3.9
2.5
2.56
4.1
5
2.29
3.44
1.57
4.67
2.54
1.46
3.24
2.68
4.07
2.04
1.75
2.34
2.72
0.11
3.33
4.19
4.19
0.13
2.25
1.19
2.78
0.2
0.18
2.68
3.46
0.47
1.1
4.03
3.05
3.2
2.98
1.64
3.93
3.31
2.71
2.81
2.78
2.36
4.05
4.34
3.57
1.31
1.9
3.15
1.33
3.95
1.43
0.87
1.55
2.21
4.83
4.14
4.17
2.95
3.39
3.24
3.9
4.29
0.47
0.89
2.68
3.24
4.22
2.07
1.62
1.17
3.28
2.33
4.41
3.93
4.52
0.31
2.16
0.83
1.24
2.02
3.83
1.51
3.22
3.84
4.98
0.93
2.14
0.36
0.62
4.9
4.94
4.83
4.6
4.94
1.22
0.31
2.61
2.11
3.9
3.88
3.32
4.38
3
0.8
1.07
4.03
4.44
0.23
2.98
0.69
0.3
1.3
0.93
0.21
0.33
0.12
3.27
1.46
4.62
2.49
3.43
1.44
3.57
3.4
3.8
3.33
3.52
1.96
4.98
0.63
4.07
3.11
2.49
0.44
1.44
2.02
4.6
0.83
4.43
1.38
0.42
1.23
1.57
4.67
0.69
3.38
3.99
0.38
4.01
3.03
1.81
4.4
4.86
0.33
4.87
2.82
1.45
1.42
0.99
4.42
1.51
4.49
4.92
2.43
3.73
4.91
4.97
3.08
0.51
3
2.4
0.64
2.88
1.59
2.41
1.71
1.74
3.38
2.42
2.27
4.57
2.13
1.01
4.15
0.82
4.86
3.37
1.24
4.88
1.31
4.81
2.04
3.91
2.38
0.38
4.07
1.14
2.52
0.98
4.28
4.08
4.64
1.58
1.52
2.52
4.72
1.07
4.12
2
0.53
4.98
4.21
3.74
3.95
0.07
1.35
4.53
4.15
1.45
3.62
1.08
4.74
0.43
0.71
4.19
3.94
0.26
2.79
0.3
2.02
3.9
4.5
4.88
2.71
3.01
4.62
4.36
2.61
2.3
4.98
1.53
0.82
0.49
3.31
4.96
3.18
0.25
1.12
2.86
1.89
0.6
3.33
4.98
1.62
1.48
4.38
1.41
0.61
0.46
2.92
2.58
3.6
2.62
1.2
4.93
1.58
3.96
1.15
3.48
4.05
2.91
3.75
2.65
4.87
2
4.2
1.96
3.29
1.45
4.38
1.44
4.2
0.51
1.25
3.66
3.71
4.24
2.04
0.15
4.45
1.41
0.22
4.12
2.28
3.97
1.18
1.98
4.24
0.92
3.76
0.63
0.56
1.03
1.88
3.93
3.56
4.7
3.27
2.54
0.38
3.61
2.3
2.74
1.19
1.89
1.43
3.96
3.22
2.46
0.25
1.09
1.62
2.21
0.99
2.23
1.28
4.04
2.88
1.91
1.72
4.07
0.3
2.42
2.24
3.49
0.81
4.32
2.26
3.9
0.18
2.36
2.9
0.65
1.36
4.74
3.03
1.32
0.25
1.78
1.21
2.54
0.72
2.81
1.68
4.79
3.05
3.57
1.35
3.22
3.98
0.56
4.64
4.07
2.96
1.41
2.57
1.39
3.37
2.24
0.2
2.98
0.83
3.88
1.74
4.04
4.27
3.58
1.32
3.69
0.8
4.76
0.98
4.17
0.38
4.31
3.52
0.87
4.46
4.88
0.77
2.92
0.31
3.22
1.89
2.76
1.2
4.04
4.52
0.65
3.73
2.18
0.42
1.68
2.79
1.7
4.33
4.96
2.14
3.4
0.57
2.85
1.57
3.74
1.77
3.05
2.09
2.55
2.44
3.4
1.67
1.57
4.89
3.29
1.86
4.61
4.08
3.82
0.17
2.88
3.08
0.68
3.49
4.24
0.74
0.02
4.79
0.88
3.56
4.76
1.81
2.57
3.3
3.23
0.35
1.42
4.54
0.1
2.33
4.68
3.69
1
0.43
3.7
3.99
1.03
2.69
4.2
1.79
4.32
2.19
2.3
2.43
3.03
0.33
1.1
4.36
0.57
0.53
4.5
0.8
1.41
3.4
1.96
3.33
3.26
2.85
4.92
1.75
2.12
0.23
2.46
3.53
3.59
3.66
4.52
4.97
2.52
3.31
2.18
4.52
2.68
0.74
1.62
4.1
0.29
1.61
4.96
2.55
4.58
0.43
0.45
0.81
1.26
0.74
4.04
1.07
2.5
1.72
1.92
1.94
3.86
4.13
3.08
4.86
0.47
3.01
2.66
3.05
3.76
0.86
0.79
2.39
2.24
0.08
4.88
4.58
4.46
2.16
2.65
3.75
2.38
1.21
1.33
0.06
3.4
1.64
4.94
2.99
0.7
1.97
1.4
1.85
0.44
2.02
4.53
0.65
1.87
2.81
1.8
2.76
1.79
2.25
4.03
3.99
4.99
2.21
1.44
4
3.37
4.58
1.6
0.19
3.71
3.78
2.95
2.24
4.47
3.53
1.91
2.65
2.7
4.95
4.97
1.36
1.82
4.85
0.77
0.5
3.47
4.52
3.19
0.79
0.79
2.39
0.92
4.89
2.27
3.95
4.66
2.95
2.49
0.99
3.05
4.66
0.5
3.41
4.83
3.53
3.15
2.08
0.34
0.61
4.51
0.16
2.9
1.85
1.25
4.59
3.97
1.92
3.45
2.37
2.6
2.7
3.32
1.88
4.46
4.77
2.08
3.6
4.59
4.14
4.06
0.8
3
0.92
0.77
2.87
2.6
4.2
4.91
1.27
0.07
2.36
0.08
0.29
4.21
2.72
3.4
1.54
0.57
4.5
0.81
4.57
4.71
3.81
3.56
3.3
3.14
0.76
3.01
2.84
2.72
3.76
3.15
0.12
4.05
2.52
1.18
1.81
3.71
1.06
1.69
1.25
0.65
4.22
0.37
2.37
2.39
0.88
3.62
1.98
2.53
4.98
4.43
1.12
0.42
2.29
2.74
4.65
2.61
4.31
1.65
4.79
1.95
1.76
2.9
4.07
4.24
4.78
1.04
0.5
1.07
2.97
3.27
4.03
0.35
3.05
4.79
3.02
0.28
2.63
4.29
1.87
4.56
0.84
1.38
1.82
0.93
2.8
3.31
2.61
0.97
3.28
1.23
2.78
2.79
4.61
1.76
0.85
4.84
2.54
2.29
0.63
4.31
1.25
0.72
3.17
4.2
4.01
0.23
0.21
3.24
3.97
2.97
3.35
3.08
3.33
2.97
2.66
3.04
4.2
2.37
3.23
4.22
1.92
2.87
4.5
1.9
0.2
4.95
1.95
4.53
3.77
4.06
0.89
1.93
4.66
1.06
4.59
1.52
1
4.43
2.37
4.22
1.45
4.16
3.26
0.15
0.69
2.38
3.73
2.64
3.19
2.52
4.02
3.04
1.25
1.69
0.76
1.82
1.4
0.61
3.13
3.48
1.56
1.08
4.55
