1.8
1.11
3.92
3.56
1.91
0.71
1.79
4.37
2.09
0.29
3.78
2.96
0.4
0.8
2.61
3.25
1.12
0.51
1.15
0.69
3.06
0.37
2.26
0.32
4.46
0.61
3.58
0.6
1.03
2.02
1.66
2.62
3.68
0.02
2.63
3.84
0.72
0.71
3.64
2.7
2.67
0.38
0.66
2.81
0.36
4.12
3.44
3.39
4.14
1.82
0.75
2.57
0.26
2.13
2.14
2.15
3.88
0.57
0.58
4.23
0.78
5
1.09
4.11
0.87
1.6
4.05
4.13
0.06
3.22
4.93
1.55
0.01
0.63
0.66
3.22
1.46
3.8
0.95
1.84
0.45
4.73
2.05
3.58
0.03
3.26
0.38
0.51
3.94
3.02
0.2
4.65
3.87
3
1.6
4.66
3.2
1.87
1.03
4.61
1.31
0.73
3.51
0.47
0.25
1.69
0.71
4.91
3.31
3.5
1.35
3.4
1.66
2.45
2.8
3.48
3.9
3.22
3.95
3.49
0.53
0.83
3.6
4.37
0.64
0.01
2.41
2.69
4.09
1.82
0.61
3.87
0.95
0.85
4.06
2.43
2.38
3.28
0.62
0.39
0.71
3.72
3.18
3.47
1.94
2.24
2.05
1.74
2.74
4.13
1.42
0.93
3.31
3.75
2.33
4.44
3.32
1.49
4.57
3.04
1.21
2.01
3.72
2.93
3.62
0.51
3.25
1.8
5
4.84
3.24
4.85
0.99
1.18
3.96
4.51
0.79
3.56
1.36
4.05
1.3
1.65
2.67
1.36
4
1.53
4.26
2.5
4.06
3.84
0.37
2.02
1.88
0.32
1.02
0.11
3.58
4.74
1.06
3.83
2.15
3.06
1.25
2.73
4.23
3.99
0.36
0.81
0.46
4.23
2.55
2.42
0.35
1.32
3.57
3.6
2.68
0.52
3.98
3
3.26
1.91
3.43
4.61
2.62
3.82
0.22
1.13
1.31
2.37
0.12
0.13
2.4
2.22
0.03
3.62
1.03
4.91
3.39
1.69
4.83
4.52
2.74
4.32
4.16
0.6
4.14
3.56
1.54
4.79
1.45
3.29
1.1
2.04
3.87
3.79
1.59
1.16
3.23
1.06
2.42
1.93
2.89
3.84
3.81
0.54
1.38
0.71
4.61
1.97
1.46
4.2
1.69
1.21
3.12
3.86
0.39
0.79
2.28
1.2
3.56
4.86
2.14
0.33
3.4
1.76
1.15
2.99
4.39
1.54
4.39
0.66
3.18
4.7
0.38
2.35
0.07
3.21
2.71
0.18
1.13
0.17
4.94
0.28
3.97
3.92
3.31
3.82
4.2
2.52
3.23
4.28
3.93
3.31
2.78
1.09
2.3
4.5
0.26
4.33
2.14
2.16
4.34
3.04
1.1
3
4.4
1.53
3.14
3.84
0.24
0.26
4.48
1.11
4
2.93
1.27
0.37
4.32
4.79
2.6
1.55
2.93
2.75
1.67
0.18
1.74
0.75
3.09
4.04
3.93
0.59
1.57
4.57
3.54
0.62
3.9
0.61
4.37
2.78
3.87
3.26
1.92
0.57
1.67
0.99
4.34
3.88
2.26
4.25
0.93
3.28
3.25
3.94
2.15
4.27
1.79
3.98
3.09
1.6
3.23
4.89
4.3
1.48
1.74
0.09
2.55
1.4
2.42
1.45
4.03
4.22
0.2
0.54
1.62
3.37
0.46
0.81
0.13
1.43
4.98
1.83
4.2
1.52
3.78
4.53
4.24
2.05
0.51
3.5
3.58
1.65
1.94
4.49
1.74
1.76
2.54
4.45
0.81
1.42
1.02
0.59
1.62
1.92
0.39
1.13
3.06
2.57
2.43
4.55
2.7
3.14
2.73
3.52
3.51
0.04
4.96
0.21
1.3
0.21
0.67
3.19
2.24
1.88
3.91
3.17
0.75
2.28
0.97
4.47
0.49
2.29
2.04
2.16
3.6
2.95
3.1
4.18
2.83
4.05
4.59
4.89
2.2
0.08
0.75
2.16
4.86
4.1
3.04
2.41
3.08
1.87
1.02
4.1
3.01
3.09
0.88
1.6
0.72
4.94
0.47
4.43
0.65
1.45
3.52
0.32
1.01
1.47
1.75
2.88
1.77
0.48
0.55
1.03
4.98
5
4.86
4.71
1.15
0.86
4.78
2.39
2.79
4.01
2.1
2.53
4.92
3.25
3.04
3.43
5
2.41
4.28
3.89
4.7
4.76
3.96
3.94
0.32
1.67
4.49
0.34
1.81
3.85
4.94
0.49
4.07
3.02
4.15
1.85
0.4
0.42
4.66
3.84
1.09
1.31
2.03
3.98
3.02
2.87
1.7
0.09
1.75
3.03
3.14
1.02
2.88
2.98
0.86
3.87
4.92
0.47
0.09
4.48
4.96
2.07
4.67
3.55
0.87
3.2
2.49
4.88
2.06
0.25
1.68
1.73
1.46
1.3
0.37
4.77
4.28
2.47
4.95
2.17
0.47
3.24
3.29
3.59
3.11
1.95
4.66
4.49
1.08
0.54
4.38
3.64
1.1
1.82
4.42
0.19
0.54
2.08
0.75
0.47
3.6
4.23
4.72
4.58
3.04
0.63
1.2
4.66
3.12
4.93
1.72
4.82
2.61
1.39
2.83
4.81
2.25
0.12
4.22
3.1
4.62
1.95
4.4
4.68
4.64
3.66
1.84
2.87
2.43
3.58
2.83
2.69
1.69
1.76
3.05
4.58
2.87
1.65
2.19
3.53
2.46
0.41
2.11
0.98
0.65
4
0.27
1.2
0.64
2.16
2.04
1.03
2.06
3.4
4.97
3.98
1.11
1.18
4.5
0.5
1.89
4.32
2.91
0.61
3.01
0.77
3.83
1.98
2.64
0.27
2.23
2.22
4.94
2.06
1.36
3.36
1.73
1.18
2.57
2.61
4.07
0.85
1.55
1.93
1.95
4.85
0.13
4.91
1.03
2.85
1.63
0.29
3.99
0.96
2.57
4.66
3.78
4.16
3.24
4.7
4.14
4.89
4.65
2.28
4.24
4.71
1.16
2.39
2.04
2.16
1.78
3.21
0.41
2.8
3.36
1.52
0.55
0.75
3.66
0.97
2.1
1.06
3.77
2.06
4.68
1.22
0.57
1.95
2.14
1.27
0.49
4.23
1.73
2.97
2.3
2.65
2.03
4.86
0.94
1.21
2.67
1.26
0.1
3.3
0.61
4.04
0.36
0.56
3.24
2.93
4.83
2.07
1.71
2.84
2.92
0.09
2.87
3.63
2.75
2.37
4.88
2.61
3.94
4.12
2.66
2.61
1.51
0.43
4.7
1.25
2.73
3.92
4.68
3.59
3.57
0.18
2.54
1.36
1.12
2.74
4.58
4.15
4.49
1.59
1.88
3.96
3.9
2.32
4.63
0.53
0.41
4.53
0.44
4.64
2.58
4.01
4.48
2.65
0.74
1.4
0.62
4.7
2.91
4.23
1.28
2.46
0.25
3.61
3.46
1.29
3.88
4.61
2.61
3.69
1.63
2.45
4.03
1.03
2.11
0.21
3.93
3.33
1.68
4.03
1.13
2.37
3.97
2.13
4.92
1.44
2.06
1.77
0.92
0.93
0.26
2.4
2.94
4.48
3.69
1.13
3.13
2.22
3.23
1.46
4.94
3.55
3.55
1.86
1.91
1.25
4.97
0.06
3.79
3.59
2.37
2.82
3.17
3.59
3.03
4.3
1.72
1.85
2.1
3.32
2.85
3.88
1.15
0.64
0.3
4.9
4.42
3.7
0.16
0.57
1.06
0.05
0.17
1.55
1.82
3.12
4.2
0.12
4.67
0.91
0.64
2.48
3.52
3.66
2.63
0.36
1.64
1.41
0.45
2.23
4.8
2.18
0.04
2.8
4.17
3.28
1.46
3.18
0.3
2.23
2.69
4.63
3.68
4.4
4.12
1.6
2.12
0.43
4.42
3.21
0.29
3.24
4.79
4.68
1.19
0.24
4.78
3.75
2.73
2.4
0.54
3.58
0.82
4
2.24
2.5
3.72
0.33
0.23
2.35
0.8
2.92
2.16
3.21
3.56
0.68
2.6
0.76
1.89
2.46
3.74
0.67
1.85
0.4
0.97
4.2
0.67
1.94
1.41
4.77
1.89
4.1
0.79
3.48
2.42
3.51
2.26
0.06
0.83
3.05
2.67
1.81
2.41
2.23
4.01
0.17
1.85
3.85
4.16
4.77
2.77
3.69
1.34
0.81
4.31
3.77
2.32
4.89
0.84
3.23
1.62
4.59
4.58
1.57
4.86
2.36
1.34
1.79
2.05
1.66
3.95
1.64
2.29
2.87
3.48
3.41
1.62
1.6
4.72
0.66
4.64
0.69
3.17
4.18
1.56
1.79
1.01
1.73
0.99
4.98
1.22
2.61
2.55
4.1
2.59
3.64
2.89
4.05
4.43
1.66
0.63
4.04
0.93
3.58
4.09
4.5
3.95
4.88
1.62
0.39
1.6
0.68
4.08
2.03
1.86
1.6
3.04
3.11
1.42
4.84
2.69
0.31
2.6
0.92
2.12
2.36
2.51
1.48
1.71
1.07
3.78
3.18
3.94
0.09
3.15
3.51
4.65
2.43
4.56
2.08
1.21
1.77
2.16
4.83
0.07
1.63
0.27
2.31
0.07
1.65
1.23
0.09
2.91
0.45
3.2
4.04
3.63
2.71
4.42
1.13
3.97
3.15
4.82
3.45
0.99
0.68
0.97
1.06
2.85
1.8
3.29
3.66
2.8
1.83
4.64
1.24
1.4
2.38
1.77
0.12
4
3.4
3.18
0.1
0.61
0.92
1.63
3.31
1.18
0.65
1.33
1.32
4.89
0.59
0.14
0.45
2.35
1.54
0.48
2.27
0.29
4.17
0.7
2.22
2.57
2.64
4.5
4.34
1.46
0.2
2.93
4.23
4.01
0.56
2.99
2.84
3.92
2.24
4.52
4.7
1.76
5
1.94
3.8
4.78
0.29
3.57
1.98
1.93
0.79
1.4
2.84
3.94
1.52
0.47
1.18
2.81
3.87
2.99
2.84
1.96
2.1
0.96
3.03
1.18
4.66
0.98
3.56
3.45
1.65
0.69
2.95
4.2
0.03
2.66
0.5
1.86
4.78
0.1
2.9
2.86
0.2
2.47
2.64
2.63
3.66
4.55
2.7
3.45
2.61
3.05
0.69
1.72
2.74
0.61
1.97
0.82
3.56
3.49
1.27
3.33
2.58
4.05
1.69
2.6
3.96
4.4
2.51
3.58
2.18
4.26
1.24
0.32
3.01
1.09
4.86
2.98
3.73
2.59
0.66
4.04
4.39
1.09
2.27
2.68
1.09
4.57
1.1
2.42
1.36
1.25
0.75
1.33
3.92
3.31
0.29
2.34
1.32
3.28
1.09
4.31
0.01
2.22
3.72
3.47
4.87
0.3
0.27
4.98
3.44
0.68
3.66
1.54
0.88
3.66
0.94
1.7
2.02
2.03
1.98
1.89
0.89
3.4
4.62
4.4
0.15
2.79
2.6
4.4
0.89
1.77
2.25
4.32
2.62
1.71
4
0.18
2.79
3.94
2.52
2.12
4.4
1
1.25
2.34
0.42
3.66
2.78
3.09
2.81
3.22
0.14
2.46
2.7
2.72
0.66
1.69
0.34
2.97
2.69
3.96
4.85
4.05
1.52
1.08
1.31
2.14
2.24
2.85
4.24
4.16
0.7
3.32
3.76
4.63
4.65
4.12
2.77
4.12
1.95
3.82
0.55
1.4
2.51
2.22
3.65
1.36
1.34
1.93
1.66
0.09
1.68
1.49
3.09
3.85
4.91
2.58
1.92
3.81
4.11
4.91
2.07
2.98
4.57
4.76
3.2
0.06
1.92
3.07
3.84
4.33
2.41
0.41
0.6
2.15
0.44
3.86
0.95
4.69
4.78
0.45
4.13
1.39
4.45
1.4
2.66
0.11
1.83
1.87
4.85
4.62
1.73
3.61
1.87
0.03
1.06
2.94
3.75
4.77
4
1.52
4.25
4.54
1.32
0.47
0.12
2.5
0.9
1.59
1.46
3.17
1.03
0.3
0.25
0.51
4.15
4.5
1.73
2.6
3.08
4.99
3.48
2.03
2.23
3.11
3.5
3.71
4.91
1.09
4.3
4.71
1.36
0.28
3.97
1.35
0.46
2.35
2.87
1.94
4.31
0.87
0.17
4.85
2.14
2.99
1.76
0.95
3.03
1.69
1.6
2.15
1.68
0.04
2.91
0.38
3.06
4.64
4.19
1.55
0.27
3.79
2.01
1.68
4.54
2.15
0.18
1.78
3.59
3.1
4.56
2.74
0.74
2.23
0.97
1.71
1.51
0.94
3.29
0.75
0.35
4.44
4.29
1.57
3.59
0.58
1.01
3.43
3.56
2.25
4.63
1.09
2.85
2.33
0.24
1.35
3.87
0.52
2.34
2.84
0.74
3.43
1.08
1.3
0.11
3.39
3.89
0.48
0.83
2.6
1.84
1.45
3.19
3.92
2.52
4.73
3.88
1.25
4.52
1.99
0.12
3.38
4.15
1.6
0.21
3.54
2.64
3.82
1.74
1.23
4.76
3.36
0.55
1.84
1.92
2.79
0.4
4.45
2.45
0.98
0.07
0.45
3.66
1.16
3.04
0.91
3.57
0.18
1
2.02
1.17
1.42
4.42
4.06
4.65
3.78
4.91
4.9
1.32
4.34
3.92
0.33
2.19
4.83
1.52
0.73
2.08
3.12
4.19
1.02
3.64
3.59
1.68
4.38
1.34
4.21
4.07
3.43
1.61
2.34
1.58
4.5
3.1
2.24
0.41
1.3
0.81
4.05
0.92
4.62
0.88
2.37
2.74
3.62
2.14
2.76
0.43
1.64
2.06
0.72
3.19
1.32
0.7
3.78
1.76
4.78
0.8
0.94
2.28
2.83
2.87
4.52
2.78
0.27
4.89
2.3
2.29
0.83
3.24
0.39
0.09
2.76
0.05
3.45
3.35
0.59
4.58
4.24
1.38
3.8
3.02
0.99
1.27
3.31
3.51
1.47
1.67
3.37
4.32
3.68
0.61
4.52
4.3
4.69
0.63
1.37
2.58
1.01
1.84
1.06
4.37
3.57
4.75
0.47
2.26
3.05
0.14
3.11
0.62
1.96
0.43
0.64
1.38
4.83
4.39
1.85
3.03
3.47
4.37
4.31
3.89
4.56
4.65
4.32
0.27
4.1
4.26
2.07
0.52
0.1
3.91
0.1
0.68
3.47
2.34
0.02
3.57
0.29
1.23
2.92
4.83
1.53
0.35
2.43
1.75
4.9
0.98
1.15
2.26
0.46
2.82
0.11
2.01
2.89
3.18
3.83
3.7
3.05
4.23
1.99
1.47
3.66
4.04
4.23
2.54
0.74
3.89
0.77
1.95
1.7
3.88
3.04
4.44
0.26
0.47
4.81
3.14
1.39
2.5
1.21
3.54
2.38
3.41
4.65
0.55
1.22
0.37
2.78
1.6
2.34
4.48
0.93
2.25
4.08
0.11
4.71
4.29
3.83
4.01
4.88
3.35
1.09
4.97
2.95
3.24
0.88
0.06
1.8
3.57
3.24
2.19
0.97
0.82
0.82
3.19
3.87
3.11
3.36
1.63
2.02
1.86
0.77
4.11
2.79
1.76
0.71
1.56
4.68
4.41
4.22
0.45
3.01
1.1
3.15
4.31
1.55
3.39
4.02
1.69
3.92
4.81
1.43
0.65
2.52
1.19
3.69
2.8
0.42
4.99
1.21
3.69
4.49
2
3.46
1.14
2.37
2.3
1.44
2.46
1.53
1.43
3.42
1.04
3.7
3.01
1.27
4.54
1.67
2
4.98
0.2
1.38
4.2
4.49
3.24
0.25
1.78
3.99
3.53
0.77
4.25
1.72
2.76
1.11
4.4
0.53
1.37
2.34
0.21
4.4
2.03
1.22
4.5
2.17
3.75
1.89
3.08
1.35
1.77
2.18
2.38
1.2
2.45
1.38
2.36
4.69
0.93
3.42
1.9
3.89
2.12
1.32
2.57
0.54
2.4
2.66
3.86
1.15
1.48
3.15
2.69
4.97
4.23
0.72
3.36
1.69
3.44
1.95
1.72
2.49
1.38
3.1
4.51
1.06
1.99
2.62
0.75
2.02
4.51
1.65
4.05
4.57
0.3
3.01
1.52
1.6
4.83
3.99
0.63
4.29
0.95
0.85
2.67
4.76
1.18
4.46
2.93
2.74
1.01
4.59
4.82
4.55
2.03
0.38
0.77
1.54
2.63
2.76
1.23
0.53
4.43
3.67
1.84
0.79
3.72
4.31
3.99
4.37
4.06
4.73
2.15
0.22
2.19
1.79
3.15
3.41
3.41
0.9
3.53
0.77
1.88
3.76
1.39
1.4
3.21
0.36
2.06
1.36
3.24
2.14
4.72
0.77
3.82
4.3
0.37
2.55
0.73
3.06
3.79
3.87
4.9
4.64
4.06
4.93
3.26
3.16
3.12
4.58
3.49
4.49
3.59
3.8
0.5
2.39
2.01
2.75
1.98
1.9
2.46
1.46
1.93
4.82
0.12
1.75
4.18
0.48
1.28
2.12
2.38
4.2
2.15
4.8
4.59
4.83
2.85
0.58
1.09
0.15
1.65
4.16
2.13
2.91
2.98
1.37
1.83
1.59
2.53
0.91
3.77
1.95
2.18
2.99
4.46
1.97
1.87
4.45
1.56
0.16
1.05
1.88
3.84
1.56
4.57
2.26
4.04
1.24
2.29
2.75
2.87
4.85
1.2
4.47
0.86
3.15
4.91
2.88
4.95
0.58
4.5
0.72
5
0.9
4.59
0.25
3.83
4.71
3.72
3.41
0.76
3.66
4.32
3.72
2.37
1.71
0.03
0.61
0.46
1.35
1.8
4.84
4.47
1.05
3.15
0.98
2.86
3.43
0.31
4.95
4.16
3.81
2.13
3
1.31
3.51
4.48
1.3
2.26
3.22
1.05
0.25
0.9
1.25
4.89
1.89
3
2.14
2.59
2.23
4.66
0.07
3.97
2.61
1.77
2.19
4.7
3.45
0.17
1.02
1.4
3.48
0.5
4.53
4.74
1.38
1.87
3.84
1.93
4.34
4.3
1.12
3.42
0.87
2.65
3.41
1.2
3.9
3.04
1.86
4.48
4.47
1.74
4.62
2.34
2.81
2.81
3.03
1.8
1.56
1.26
1.83
2.87
1.45
0.84
0.19
2.57
0.29
2.03
3.22
4.04
3.84
1.43
0.45
1.95
0.97
1.11
0.63
2.86
1.4
3.57
1.11
0.92
1.53
1.97
2.66
1.85
4.61
2.85
0.63
4.13
2.78
2.81
2.64
0.89
3.09
3.46
2.08
4.41
1.1
2.12
0.18
3.22
1.17
3.63
0.56
4.87
4.59
2.82
0.05
4.55
2.12
4.85
2.17
4.38
1.16
1.44
0.36
3.7
2.93
4.76
4.52
3.29
3.74
4.73
3.88
0.51
0.5
4.57
2.81
0.56
4.36
4.63
4.06
3.49
2.14
1.09
3.78
1.09
4.96
4.54
2.59
1.92
3.84
2.42
0.71
3.81
4.43
4.85
3.72
4.78
4.19
3.73
0.75
4.82
2.03
1.66
3.98
1.31
1.17
2.45
4.89
3.71
2.79
1.03
2.65
0.39
0.29
4.17
0.24
2.81
4.7
1.43
1.11
3.02
2.62
1.72
1.95
2.96
0.27
3.1
3.11
4.18
3.45
3.17
0.77
0.99
4.95
1.78
3.8
4.25
1.77
2.13
3.77
4.79
3.29
3.48
2.92
1.54
3.27
1.83
0.79
3.16
4.92
4.82
2.17
4.27
0.09
1.55
4.71
4.68
2.63
1.7
1.12
4.35
2.56
1.15
2.03
4.37
3.84
1.53
1.76
1.05
2.26
1.41
2.87
0.35
0.47
2.19
3.96
0.36
2.14
4.95
2.08
4.29
2.66
3.91
4.48
1.64
2.98
4.51
2.32
1.24
4.54
2.73
2.58
0.63
2.83
4.42
1.7
3.48
3.43
0.9
4.05
3.34
1.69
4.41
4.6
0.85
2.94
1.77
3.29
1.81
1.65
3.55
2.79
3.01
4.47
1.34
3.15
0.18
0.25
2.27
0.96
2.13
0.22
3.5
4.12
3.8
2.85
1.83
2.8
0.84
1.07
1.83
0.11
1.96
3.12
4.69
3.57
3.18
3.45
0.03
1.78
3.19
3.43
0.69
3.99
0.92
4.21
1.08
3.28
0.13
0.47
3.4
1.43
1.72
4.88
2.94
1.58
4.76
2.35
1.57
4.45
2.65
3.93
4.93
4.75
3.12
2.14
2.56
2.19
2.93
0.7
0.08
3.24
3.15
1.89
0.71
2.09
1.85
2.95
0.87
2.03
3.71
3.89
2.39
0.75
3.36
3
1.9
2.94
4.56
1.91
0.67
4.04
2.82
3.07
4.3
4.04
4.73
3.93
0.3
4.76
0.78
2.82
4.42
0.95
1.08
2.13
4.37
0.87
4.5
0.55
4.05
1.18
2.47
4.92
3.49
4.32
0.45
1.89
1.37
2.19
0.84
0.42
1.72
4.85
0.1
3.23
1.53
0.18
4.63
0.83
3.57
0.08
2.72
4.1
0.5
2.89
1.21
3.69
0.11
1.73
1.25
2.41
1.3
1.96
0.22
0.27
4.01
3.46
0.78
1.66
1.84
4.63
1.47
3.39
2.39
3.11
1.26
3.89
3.58
0.61
2.12
3.98
4.58
3.22
2.58
4.95
3.6
1.06
4.1
4.53
2.72
0.27
2.8
0.81
0.66
4.5
0.95
1.73
4.98
0.5
4.39
4.27
2.33
1.75
3.1
4.93
4.58
1.88
4.44
0.48
0.65
3.22
2.39
0.51
0.41
3.41
1.25
4.29
0.07
0.22
1.47
