4.44
4.61
4.33
4.91
4.22
1.63
3.39
1.63
3.31
4.74
3.57
2.29
2.89
1.24
3.36
0.42
2.46
0.84
3.16
2.83
0.99
3.84
1.77
5
1.45
2.31
4.18
2.93
1.66
1.68
0.17
0.56
4.19
0.2
0.08
3.42
1.77
4.72
1.6
3.08
0.08
1.49
2.76
1.91
0.57
3.9
0.43
4.55
4.27
3.37
1.31
4.04
4.69
3.36
2.51
3.36
2.93
2.76
2.08
3.79
1
1.92
3.21
3.48
3.04
3.42
0.84
4.26
1.63
2.12
3.24
1.85
2.52
0.14
3.28
3.98
4.71
4.41
1.34
3.64
4.89
2.96
1.46
4.1
2.91
1.31
4.28
0.2
2.83
3.45
0.53
4.83
1.65
2.89
2.16
4.74
4.6
0.41
4.93
4.21
0.44
3.42
4.94
3.35
3.45
3.62
1.92
2.31
0.45
0.81
1.54
4.18
1.11
2.95
4.05
3.51
1.85
4.05
0.93
2.69
1.03
0.7
2.88
4.63
3.14
0.53
0.53
3.66
3.29
3.74
0.57
1
3.28
2.58
1.85
1.7
2.34
0.56
4.41
2.7
1.88
1.5
3.33
2.74
0.84
4.39
2.25
4.66
1.71
4.4
4.15
0.83
0.41
4.48
0.11
2.3
0.77
0.86
2.84
1.65
4.31
1.85
2.91
3.96
1.68
0.77
1.25
4.98
0.54
3.91
1.08
1.09
2.08
5
3.81
3.39
4.87
4.41
3.28
0.36
2.68
3.59
0.16
4.8
0.34
3.92
2.01
1.23
1.91
4.71
3.73
1.09
0.51
3.99
3.44
2.01
4.9
2.72
1.72
4.15
3.76
1.38
3.78
2.97
1.51
2.49
2.9
1.41
2.93
0.14
4.59
3.72
1.42
4.88
2.46
3.27
2.65
4.42
1.33
3.09
1.62
0.48
1.63
4.33
3.26
4.72
1.4
3.84
3.97
2.25
0.53
4.69
2.4
4.06
4.11
1.47
2.27
4.64
4.39
3.19
1.75
1.89
3.19
2.28
0.45
1.49
0.2
3.93
0.95
0.09
3.37
3.1
5
0.89
1.6
0.77
2.94
2.51
1.67
4.91
4.74
0.44
2.51
3.44
0.08
4.5
1.67
4.25
1.72
1.01
2.3
1.3
0.24
1.63
0.42
2.45
1.59
0.21
0.47
3.78
0.71
3.05
0.06
4.2
3.66
4.14
0.46
0.97
0.98
3.89
3.76
2.15
3.14
0.81
1.86
3.27
4.63
1.75
1.44
3.09
0.55
1.62
2.84
2.84
1.47
3.43
1.4
4.02
0.82
0.26
1.12
1.12
1.04
4.85
1.44
4.01
2.04
3.53
1.77
1.66
3.33
3.01
1.7
0.33
3.04
2.35
0.83
0.4
3.13
4.04
1.22
1.1
0.32
1.46
1.34
1.75
0.32
4.68
0.94
4.17
0.14
3.8
1.13
2.27
5
3.12
0.73
0.85
4.22
3.19
0.15
2.52
2.41
4.41
1.62
0.4
2.86
3.7
0.51
2.08
0.44
1.29
2.65
3.14
0.66
1.65
0.17
4.98
0.95
2.88
2.97
2.93
3.3
2.86
3.61
0.77
0.15
2.81
2.59
3.04
4.78
3.48
3.64
3.09
0.64
4.75
0.23
4.65
2.44
3.45
3.48
1.68
4.99
4.93
4.24
1
3.51
3.95
0.16
1.37
2.25
0.47
3.28
0.98
3.24
1.89
3.44
4.47
4.26
3.91
3.07
1.73
0.72
3.5
4.34
0.59
4.55
0.91
0.12
0.77
4.63
4.29
0.26
4.47
3.52
0.35
3.98
2.36
3.92
0.81
1.48
2.18
0.54
0.05
0.07
0.99
2.96
0.93
4.4
2.55
3.55
2.91
3.1
4.72
3.66
3.32
3.01
3.38
3.26
4.06
2.65
4.22
0.23
1.23
1.04
3.37
4.24
3.23
2
2.88
1.94
2.29
4.23
1.18
0.42
3.93
2.49
1.35
3.42
3.66
3.72
3.73
2.32
2.48
4.51
4.18
0.43
4.85
1.8
0.52
3.54
1.53
2.89
1.39
1.83
0.62
0.93
3.22
1.87
3.83
2.45
1.69
0.34
2.19
2.77
0.84
1.32
0.07
4.59
3.47
2.56
4.47
4.6
0.1
1.42
4.95
3.89
0.75
1.75
0.43
2.78
1.5
4.44
4.57
1.73
0.23
4.7
0.31
0.83
5
3.69
2.76
1.87
3.05
0.3
4.01
1.7
2.61
0.83
4.99
1.03
2.92
1.42
0.2
1.71
1.82
4.08
0.17
3.77
0.43
1.77
2.96
2.54
2.6
0.84
4.5
4.62
2.67
0.84
2.46
3.78
1.26
4.8
1.5
4.06
1.88
2.89
4.78
2.06
0.61
2.82
2.88
2.44
2.18
0.79
2.1
2.61
4.55
4.98
0.7
0.77
0.27
0.78
4.94
0.55
0.04
4.08
3.57
2.36
1.91
3.34
4.03
3.63
3.13
1.96
4.8
4.25
1.78
4.46
3.42
3.55
1.44
4.02
3.81
2.68
2
4.42
3.34
0.49
0.3
4.34
1.97
2.36
1.1
2.9
4.86
4.48
0.92
3.21
4.32
0.6
0.79
1.81
3.55
2.95
4.92
3.14
0.37
2.33
3.37
2.01
3.72
0.63
2.81
2.49
1.72
0.61
0.64
1.19
2.95
0.92
2.15
3.38
3.44
0.11
3.4
2.33
4.15
2.13
1.87
4.92
3.11
0.68
4.6
4.9
3.22
2.46
2.08
4.85
3.18
3.28
2.6
1.71
2.09
0.48
1.56
2.78
3.32
3.21
4.04
0.57
2.44
3.13
1.19
0.96
3.54
2.31
4.98
2.87
1
0.62
2.31
1.52
1.3
1.49
4.78
2.01
3.59
2.18
0.35
0.76
4.39
4.8
4.72
1.8
2.25
1.4
4.65
4.73
3.85
3.34
0.04
0.01
1.59
1.22
3.11
4.79
0.85
3.74
4.49
1.12
4.26
0.58
3.8
0.7
2.86
0.57
0.18
1.79
4.79
1.91
0.25
0.99
2.65
3.99
3.57
0.6
3.88
2.28
4.66
3.02
2.62
1.85
2.61
0.37
1.61
1.31
4.1
3.42
3.85
1.15
4.3
3.05
3.11
3.49
0.21
4.89
1.81
2.83
0.33
0.82
3.02
4.13
2.38
3.47
3.61
3.42
3.47
3.42
4.62
4.37
1.31
0.19
0.41
4.86
1.63
3.66
0.74
4.01
3.68
1.02
0.67
2.88
3.01
1.02
3.13
4.15
2.53
1.88
2.32
1.68
2.96
3.29
3.98
4.44
0.68
2.81
4.09
2.05
3.47
0.16
1.89
2.66
4.89
3.2
3.74
0.58
4.37
3.29
3.19
0.57
4.6
1.67
4.65
1.71
4.58
0.63
1.21
4.53
3.28
2.57
3.92
1.22
3.97
3.59
4.78
0.5
0.57
0.28
3.3
0.19
0.29
4.16
2.39
1.03
1.06
1.49
0.08
4.95
0.77
4.69
0.09
3.91
2.45
1.55
2.69
0.67
0.31
0.31
0.23
2.32
4.28
2.44
2.1
3.66
4.13
2.23
4.34
0.38
2.01
3.1
0.56
3.88
2.1
2.88
2.89
1.4
0.4
0.77
0.58
4.35
2.07
1.17
2.51
4.15
4.81
2.98
0.95
2.71
3.43
4.76
0.34
3.01
0.29
2.51
0.4
3.41
1.35
3.4
4.32
0.63
2.68
4.78
0.72
1.53
1.89
2.11
0.49
3.08
1.75
4.98
4.63
1.47
0.71
4.36
3.74
2.94
1.52
4.14
3.28
4.78
0.06
4.75
3.02
3.82
4.83
1.86
1.16
1.81
4.67
4.58
2.48
0.14
2.26
3.63
1.57
0.56
3.66
4.1
3.62
1.19
4.08
3.52
1.14
1.12
1.79
2.92
3.12
4.87
0.21
4.01
2.85
2.67
3.61
1.05
3.43
3.6
1.68
4.94
2.72
4.07
2.21
1.57
2.47
0.13
4.94
2.54
4.06
4.94
2.81
3.42
2.25
4.26
4.31
1.29
1.58
4.98
0.19
1.53
3.41
4.15
1.7
1.04
4.28
4.95
1.43
3.75
3.43
0.47
4.61
0.5
0.25
0.73
1.73
1.98
0.95
3.82
2.22
1.05
4.23
4.24
3.7
3.49
1.55
0.01
3.23
3.77
4.39
2.25
4.41
1.1
1.22
4.18
4.61
3.13
4.04
4.09
4.64
2.67
1.6
1.26
0.65
3.61
1.74
2.59
0.95
0.21
0.79
3.01
2.35
1.38
0.33
2.11
1.99
2.29
4.61
3.43
1.51
1.79
3.2
3.2
0.52
2.39
1.73
3.57
3.17
0.41
2.87
2.89
4.27
4.4
0.71
1.55
1.46
4.98
3.61
4.05
3.67
4.05
0.97
2.89
1.12
3.95
3.71
3.07
1.67
0.4
1.96
2.44
0.58
4.57
1.79
1.81
0.9
3.49
3.37
0.98
2.45
1.33
3.24
2.52
2.13
2.46
1.65
3.52
4.92
3.92
1.09
1.34
3.54
4.02
3.97
0.77
4.61
3.53
3.27
3.29
1.23
0.21
1.87
3.64
1.22
3.09
1.49
4.43
4.83
2.2
2.84
3.07
2.1
4.46
1.79
1.22
4
4.8
3.54
2.98
0.72
3.72
3.31
1.42
4.45
1.13
0.55
3.72
4.53
1.89
0.35
4.1
4.97
0.78
0.87
0.78
1.68
1.36
2.67
0.08
4.03
2.45
1.4
3.34
1.15
0.21
4.77
1.25
4.94
2.47
2.49
0.99
3.8
4.02
4.53
1.17
4.94
1.03
0.54
0.23
2.98
3.94
2.77
3.85
4.54
4.35
4.59
3.6
3.98
1.2
2.34
3.35
2.25
1.38
0.38
4.8
2.47
0.89
2.38
4.84
0.99
2.02
2.88
1.87
0.6
1.6
1.09
4.89
0.12
1.55
4.8
2.95
3.71
3.82
0.44
3.47
0.84
4.59
2.58
4.07
0.81
1.61
2.19
3.05
4.12
2.12
0.08
0.03
3.22
4.64
1.11
1.87
3.21
2
0.67
3.25
3.58
3.51
0.2
3.8
1.2
0.25
3.42
4.79
4.68
3.67
3.98
1.77
4.18
0.96
3.29
3.83
3.11
4.63
3.05
4.8
0.18
2.78
0.19
1.19
1.08
0.87
3.12
2.61
1.48
3.12
3.54
0.8
2.26
2.4
4.98
4.89
4.34
1.75
0.58
2.97
4.8
0.6
2.82
3.09
1.38
3.98
2.15
4.01
3.06
4.33
0.84
1.07
2.5
2.13
0.53
4.5
4.66
4.88
3.6
4.75
0.27
1.25
3.94
3.72
4.32
4.13
4.95
4.74
1.26
2.65
0.27
0.03
1.38
1.8
0.29
0.03
4.15
1
3.17
2.73
3.81
4.5
1.45
4.18
1.76
3.35
3.24
1.62
0.58
2.47
4.59
0.36
1.3
2.58
0.37
2.03
1.29
4.93
0.58
2.8
4.15
4.24
2.86
1.12
1.64
0.06
2.52
2.98
2.53
4.37
0.65
2.25
3.1
0.69
0.86
2.67
2.85
3.97
1.91
4.15
3.9
2.35
1.02
3.87
0.24
2.67
1.87
4.92
1.98
4.8
1.64
4.48
0.33
4.26
0.27
3.34
1.06
4.59
3.82
4.43
2.34
3.62
1.21
2.98
1.66
0.95
2.9
3.84
3.53
4.79
3.95
2.46
3.27
4.95
4.33
4.86
2.62
2.34
4.86
3.99
1.74
0.28
1.8
1.36
0.47
1.5
0.4
2.97
1.96
1.1
0.94
3.95
0.02
3.93
1.43
4.98
2.26
1.82
2.57
3.06
4.79
0.67
0.11
3.76
2.31
4.26
4.19
0.06
2.2
3
4.77
0.31
1.76
4.53
2.19
1.8
0.96
4.21
2.59
3.2
0.04
2.86
0.33
1.91
1.81
4.83
2.6
1.45
3.13
1.05
4.98
4.5
2.13
0.82
3.08
1.65
1.76
4.59
3.62
0.43
2.14
4.83
4.26
0.36
2.47
2.4
0.92
1.62
1.88
0.7
2.36
3.61
3.07
4.36
2.57
0.09
0.8
0.46
0.09
2.12
4.42
4.42
1.32
4.15
3.84
0.11
1.44
1.22
1.57
4.21
1.29
4.51
1.06
0.26
1.03
3.01
1.71
3.26
4.88
0.95
4.46
3.61
2.1
0.6
4.01
3.67
0.73
1.24
0.1
4.28
1.82
1.53
4.54
0.57
3.26
4.08
1.25
3.65
4.21
4.92
0.2
3.3
3.05
2.85
3.88
3.09
4.81
1.87
3.02
1.51
1.11
2.99
4.51
4.04
2.16
3.62
0.33
3.54
0.44
3.95
4.2
4.99
2.2
3.72
1.15
3.28
2.06
2.47
2.21
3.76
3.35
2.18
0.76
4.98
4.59
1.6
1.17
0.9
3.52
4.63
2.52
2.84
3.11
4.32
3.04
0.72
4.17
0.86
4.45
4.7
2.17
0.05
1.53
1.36
0.11
0.5
4.14
3.84
3.86
3.89
1.86
0.88
4.89
4.37
3.13
4.39
3.51
2.53
4.81
0.36
4.56
1.93
1.93
3.54
2.52
1.88
4.05
0.81
2.56
3.01
3.18
2.88
4.52
0.51
4.58
4.8
2.32
0.65
1.65
4.26
4.65
1.45
0.15
2.08
3.53
4.1
3.58
3.17
1.82
1.68
2.75
0.54
2.46
2.53
4.79
4.57
4.6
3.68
0.92
2.17
0.9
3.43
0.33
2.7
4.46
1.88
2.3
4.86
1.65
4.17
3.8
4.42
3.01
4.82
2.77
0.69
4.8
3
4.25
4.29
1.78
3.2
4.54
1.36
3.92
2.91
1.36
1.21
0.18
2.62
1.53
1.48
0.49
2.6
2.39
2.54
4.03
1.23
3.23
2.34
2.86
2.5
4.96
5
4.64
3.26
1.45
3.07
0.47
3.77
0.63
2.09
4.69
0.66
0.79
3.59
1.57
4.53
5
4.65
1.48
0.08
0.32
0.98
1.26
1.02
4.09
2.6
1.91
4.36
1.36
0.2
0.14
3.64
2.09
2.56
0.53
2.68
0.85
0.4
3.33
4.31
0.51
0.61
3.39
0.73
3.79
2.52
4.34
0.52
3.52
1.78
4.31
4.95
2.59
1.81
4.61
0.11
3.75
1.89
1.8
3.97
2.1
3.57
1.66
3.24
2.8
0.71
3.7
0.34
1.4
0.53
4.84
3.21
2.05
1.41
0.33
4.13
3.03
1.72
1.9
4.22
2.51
3.62
0.24
4.77
0.71
1.71
2.59
2.83
4.86
4.5
3.08
3.71
0.09
1.53
3.66
0.82
2
1.64
0.84
3.84
3.08
1
2.08
0.06
4.59
1.18
4.79
0.24
4.22
3.81
1.39
0.12
3.55
1.24
2.93
0.07
4.49
2.63
4.16
1.76
0.66
4.04
3.49
1.83
2.42
1.09
1.64
0.74
0.19
0.85
1.97
3.24
2.43
3.48
3.7
0.1
2.82
4.02
4.22
1.66
3.92
1.48
1.46
0.3
0.9
1.01
2.68
0.47
4.32
1.44
4.76
1.83
2.26
2.68
1.13
1.65
3.3
3.75
3.36
1.25
3.01
4.09
4.52
0.85
4.39
0.14
3.4
3.03
4.34
0.44
2.32
4.75
1.21
4.29
1.76
2.38
1.38
4.26
4.77
5
2.89
0.11
0.78
0.28
4.75
3.01
3.72
3.88
1.67
3.68
4.61
4.66
2.27
0.69
3.31
1.56
1.21
3.17
2.51
2.9
4.38
2.7
2.77
0.8
1.33
0.84
4.68
3.84
2.3
2.98
3.75
3.44
2.86
0.21
2.98
2.65
3.8
1.32
2.57
2.18
0.12
1.88
0.04
2.96
2.1
1.72
3.39
2.52
1.79
2.64
2.47
4.14
2.07
2.94
1.53
1.83
4.6
2.2
1.36
0.87
1.56
0.5
2.8
1.36
0.86
3.02
3.79
0.43
0.3
2.85
3.4
3.95
3.73
3.46
1.78
1.22
3.16
0.62
3.06
0.88
2.65
2.8
2.62
2.26
1.35
4.71
1.17
2.32
4.29
2.45
1.13
4.38
3.43
4.14
4.07
1.37
4.49
0.88
2.38
0.85
1.78
2.28
1.09
2.43
2.04
4.52
1.82
3.06
3.02
3.58
2.36
3.41
2.21
4.44
0.14
3.47
1.02
4.68
0.8
3.58
4.02
1.44
1.33
2.92
0.07
0.94
4.52
0.1
1.94
0.69
0.51
4.06
0.31
3.32
3.84
2.37
2.01
0.69
3.64
4.79
2.38
3.63
0.33
1.59
0.11
1.45
0.36
4.16
1.32
4.38
4.13
0.4
1.29
3.49
4.05
3.7
0.84
0.43
2.95
3.56
0.15
4.91
4.94
2.1
1.27
0.09
2.32
0.17
1.56
0.14
1.15
3.21
0.92
0.21
1.13
4.89
4.85
1.95
4.07
3.02
3.24
2.35
2.37
1.47
4.56
0.59
4.96
3.59
4
0.82
0.72
2.46
3.58
4.17
3.95
4.79
3.04
1.7
3.53
0.19
3.44
1.97
3.19
1.87
1.88
1.6
1.49
4.43
1.84
3.64
3.65
0.43
1.66
1.91
1.6
2.45
3.25
0.47
2.36
2.63
1.25
1.52
2.52
4.51
3.55
3.43
1.42
0.12
4.69
1.77
3.22
3.39
2.73
1.85
1.45
2.44
2.84
2.82
4.33
1.17
2
1.6
1.05
1.22
2.32
0.46
4.16
2.14
2
0.54
1.39
1.19
4.51
0.25
3.27
4.99
1.4
3.08
3.45
2.22
0.84
1.49
1.34
1.69
2.93
3.8
0.02
3.64
1.46
4.85
0.99
4.93
2.49
0.1
2.83
2.88
2.19
0.96
3.48
4.13
3.62
0.76
4.9
4.96
1.27
4.75
2.82
1.88
1.23
0.12
1.01
3.48
0.87
0.18
4.77
1.13
0.68
0.88
1.53
0.29
4.17
1.93
1.11
4.18
2.29
2.2
2.25
3.92
3.66
3.69
4.28
0.84
4.81
1.42
3.15
3.35
1.52
4.89
2.87
4.64
3.68
0.55
4.57
2.77
3.89
3.64
1.89
3.09
0.65
2.95
0.66
0.47
2.67
3.12
2.51
3.59
4.78
0.96
0.7
3.4
1.67
2.39
3.97
3.73
0.16
0.04
4.1
1.58
4.02
0.46
0.16
3.99
2.92
1.64
4.56
1.82
0.06
0.58
4.49
0.32
2.66
1.45
3.61
3.14
1.29
2.97
3.41
0.17
3.62
2.49
0.77
0.55
1.35
3.31
1.22
0.68
2.35
3.73
1.75
4.94
3.09
4.52
1.33
3.96
1.48
4.38
1.51
3.55
0.97
4.13
0.04
1.85
1.71
2.23
1.48
4.23
1.54
4.53
4.83
2.52
1
4.59
0.81
1.53
2.7
0.25
4.95
1.48
0.86
1.48
1.07
2.34
0.43
4.78
1.76
0.45
2.47
0.65
2.26
4.52
0.25
4.3
1.44
0.57
0.53
4.81
1.05
4.56
2.87
3.5
1.28
3.71
0.54
3.61
1.35
1.9
3.2
3.23
1.75
3.44
4.99
3.18
3.08
3.78
4.05
2.87
0.65
0.84
0.99
4
3.68
3.68
2.18
1.09
4.53
2.71
2.56
1.51
4.77
1.11
2.1
1.5
2.47
2.14
4.33
3.23
1.46
3.67
1.28
4.37
2.07
0.54
1.77
1.17
1.85
3.87
4.56
0.79
0.18
4.87
3.87
1.71
1.01
4.69
3.58
1.67
4.71
2.99
0.26
3.88
2.91
0.34
3.39
3.3
1.54
1.72
1.71
1.13
4.94
2.7
1.5
2.26
3.14
1.67
4.49
4.18
4.98
2.26
4.49
4.43
2.1
1.32
0.34
0.54
3.42
3.32
3.91
1.91
1.35
2.68
1.79
1.14
4.43
0.48
1.98
0.17
0.42
0.6
1.16
4.98
3.28
0.08
4.97
0.6
2.53
2.61
4.7
2.75
3.14
0.63
3.18
1.57
3.67
2.58
1.22
3.16
4.62
2.47
3.35
3.69
3.54
2.27
3.97
1.24
1.57
3.52
3.56
0.44
4.4
3.83
1.1
4.74
0.01
3.3
0.17
2.24
0.42
2.13
4.46
2.03
3.48
3.39
2.38
2.48
2.75
2.41
3.23
4.89
1.62
2.42
3.49
2.57
1.6
3.88
4.07
0.5
0.97
2.46
4.03
0.58
4.06
3.89
4.23
1.08
4.95
2
3.82
2.51
3.82
1.43
2.98
3.88
2.83
2.65
2.2
0.56
0.87
2.46
1.25
0.89
1.93
4.25
2.76
0.78
0.34
4.73
4.78
2.73
4.45
3.44
1.36
3.74
2.57
1.53
4.55
4.49
0.79
3.74
3.2
2.56
2.5
4.76
2.11
2.76
2.24
0.33
0.21
4.66
0.58
1.58
1.61
2.57
3.26
4.94
3.34
0.46
0.04
0.27
4.23
3.07
1.44
4.03
2.69
3.43
0.83
1.66
3.29
4.77
0.71
3.55
0.64
3.62
1.38
1.69
4.61
0.1
0.61
1.41
4.71
0.72
2.81
4.9
3.68
0.28
0.81
2.67
1.34
1.2
0.32
3.6
3.7
4.17
4.05
2.29
1.77
2.87
4.77
4.37
3.04
4.67
0.82
1.69
1.38
1.74
0.37
1.86
4.88
1.79
1.39
0.08
0.97
4.33
4.14
3.67
3.64
