3.28
1.02
1.97
3.97
4.05
3.45
1.35
0.15
4.24
2.27
0.8
0.07
3.31
3.1
1.83
2.07
0.75
1.9
0.66
1.03
4.75
0.54
0.71
2.8
4.94
2.13
2.99
4.1
1.18
2.57
0.21
2.71
4.27
1.11
0.09
2.26
3.68
3.28
2.27
2.88
0.78
0.61
4.13
3.89
0.56
0.42
3.6
0.49
5
3.69
0.62
4.03
0.5
0.63
1.84
2.74
2.41
1.72
0.57
0.85
1.11
0.78
2.26
1.5
0.56
4.04
1.94
1.64
3.31
3.79
1.78
4.33
3.73
1.41
2.58
0.21
3.37
3.1
3.89
1.75
3.35
3.81
2.88
3.98
0.36
1.31
4.25
4.43
2.28
3.77
3.96
4.36
1.88
2.37
3.9
2.24
0.29
0.23
3.76
1.49
3.13
2.43
3.84
1.73
1.19
2.1
3.9
4.55
4.62
3.06
1.09
2.53
0.63
0.43
1.26
3.87
0.85
3.75
4.46
2.57
0.51
3.99
2.21
4.01
3.54
4.33
4.52
0.67
3.06
0.94
3.89
1.27
4.18
0.08
2.92
0.6
1.87
1.07
3.59
3.52
1.24
0.7
4.63
4.16
3.65
3.3
3.34
4.03
3.43
3.62
3.98
2.39
3.35
3.77
0.7
0.3
0.45
4.43
0.86
1.46
3.25
4.86
1.16
0.89
2.77
0.72
4.66
4.8
0.31
0.48
0.73
2.32
4.86
1.75
0.1
1.81
3.68
1.91
4.94
2.62
1.1
2.2
1.01
2.35
4.21
4.11
3.28
4.41
2.33
0.07
3.11
1.19
1.9
1.32
2.65
1.85
1.39
4.87
1.99
3.44
2.4
1.18
4.52
0.61
0.34
1.16
1.33
2.15
0.08
0.77
2.47
2
1.23
1.58
3.04
0.51
2.96
3.88
4.97
2.18
1.68
0.42
0.94
4.54
0.19
2.24
0.21
3.61
0.47
3.57
1.64
3.61
3.8
4.27
0.15
2.39
2.35
1.55
1.36
4.22
0.94
1.06
0.11
4.12
3.35
4.61
1.77
0.35
3.26
1.9
1.07
0.11
1.53
3.66
2.07
3.38
1.73
2.97
3.88
3.4
1.34
3.14
3.49
2.88
4
4.12
3.82
0.93
0.34
0.77
2.61
1.07
3.12
4.89
2.67
4.58
4.65
2.36
0.98
2.75
0.06
1.26
1.27
2.53
1.33
2.22
2.14
4.88
3.2
2.04
3.85
4.62
4.02
3.77
4.88
2.44
1.47
0.85
2.11
3.6
3.08
0.29
4.95
0.09
4.6
2.6
3.11
2.27
1.72
4.38
0.06
4.78
0.1
1.34
0.36
3.1
3.72
2.85
3.33
4.26
3.03
3.29
4.02
4.99
3.54
1.18
0.55
4.48
2.98
1.54
2.77
2.28
4.15
4.61
4.42
0.08
4.13
0.23
2.15
2.38
3.71
1.25
4.61
2.36
1.91
4.24
3.49
0.24
2.74
1.27
4.94
0.98
4.52
4.98
4.87
0.79
4.34
2.55
1.41
0.9
4.3
3.92
3.86
3.45
2.72
0.78
4.43
2.49
2.48
3.58
1.56
3.56
2.76
4.38
0.55
2.33
0.18
4.61
2.19
2.75
2.8
4.91
4.52
3.49
1.09
2.02
3.11
3.82
0.31
4.17
2.94
4.75
4.95
3.94
4.65
3.43
2.39
3.76
4.57
4.41
1.63
3.06
3.77
0.92
2.29
1.22
0.02
1.55
1.48
4.42
2.06
0.52
0.13
0.45
4.64
0.66
1.23
2.09
0.39
2.11
0.47
3.08
4.69
4.68
2.03
4.83
4.99
4.79
4.59
2.63
1.7
2.45
2.6
2.68
3.87
4.71
3.95
2.71
0.69
4.8
3.62
0.05
0.76
2.05
3.39
3.39
4.49
0.89
1.15
1.84
2.19
3.96
0.1
2.37
1.14
2.52
1.65
1.76
2.71
3.86
0.1
3.42
4.53
1.03
2.05
2.75
1.04
4
4.31
4.43
3.42
0.3
1.91
3.38
0.95
0.37
2.37
0.84
3.87
0.67
2.79
3.18
4.65
1.09
0.72
4.38
0.69
3.95
1.22
1.29
2.87
1.43
2.45
2.83
2.28
2.62
1.59
3.45
4.13
4.02
3.34
0.13
3.43
4.86
2.98
4.66
1.47
1.18
2.29
4.49
0.65
3.38
3.66
3.24
4.87
2.68
1.55
0.93
1.31
4.09
2.87
1.78
3.6
3.61
0.46
3.12
4.29
0.61
0.85
1.9
3.31
0.42
2.23
0.32
1.71
1.56
4.52
2.99
2.26
4.02
4.39
2.56
4.82
4.05
0.54
2.47
2.87
4.35
2.13
0.07
0.93
3.28
0.51
0.93
0.54
1.28
4.62
2.91
1.71
0.55
4.45
2.8
3.53
2.31
1.54
4.15
4.12
4.37
3.57
3.63
4.54
2.4
0.8
2.99
1.18
2.62
1.1
3.23
2.37
0.95
1.54
2.78
3.63
2.24
1.48
4.52
0.1
1.95
4.22
2.27
4.39
0.52
0.44
4.79
4.78
2.82
4.05
0.2
2.03
1.32
4.71
0.37
4.18
0.02
3.05
4.06
2.05
1.51
3.81
3.89
4.97
3.54
3.61
0.18
4.96
4.28
1.75
4.86
0.27
2.49
0.47
0.69
4.62
1.38
1.58
4.4
4.91
0.12
4.51
1.26
0.39
0.07
0.81
1.81
4.88
3.05
3.47
2.76
3.53
4.79
1.96
2.69
2.47
2.57
3.39
2.45
0.66
3.63
0.48
3.7
3.65
1.45
4.44
1.99
2
2.31
0.69
4.53
0.02
1.15
2.75
3.79
1.36
1.61
0.62
0.82
4.27
1.57
1.38
4
1.65
4.95
2.04
3.12
2.21
1.77
0.52
0.69
4.22
1.82
2.57
3.45
1.02
3.48
3.59
3.18
2.35
0.45
1.62
0.54
4.77
3.21
0.32
3.58
1.61
0.87
4.13
4.56
4.13
0.19
1.56
2.46
2.78
3.07
0.74
4.65
1.08
1.85
3.69
3.47
4.7
2.19
4.07
2.08
2.47
3.71
0.62
2.85
0.13
3.21
4.19
2.59
2.46
3.06
0.49
4.7
3.72
2.21
1.43
1.57
1.32
2.58
3.32
3.44
2.5
2.41
3.25
4.57
3.34
2.77
4.27
2.49
0.08
4.34
2.22
4.5
4.1
4.5
4.02
5
2.95
2.35
2.25
3.87
4.81
3.25
3.83
2.24
3.46
1.45
2.55
4.63
3.14
4.46
4.14
3.95
0.48
0.06
2.18
4.27
1.77
4.27
4.15
3.64
1.23
2.02
1.02
4.61
4.46
1.12
1.56
0.57
1.11
3.63
4.88
1.11
3.35
4.28
1.97
1.09
0.1
0.19
0.46
4.16
3.24
0.07
1.2
5
3.8
1.83
0.88
1.73
1.08
0.51
4.64
1.46
3.08
1.23
1.56
4.38
2.53
1.5
4.1
3.02
4.08
1.88
0.24
4.88
2.54
0.93
0.29
3.57
1.11
1.65
1.33
0.79
2.95
1.05
1.36
1.63
3.16
3.28
4.98
3.42
3.88
1.51
2.22
2.23
1.03
4.63
0.85
4.8
0.42
3.32
1.53
2.23
1.49
4.62
4.72
1.64
4.32
1.44
1.7
2.79
3.33
3.61
2.03
1.61
1.2
2.05
3.44
0.98
4.76
3.95
2.07
0.4
4.27
3.19
3.36
1.27
0.02
0.82
4.66
3
3.06
4.32
2.16
1.14
3.3
1.53
0.64
0.76
1.85
1.38
2.02
3.77
1.36
3.6
3.62
2.01
1.3
3.61
0.12
2.98
2.33
3.25
1.27
3.3
3.71
1.55
1.88
0.24
4.95
1.73
1.94
4.24
3.27
4.02
1.87
1.95
0.34
4.6
4.93
2.25
2.48
1.57
0.38
0.25
4.05
2.63
2.45
3.3
2.86
3.51
0.52
0.2
4.4
4.66
1.86
1.18
0.47
3.04
2.22
1.72
1.92
3.7
4.39
0.89
0.08
2.25
4.7
0.96
4.13
1.15
0.46
0.94
2.42
1.51
4.4
1.88
0.89
2.78
2.09
2.13
4.89
1.21
3.33
3.66
2.83
0.7
2.98
3.8
2.9
1.8
0.77
3.57
2.29
0.26
0.39
1.07
3.66
0.78
3.29
2.22
2.92
1.37
1.85
0.16
0.08
0.32
0.41
3.55
3.72
3.73
4
2.34
3.67
1.74
0.35
3.32
3.05
3.23
2.98
4.51
2.87
1.27
0.14
1.4
1.95
3.69
0.38
4.09
0.24
1.21
4.89
1.05
3.34
0.57
4.69
3.9
0.62
4.3
3.48
0.56
4.53
3.83
2.64
2.72
3.49
1
1.11
4.41
4.6
0.7
2.6
4.46
3.27
0.3
0.87
1.78
3.72
3.53
0.14
2.58
1.97
3.64
1.3
1.09
4.67
1.98
3.17
4.43
1.5
4.48
4.22
2.14
0.46
3.41
2.09
1.23
0.52
3.36
1.44
3
0.75
4.8
1.62
4.01
3.59
0.49
4.27
4.47
4.47
1.65
4.86
3.76
3.35
2.5
3.81
1.96
4.2
4
2.6
4.98
1.8
2.85
3.52
3.58
3.57
4.69
1.29
0.58
0.03
0.8
0.01
4.97
0.91
1.6
1.17
2.04
2.01
3.16
3.99
1.58
2.73
1.58
3.93
3.46
0.32
3.57
2.4
4.46
4.75
3.49
0.83
1.75
4.01
2.95
2.71
1.7
0.25
4.27
2.01
4.92
4.42
0.08
0.65
0.18
1.79
3.37
1.36
2.41
1.54
1.12
4.42
0.63
2.37
3.2
4.82
2.97
1.07
4.19
1.67
4.22
4.31
1.33
1.1
1.1
1.01
2.4
3.33
2.4
0.39
4.98
2.07
3.42
1.5
1.2
2.64
3.29
1.93
4.11
3.15
0.55
0.36
3.99
1.6
4.85
4.17
2.48
4.15
0.84
0.48
1.54
0.54
4
1.67
4.11
4.27
3.8
2.29
1.27
1.6
4.92
1.66
1.16
0.41
4.9
3.84
2
4.88
3.75
0.02
0.2
1.31
3.87
3.3
2.76
1.64
2.36
0.26
4.28
3.63
3.04
0.66
4.28
1.43
1.49
1.1
0.79
3.13
1.87
3.71
0.4
2.07
3.39
3.27
0.05
0.2
2.43
1.29
0.32
1.97
4.5
4.38
0.32
2.62
0.25
2.56
3.14
1.08
1.16
4.94
0.26
4.7
4.76
2.09
0.02
2
4.14
2.52
2.82
1.6
2.6
4.78
3.48
3.06
3.21
3.01
0.68
3.38
0.15
0.56
3.55
1.55
3.77
0.34
2.74
2.61
3.89
4.84
4.31
1.65
3.77
2.16
1.36
0.68
2.83
3.08
2.87
3.52
4.64
3.11
1.57
3.84
1.39
4.49
1.75
3.72
3.87
3.34
0.53
3.67
3.54
4.15
2.11
3.6
0.59
3.43
0.19
3.87
2.16
4.47
1.11
1.68
3.83
3.38
2.78
1.82
3.02
1.78
2.2
2.23
0.89
3.48
0.35
3.76
3.59
2.54
2.34
4.1
4.1
3.97
1.96
1.54
4.24
1.43
1.79
4.64
2.57
3.35
0.29
1.62
1.55
1.94
1.63
4.64
0.87
0.01
2.5
1.41
3.61
0.29
0.44
3.75
2.7
0.31
0.8
2.35
2.48
2.33
1.15
1.58
0.93
2.18
2.75
2.54
3.34
0.35
0.45
4.25
2.12
1.08
4.37
1.56
3.67
3.63
2.85
4.68
1.9
2.69
1.95
0.22
2.84
3.65
0.04
0.95
0.93
4.48
0.3
2.03
1.23
0.31
0.89
4.96
4.5
3.28
2.08
1.17
1.5
0.14
2.1
0.94
4.31
2.63
4.22
2.54
3.67
2.03
3.21
2.84
1.77
0.27
4.96
1.98
0.61
4.25
3.2
2.04
1.52
2.44
2.9
4.72
3.08
2.06
2.57
2.05
3.82
1.14
4.77
3.12
4.18
2.1
1.64
0.02
0.22
4.61
0.77
1.42
2.34
4.2
3.89
3.89
3.41
2.12
3.95
3.33
1.75
1.53
0.78
3.85
1.23
4.34
1.41
3.08
1.89
4.1
3.67
4.36
1.34
1.62
2.48
2.36
2.65
4.41
2.33
2.19
3.32
4.2
2.05
3.84
1.67
3.81
2.02
3.13
3.11
1.34
0.77
2.47
4.59
3.53
1.7
2.79
2.06
2
4.06
4.06
3.2
3.69
1.28
3.92
2.56
1.84
1.35
4.73
0.58
1.91
2.3
1.89
4.83
2.91
2.01
0.49
0.34
0.7
0.06
2.24
4.85
4.16
2.16
2.25
1.39
0.73
4.68
2.8
0.88
2.72
1.11
2.12
4.37
0.44
1.21
2.73
0.57
0.63
2.4
4.51
0.43
0.41
1.79
1.46
2.39
3.42
3.73
0.12
1.33
2.58
1.44
1.3
2.61
1.74
1.52
4.41
3.43
0.45
1.59
4.25
4.43
1.39
4.27
2.51
3.77
2.95
3.73
2.96
1.66
2.37
3.77
3.91
0.34
0.82
1.46
3.22
4.39
3.59
2.75
1.03
3.27
3.39
0.28
0.02
2.43
0.17
1.68
3.22
2.68
2.03
1.88
3.64
0.61
4.37
4.89
4.2
4.96
1.46
3.77
4.29
3.28
1.6
4.7
1.26
4.9
0.9
2.45
2.15
2.65
2.17
2.63
2.13
4.8
0.99
3
1.25
4.37
1.39
4.97
4.94
3.45
2.04
1.24
3.33
1.45
1.96
0.69
1.29
1.48
4.22
3.76
2.25
1.61
0.24
1.26
1.81
2.73
3.38
3.79
0.07
3.35
3.61
2.82
1.39
4.73
0.71
0.43
0.89
2.23
3.27
4.01
2.87
1.23
1.59
2.94
1.61
4.84
3.25
0.06
3.8
4.38
2.7
2.74
0.15
0.92
4.45
2.5
0.06
3.09
0.15
2.67
2.5
1.07
0.36
4.21
2.68
3.71
4
0.8
4.1
0.36
1.42
2.1
0.04
0.72
2.09
2.52
3.09
0.68
2.73
3.13
2.82
4.86
4.86
0.18
1.5
3.48
3.71
3.88
1.42
3.82
1.04
2.16
4.69
3.92
5
3.44
2.83
0.64
4.4
1.92
0.44
4.2
2.67
1.04
4.87
2.59
2.13
3.35
4.6
0.44
0.37
0.48
4.39
2.77
0.44
2.65
1.03
3.69
4.36
1.72
2.37
2.53
0.75
3.29
4.59
1.68
3.27
4.01
2.16
2.98
1.24
2.36
4.09
2.89
2.62
2.57
2.77
0.05
0.75
2.03
2.6
4.68
4.93
2.9
0.83
4.25
2.84
4.58
3.93
3.88
1.87
3.64
4.66
3.66
4.71
1.31
1.11
0.64
4.27
2.82
0.63
0.06
2.57
4.85
3.45
0.48
0.95
4.05
0.46
0.25
1.39
0.46
3.01
2.02
2.27
2.08
3.79
2.6
3.1
0.56
0.65
0.13
3.5
2.31
1.51
4
1.35
1.81
0.83
3.03
1.06
4.5
2.48
2.14
3.3
2.73
4.81
4.3
4.08
2.74
3.41
0.88
3.29
3.04
0.34
2.25
3.91
2.81
4.41
4.37
3.35
0.79
3.73
1.28
4.09
3.77
2.62
3.54
0.11
2.47
0.52
0.09
2.07
1.83
3.23
0.04
2.98
0.28
2.76
2.8
4.7
4.56
1.46
2.35
0.26
0.75
4.76
4.25
1.4
0.97
1.8
0.61
3.36
1.71
2.57
4.25
1.81
2.5
3.81
2.08
4.85
0.21
2.62
1.7
4.83
4.63
4.19
1.65
0.45
1.23
4.36
2.45
3.36
1.65
0.27
4.34
4.98
2.26
2.78
4.21
0.88
3.82
2.9
1.99
2.21
4.58
4.61
3.61
0.5
0.15
4.49
0.61
3.73
1.01
3.24
1.17
1.67
0.41
2.56
0.69
4.84
0.67
3.43
0.47
0.85
1.13
4.27
0.73
1.87
4.5
4.03
0.83
3.59
3.96
0.54
0.55
4.57
2.54
1.92
1.39
4.5
1.25
3.61
1.26
1.92
1.62
3.89
3.85
4.5
1.01
0.02
1.51
4.63
2.44
3.21
4.14
3.06
0.44
4.77
2.99
1.91
1.33
3.01
0.18
1.49
3.04
1.28
4.02
0.44
2.18
0.17
2.23
2.05
1.93
4.35
3.13
3.3
3.73
0.61
0.03
2.4
1.79
2.63
1.12
1.92
0.42
0.55
2.14
0.08
2.42
0.1
3.53
4.81
0.81
1.32
2.11
3.19
1.52
2.05
3.73
0.25
4.8
0.61
4.76
3.79
0.84
0.32
4.77
0.7
0.8
4.16
3.53
2.68
0.08
1.3
3.02
2.63
1.58
4.95
2.81
1.36
4.67
3.6
0.05
4.99
0.06
0.95
2.26
1.26
3.76
2.57
2.89
3.44
3.29
2.73
4.16
1.13
3.29
1.47
1.21
3.03
3.77
4.39
1.75
0.79
2.66
1.03
3.52
0.41
3.55
4.44
2.03
0.4
1.81
3.88
0.45
2.15
1.21
2.19
1.57
3.2
1.55
0.87
1.31
0.9
4.76
1.76
3.37
3.98
0.64
0.24
3.5
2.97
2.04
1.79
4.82
1.63
0.84
2.58
3.56
3.79
4.19
0.08
0.26
1.37
4.2
1.53
2
3.58
0.55
2.3
1.85
0.95
1.39
3.21
3.23
4.51
4.12
1.37
4.72
3.05
4.94
3.7
2.12
2.01
4.72
2.92
3.26
1.1
0.12
2.3
0.62
0.31
1.53
3.84
4.24
4.73
3.52
2.63
2.82
2.65
4.79
2.02
2.57
1.27
3.82
2.09
1.7
4.56
0.59
3.87
4.11
2.53
2.71
1.4
4.01
2.72
1.2
4.45
4.43
0.43
4.75
0.81
2.12
4.29
4.41
1.02
5
4.29
0.98
4.53
3.46
0.86
4.64
0.79
0.84
0.41
0.35
3.25
4.08
0.46
4.15
3.46
4.84
1.16
1.24
0.85
2.42
3.86
0.56
2.97
3.41
4.61
4.28
2.65
0.72
2.84
4.06
2.34
1.61
2.98
1.77
2.25
4.01
3.84
3.57
4.81
2.18
0.3
0.09
0.51
0.72
1.93
4.4
3.9
3.58
0.19
0.4
4.79
3.59
2.63
0.6
2.09
4.82
3.11
4.29
4.29
1.41
0.82
0.94
0.15
4.75
3.73
0.61
2.94
1.01
0.38
3.33
0.33
0.17
0.51
0.16
2.04
0.88
2.43
2.45
1.6
4.15
3.4
4.91
0.49
0.69
4.11
1.3
0.29
0.27
3.21
0.2
0.04
3.09
0.18
3.27
2.48
1.57
3.98
3.85
1.73
2.41
0.16
4.55
4.3
2.44
1.54
3.45
4.08
2.2
4.51
4
4.09
0.35
4
2.57
3.2
3.27
3.6
3.17
3.77
0.97
3.39
4.71
3.14
1.15
3.64
3.12
2.02
1.19
3.04
0.67
2.7
0.09
2.58
2.42
2.21
0.99
4.88
2.65
2.5
2.79
1.76
1.51
1.4
1.79
0.59
3.29
4.43
1.36
3.44
3.22
4.31
3.85
3.27
1.7
0.17
1.76
2.68
3.22
2.17
4.27
2.5
1.75
1.65
4.51
0.35
0.33
0.23
2.3
1.27
0.09
1.67
2.61
1.78
1.88
4.66
2.49
3.15
0.71
1.02
2.83
3.64
0.79
2.07
1.18
1.28
3.08
3.87
2.78
0.69
4.65
0.57
3.48
4.96
2.54
0.64
3.57
0.57
3.26
1.5
2.04
0.55
0.35
0.24
3.91
4.07
1.07
0.25
0.33
4.03
1.72
0.37
4.65
0.38
3.36
3.42
2.89
0.71
1.17
0.01
3.45
0.28
4.86
0.01
2.34
3.94
1.1
4.53
3.55
1.98
3.74
1.57
1.3
1.95
4.71
4
2.33
3.29
3.31
3.91
3.15
1.2
4.9
2.48
3.24
0.98
3.68
1.82
2.74
1.49
3.67
2.21
2.78
4.96
3.61
1.6
2.77
1.83
2.32
2.76
2.57
4.09
1.83
2.05
4.82
0.12
4.76
1.29
4.65
1.14
3.18
3.13
2.7
2.29
2.63
2.68
4.5
0.59
3.82
3.34
4.39
3.23
3.93
3.25
2.8
4.84
3.83
4.55
4.42
1.46
4.71
3.91
3.44
2.7
1.08
3.43
1.81
1.4
0.82
3.47
1.67
3.25
2.77
1.19
1.3
4.77
0.59
3.51
4.53
3.12
2.02
1.22
1.07
1.72
1.84
3.47
0.59
0.35
0.4
0.84
1.03
3.26
0.48
3.03
1.13
3.29
3
0.62
1.85
1.01
4.14
4.59
1.27
3.22
1.22
2.53
4.7
1.35
3.33
4.22
4.46
1.11
1.73
3.11
4.1
1.44
3.95
0.29
0.09
0.09
2.99
4.71
2.64
1.68
0.24
4.73
3.85
4.74
2.42
3.42
3.12
1.16
4.85
1.42
3.58
4.74
4.65
3.7
3.84
4.74
1.61
3.82
4.95
2.23
3.49
4.2
4.32
3.04
2.96
0.11
1.43
0.8
1.68
1.58
0.98
3.06
4.11
2.12
1.85
0.49
4.76
3.49
2.16
4.59
3.68
1.17
3.19
4.45
4.71
4.24
3.39
2.24
0.69
3.03
3.35
1.03
3.68
2.62
2.93
3.75
4.45
2.51
3.78
4.41
4.2
