4.77
0.4
0.81
0.05
1.41
1.65
1.26
4.18
2.21
4.74
1.95
0.57
3.76
2.16
3.65
2.85
1.5
1.55
0.12
4.95
4.63
3.82
4.71
1.91
1.07
0.23
2.01
0.86
4.48
4.17
4.76
1.22
2.86
4.03
4.17
4.67
1.76
2.19
4.65
3.34
2.58
4.46
2.7
3.21
2.33
1.88
2.59
3.32
1.01
3.66
2.22
1.4
4.11
3.29
2.9
0.42
2.65
2.22
4
4.44
0.71
0.94
4.76
4.05
2.57
2.92
1.04
1.44
0.47
0.63
3.9
4.09
4.8
0.02
2.2
1.23
2.68
4
3.39
4.81
1.57
3.92
3.44
3.73
2.19
1.59
2.04
1.91
2.68
4.21
1.92
4.65
0.04
1.29
4.39
4.59
0.21
1.36
3.53
3.09
3.02
0.63
0.78
3.03
3.42
0.25
2.6
0.1
0.01
1.39
3.11
0.52
2.18
3.38
2.63
1.48
3.4
3.49
3
3.46
1.59
0.97
4.03
2.04
4.34
1.77
1.05
2
3.84
3.76
4.95
3.49
1.35
4.73
0.63
3.59
4.05
2.95
3.86
1.4
1.65
3.43
3.69
2.34
2.04
2.7
4.25
1.32
3.47
3.39
3.94
0.43
3.52
3.56
2.96
0.82
1.81
3.4
3.98
1.38
3.66
4.39
0.08
0.91
1.34
3.61
3.79
0.9
0.39
1.17
4.73
2.51
3.54
3.87
1.94
1.71
1.81
1.77
2.98
0.19
3.82
2.64
0.25
0.95
0.75
0.29
0.38
2.25
4.91
0.76
0.14
4.97
0.91
4.42
1.75
3.87
4.87
3.68
2.38
3.26
0.82
2.93
2.73
0.21
0.12
1.29
2.02
1.46
2.11
4.07
2.75
2.89
4.51
3.56
1.9
4.95
2.09
4.78
4.1
4.43
2.85
1.36
4.68
1.26
1.13
1.93
1.24
1.01
4.18
2.59
4.99
1.84
2.42
0.72
3.65
4.59
2.17
4.47
0.24
2.33
1.81
4.53
4.05
4.1
4.93
1.73
0.35
4.7
1.24
1.09
2.89
1.15
1.4
0.01
0.52
3.79
2.19
1.13
1.69
1.51
0.34
2.1
1.16
1.57
4.99
0.8
0.68
2.37
0.07
3.96
1.79
3.03
3.64
0.18
0.26
4.25
0.22
0.05
0.95
3.85
3.14
1.04
3.13
2.14
4.96
4.77
2.38
5
2.47
2
4.61
2.01
0.11
2.8
0.69
3.54
2.92
3.06
3.61
2.66
0.54
1.81
4.88
4.67
1.21
1.92
0.63
1.41
3.44
0.7
4.83
2.48
0.19
1.38
2.44
4.6
3.75
1.47
0.83
3.97
3.05
4.88
3.49
3.53
1.94
1.67
3.55
3.04
1.08
3.08
1.13
1.86
3.21
4.68
2.47
2.19
2.54
3.59
3.71
1.7
2.8
4.43
4.49
2.73
2.89
4.29
3.16
2.79
0.14
3.57
3.33
2.79
0.85
3.73
3.4
4.77
3.48
4.59
1.5
0.95
0.81
3.8
2.63
2.77
4.53
0.64
1.56
1.68
2.65
0.78
4.12
1.6
4.53
4.5
3.39
3.24
3.26
4.24
3.14
1.17
0.45
2.47
0.37
2.69
1.12
4.75
1.77
3.93
2.43
3.26
1.54
2.91
0.15
4.14
3.95
3.87
1.12
4.73
3.74
0.79
4.89
1.3
0.52
3.4
1.86
4.4
2.39
4.45
2.51
4.5
3.08
3.74
3.09
2.56
2.02
3.23
1.02
1.14
2.4
1.79
4.63
0.16
4.57
3.52
0.24
1.95
0.06
2.17
1.51
2.88
2.35
1.81
0.73
1.01
1.42
3.32
2.98
3.94
4.66
2.63
4.68
2.98
2.25
2.17
1.73
1.94
0.52
3.29
4.06
1.29
4.7
0.95
1.33
4.11
4.84
3.46
2.45
2.29
3.97
2.71
3.6
2.89
4.48
0.29
0.71
4.27
0.85
2.39
0.19
0.12
3.71
4.15
4.97
1.79
1.51
4.95
2.07
0.61
4.95
3.78
1.47
1.18
2.95
2.06
2.3
3.69
2.96
3.53
2.04
3.78
3.37
1.19
0.39
2.42
0.69
4.84
1.6
2.5
4.14
4.2
2.96
4.37
2.17
4.9
1.23
0.01
1.08
3.81
4.07
0.24
4.73
2.47
0.69
0.88
1.53
2.81
0.42
3.45
1.61
1.58
4.92
4.5
2.19
4.9
1.54
2.22
1.66
2.3
3.78
4.56
3.71
0.81
4.67
3.92
0.77
2.12
0.9
0.37
0.29
3.44
2.65
0.25
2.95
0.47
4.2
2.61
3.49
1.07
4.7
3.66
0.65
3.8
3.43
0.57
2.33
2.37
0.08
0.73
0.16
1.18
3.57
3.68
5
1.05
1.4
1.97
0.87
4.43
1.46
0.42
4.86
0.13
4.49
4.54
3.07
4.47
4.44
4.55
3.45
1.52
3.88
0.29
1.64
4.72
4.66
2.22
3.92
3.21
0.07
2.66
0.2
2.28
2.79
0.27
1.81
2.82
1.42
4
4.35
3.11
2.67
4.69
3.16
4.86
0.09
4.17
2.34
3.25
4.03
3.36
4.95
0.52
0.36
0.23
4.84
2.36
0.28
2.68
4.28
2.9
0.53
3.99
3.39
0.3
2.81
4.71
1.92
2.74
0.86
2.5
4.22
2.3
0.73
2.45
3.49
4.99
2.95
4.93
0.79
4.32
2.25
4.47
1.1
0.7
1.7
0.53
3.7
2.97
3.7
1.94
0.19
0.49
4.92
3.23
3.26
2.12
1.67
2.69
3.02
2.98
3.55
4.33
4.77
1.39
1.62
4.75
4.26
1.14
1.04
3.14
4.34
4.72
1.7
1.25
0.67
2.78
0.45
2.97
3.61
3.47
4.01
4.72
0.34
4.7
4.08
3.1
4.94
1.11
0.92
3.46
0.02
3.42
3.47
0.85
3.09
0.3
0.37
1.15
4.74
3.63
0.08
0.41
3.95
1.2
1.38
3.02
1.62
1.65
3.03
1.74
2.02
1.16
2.82
2.96
4.12
4.7
3.64
0.58
2.65
1.5
3.59
4.8
4.82
2.7
1.78
4.79
3.38
1.72
1.74
1.28
4.2
3.76
2.47
0.12
1.6
0.63
2.71
1.09
3.04
2.29
0.01
4.83
0.96
1.65
4.12
2.79
1.63
4.46
4.9
1.96
1.2
4.67
1.57
4.66
4.78
0.92
4.85
2.33
0.8
4.98
2.88
3.82
3.5
3.75
3.84
3.11
4.22
3.45
2.16
3.88
1.25
3.16
3.41
0.07
3.15
0.4
1.81
4.28
3.65
4.35
3.57
1.42
0.43
4.59
0.28
1.75
2.57
1.46
3.22
4.16
0.87
3.41
1.33
0.01
4.26
2.45
4.11
4.69
0.98
3.08
2.07
3.47
2.07
1.34
1.61
4.34
3.59
2.81
1.58
2.03
1.34
4.56
1.37
2.73
1.02
0.02
4.84
0.86
1.61
2.52
0.46
3.61
1.77
0.84
2.75
3.47
2.05
0.62
0.09
1.87
4.39
4.98
2.97
4.64
1.25
0.13
4.86
3.04
4.97
1.26
0.31
3.15
3.25
4.41
1.57
3
3.82
1.6
2.15
2.82
1.83
2.76
3.16
2.31
3.54
0.98
1.83
3.13
3.63
1.25
0.06
2.88
4.26
1.6
3.05
0.76
4.16
2.73
3.38
2.35
1.06
1.09
2.06
3.35
1.58
0.89
4.16
0.33
4.11
0.59
0.83
4.58
4.59
4.91
0.76
1.72
4.67
3.72
3.24
3.68
1.28
2.79
0.69
0.87
3.87
4.97
3.1
0.51
0.71
3.37
3.39
0.63
1.35
3.44
1.1
1.48
2.04
4.95
1.09
4.06
4.61
1.25
2.54
1.22
0.69
3.93
3.36
4.43
4.96
1.82
3.85
3.41
4.34
1.9
0.95
0.15
0.97
3.26
3.66
1.7
3.6
2.62
4.77
0.34
1.54
0.08
0.21
4.24
4.78
2.04
2.61
4.5
2.45
4.39
2.35
0.51
3.7
4.23
4.69
0.15
3.74
2.2
1.22
4.36
1.46
3.9
0.31
4
3.93
2.85
3.1
0.36
1.08
0.13
4.66
0.78
2.35
4.82
3.77
0.45
0.52
0.59
1.37
2.11
2.46
3.07
0.91
2.26
4.75
1.67
1.73
3.09
4.45
4.7
2.42
2.1
1.7
1.62
1.41
4.86
1.34
3.26
3.37
4.42
1.29
2.34
3.49
1.33
1.57
2.39
0.25
0.61
2.93
2.34
2.02
1.03
0.36
0.5
2.72
2.04
3.32
1.08
1.13
3.02
0.13
0.87
1.75
4.69
0.25
3.65
0.16
3.15
1.32
0.84
4.91
3.82
4.68
3.94
3.76
2.97
4.44
3.37
3.96
1.6
1.8
0.72
2.08
3.87
2.03
2.07
4.97
2.73
2.59
2.86
4.43
4.9
2.53
0.71
0.48
3.48
1.04
2.46
3.17
2.63
4.53
1.76
2.98
4.73
1.47
1.3
0.07
1.39
0.93
0.78
0.75
3.36
3.43
4.18
1.59
2.59
0.95
3.3
3.73
1.64
2.35
4.63
2.82
4.11
2.93
1.59
3.55
3.05
4.5
4
1.19
0.8
3.22
0.14
4.86
3.42
4.58
3.81
2.74
3.18
0.93
3.17
0.29
0.6
1.77
3.63
0.39
4.78
1
4.86
2.09
1.77
1.31
2.87
0.34
2.62
0.22
1.78
3.6
2.87
0.69
2.36
1.26
0.79
4.44
0.62
3.34
1.77
3.12
0.23
4.51
3.18
4.52
4.37
2.91
2.32
0.7
4.25
1.77
4.53
0.11
3.21
4.99
3.46
0.17
4.37
0.36
3.98
0.44
2.12
1.9
1.4
3.55
2.8
3.78
3.26
1.17
0.6
0.56
4.88
3.75
1.1
2.9
2.09
3.92
2.79
2.79
3.49
0.88
0.49
1.69
4.19
2.06
3.17
4.75
2.38
3.57
0.48
1.78
3.49
2.43
4.63
2.65
2.77
2.27
1.69
3.48
4.13
0.76
2.14
2.66
2.4
2.27
2.2
3.63
0.91
1.32
3.55
2.37
0.26
4.05
4.85
2.73
0.01
1.78
1.76
2.77
1.95
1.74
4.86
0.92
2.37
4.89
3.42
0.97
3.5
2.82
1.07
2.09
2.44
1.19
2.91
4.27
1.16
3.93
0.38
3.49
2.15
1.25
4.74
3.22
4.12
4.51
2.59
1.42
1.44
1.92
3.9
0.24
0.29
2.74
0.4
2.36
2.63
2.26
3.37
3.42
2.48
4.57
3.31
4.64
4.59
2
3.75
2.1
2.36
3.18
4.32
0.12
3.21
4.21
0.43
1.55
1.56
2.34
1.03
3.61
4.79
3.82
0.48
3.22
1.44
0.63
2.31
1.31
0.5
4.28
0.38
2.25
2.16
2.54
4.46
4.11
1.61
3.67
1.41
0.33
4.56
2.87
0.68
2.41
4.38
1.45
1.13
3.18
3.21
4.89
4.37
0.66
0.08
4.43
3.64
4.03
0.92
2.81
3.83
0.29
2.95
3.55
1.7
1.26
0.12
4.86
0.52
4.32
3.12
4.18
3.38
0.7
2.52
1.2
2.64
1.34
3.69
2.37
1.98
1.99
4.27
2.58
3.89
1.04
0.89
4.68
2.71
0.08
0.89
1.25
2.23
4.24
2.64
3.22
3.76
1.93
2.1
2.66
3.48
0.68
4.89
4.8
0.66
1.41
1.04
3.61
3.54
0.49
4.13
3.26
0.51
4.1
2.21
2.15
0.59
1.26
0.83
1.26
2.61
4.08
0.7
4.8
1.98
2.78
2.69
0.57
2.7
3.86
1.44
1.04
2.46
3.73
2.36
0.8
3.49
3.75
1.51
2.36
0.53
3.69
0.66
1.01
2.15
3.09
4.04
2.74
4
1.57
0.87
0.63
4.31
3.98
3.69
4.46
1.03
1.56
0.17
4.03
4.82
0.82
0.38
1.42
2.05
1.32
2.73
4.8
4.2
2.61
3.42
1
0.82
4.29
0.02
3.78
1.2
0.84
3.13
1.5
1.97
3.94
3.03
3.09
0.08
1.04
0.29
4.42
3.36
3.63
2.67
3.1
0.72
2
2.93
3.36
0.13
4.34
2.47
1.24
1.52
0.82
4.52
1.87
3.97
4.37
4.29
2.79
2.87
1.11
2.05
1.26
0.2
2.25
2.66
3.89
1.58
3.99
0.53
2.41
0.17
4.29
0.6
2.21
0.09
0.53
1.05
2.56
4.06
3.36
2.51
1.06
0.09
1.05
1.65
0.65
3.18
3.91
1.57
4.13
0.37
3.15
3.96
2.86
2.27
0.93
2.09
1.09
2.59
3.07
4.32
2.75
0.72
3.83
0.85
4.48
0.12
2.26
1.31
0.39
0.04
1.32
3.66
1.79
0.93
0.62
4.67
1.15
4.33
1.87
0.2
0.02
0.58
4.96
4.51
4.73
0.51
0.43
1.59
3.82
3.96
2.05
2.8
4.76
3.83
1.89
2.57
2.91
2.54
3.22
2.79
2.57
0.85
2.66
0.53
0.19
1.22
2.39
0.27
4.38
3.92
0.89
1.02
3.13
4.46
0.88
3.78
4.34
2.27
4.72
2.07
3.12
0.09
1.55
0.63
4.52
2.74
0.19
3.13
4.26
0.66
2.35
0.39
4.59
3.34
0.57
3.78
4.51
2.43
4.94
2.42
1.67
3.5
2.46
0.75
3.54
0.02
0.94
3.34
4.28
2.88
4.03
2.77
2.43
0.06
1.86
2.85
0.92
3.8
1.07
3.99
2.19
1.49
3.16
2.77
2.09
2.92
0.97
1.61
2.46
2.81
4.65
3.41
0.15
1.77
1.38
0.49
0.15
4.86
2.12
1.55
3.73
0.5
2.1
2.76
3.69
2.09
1.1
2.75
0.03
4.72
3.72
0.12
4.59
1
4.41
0.95
0.54
3.44
2.58
4.54
4.98
0.81
2.19
3.72
0.62
4.01
1.64
2.45
0.12
3.85
4.87
3.56
2.11
2.15
2.28
1.15
2.19
3.22
3.13
0.34
4.04
0.2
0.73
0.05
2.36
3.54
2.74
4.12
0.98
0.35
3.26
2.23
4.8
3.07
1.61
0.29
2.94
3.58
4.38
4.74
4.91
2.48
0.43
0.5
3.55
0.31
0.02
0.06
0.17
0.83
0.97
0.61
2.12
4.43
0.94
0.83
2.94
4.31
2.65
3.92
4.65
4.67
2.38
3.23
4.58
4.07
1.35
1.55
3.28
4.93
1.8
4.51
3.85
3.58
3.26
3.4
3.61
0.97
4.34
1.17
3.95
2.97
1.41
1.54
1.23
2.48
3.49
4.85
0.25
0.55
1.95
3.19
3.71
3.62
1.73
1.84
1.54
4.9
4.19
3.57
2.56
1.28
1.48
2.31
1.66
3.78
0.6
3.84
2.11
4.41
0.17
4.62
0.99
1.34
4.73
3.85
2.74
3.83
1.72
0.46
4.27
4.71
0.99
0.67
0.68
0.63
0.92
3.4
2.8
3.65
3.88
3.99
4.88
0.87
3.47
2.99
2.84
2.74
3.89
2.13
0.77
1.2
0.41
2.14
2.99
0.86
1.97
1.67
0.51
2.69
3.32
3.4
0.04
1.5
1.69
1.62
0.02
4.87
0.56
4.19
2.92
4
0.16
2.32
4.37
4.19
1.45
1.47
0.05
4.53
0.06
1.36
1.36
4.06
3.83
3.05
3.15
3.24
0.46
2.91
3.98
2.69
2.36
2.08
2.84
0.56
4.05
1.62
4.03
2.62
4.92
1.14
0.87
0.87
2.14
2.41
3.89
2.78
4.13
3.38
3.99
2.93
0.2
3.29
2.04
4.36
4.58
1.96
3.04
2.99
2.29
4.07
3.68
1.2
2.51
1.55
2.9
3.07
3.82
0.59
3.69
4.08
0.39
0.39
3.02
3.3
3.79
3.83
0.95
2.49
0.02
1.55
0.1
0.74
4.83
4.35
4.44
0.91
0.54
1.83
1.68
0.92
4.34
2.4
2.35
2.19
4.48
4.71
4.36
2.72
0.65
1.11
4.63
4.25
0.67
3.46
0.58
3.34
0.9
4.92
4.92
0.73
2.02
2.97
0.6
0.53
2.38
0.46
4.5
4.86
2.49
0.26
1.48
1.05
0.35
0.34
1.48
2.88
3.66
0.48
1.59
1.43
0.82
4.74
2.72
0.19
3.25
0.22
3.43
3.46
0.69
1.12
0.78
4.22
0.46
3.49
0.63
0.02
0.13
4.89
3.39
4.77
0.77
3.47
0.93
3.94
3.21
1.05
1.85
3.51
3.62
0.99
0.14
1.18
3.01
2.28
4.51
2.43
4.59
1.32
3.42
2.53
2.69
0.1
0.7
0.96
4.88
1.29
2.06
2.58
3.2
0.93
0.04
5
2.29
2.59
2.16
0.97
4.7
3.6
2.43
3.88
1.83
4.85
1.47
1.17
0.09
2.23
4.65
3.63
1.76
3.41
3.19
2.27
1.8
4.57
3.17
4.51
1.29
4.74
0.61
2.43
1.65
1.5
0.52
2.68
4.91
1.71
0.46
1.5
1.39
3.05
3.56
2.94
3.49
3.65
0.32
0.72
1.29
4.44
2.85
0.85
3.16
0.31
1.1
3.13
1.61
1.8
1.3
4.61
1.09
4.77
2.85
4.21
3.6
0.57
0.17
1.6
1.74
1
1.11
3.51
4.23
1.88
4.63
3.71
4.01
0.09
3.2
0.35
2.57
0.01
3.92
4.97
0.33
4.61
0.09
1.58
2.28
1.79
3.2
1.04
2.75
1.57
3.38
1.71
4.64
0.23
1.36
0.69
2.4
0.98
1.1
0.69
2.22
4.13
2.21
1.01
1.75
1.73
2.21
2.17
1.54
0.9
1.54
3.17
0.32
1.4
4.28
3.4
3.38
2.22
4.83
3.25
3.72
1.63
1.41
3.36
1.08
2.28
0.98
1.22
4.12
1
2.11
0.07
2.64
0.9
3.07
3.99
2.46
1.05
0.58
2.43
0.03
4.45
4.17
2.01
2.36
0.37
0.74
3.74
2.75
0.12
4.64
0.75
4.21
1.77
2.65
4.13
1.28
0.89
3.11
2.42
0.55
4.82
1.72
3.51
4.33
4.46
4.65
0.45
0.4
1.37
2.14
4.16
3.22
1.94
0.89
4.43
4.97
4.28
2.49
2.97
4.33
4.82
2.17
4.83
0.02
1.13
0.57
2.23
0.41
0.41
0.24
1.7
2.94
1.49
3.94
4.12
0.28
4.67
4.63
1.63
0.12
3.86
2.45
4.6
3.66
0.62
1.81
1.08
4.83
1.4
2.61
2.77
0.05
4.17
2.94
1.07
2.12
0.31
0.49
4.57
3.42
1.41
0.55
4.77
3.78
2.71
1.23
3.92
3.9
4.63
3.51
1.36
4.87
0.9
4.51
4.65
2.86
1.21
0.83
4.98
4.94
2.25
3.29
3.28
1.81
1.53
4.94
3.4
1.58
0.54
1.59
2.92
1.43
1.12
0.72
1.84
4.25
0.09
0.42
2.61
2.92
4.61
2.18
4.11
1.59
4.06
3.36
2.13
4.79
0.18
2.9
1.76
1.21
2.12
0.69
2.96
0.09
3.75
4.41
0.45
3.9
1.48
1.08
1.36
1.67
3.46
0.62
3.35
3.62
2.53
4.91
2.05
0.24
4.49
1.74
1.56
3.17
2.78
3.63
3.22
3.01
4.36
1.1
1.29
3.95
4.34
3.18
1.46
4.17
2.63
3.1
0.2
3.15
1.21
4.23
2.41
3.01
3.7
1.36
4.9
2.2
3.85
0.53
3.61
0.91
0.75
2.5
2.91
4.59
4.68
0.61
3.38
2.39
3.1
0.64
3.78
2.16
4.56
3.65
4.04
0.45
1.96
4.75
1.67
1.15
4.31
0.19
3.81
3.32
4.92
3.07
4.64
0.61
4.72
3.78
0.35
4.78
1.11
1.68
1.52
1.81
3.99
3.32
2.06
0.12
4.41
0.29
1.59
2.6
3.26
2.75
2.95
0.84
2.04
3.87
4.57
4.98
1.02
0.16
1.1
1.75
4.92
1.86
1
1.97
4.24
4.22
2.22
2.92
4.63
3.48
1.16
3.85
1.55
0.44
0.71
3.78
3.76
4.32
2.31
2.5
0.12
1.94
4.93
3.81
3.03
4.16
1.3
3.4
3.25
2.63
0.33
1.25
0.39
0.15
1.28
0.09
2.18
2.84
2.24
2.47
1.39
3.37
0.71
3.91
0.48
1.89
1.62
0.72
1.09
3.3
1.82
4.64
3
2.29
1.62
0.8
3.33
1.53
4.86
4.8
4.65
3.73
2.24
3.8
3.54
1.61
3.13
2.4
1.22
4.6
3.8
2.02
3.76
4.72
0.79
5
0.01
3.92
4.17
1.46
2.31
0.76
4.77
0.73
3.53
4.81
2.25
3.77
2.33
0.89
3.9
1.2
1.53
1.39
0.11
0.83
1.57
3.71
0.11
4.95
2.34
3.96
2.94
3.03
2.66
3.08
4.41
1.58
4.63
2.86
0.87
4.2
0.82
0.2
1.38
2.39
0.28
1.41
3.49
4.37
4.11
0.07
3.16
0.09
1.17
4.02
0.13
2.11
1.22
4.02
2.7
3.05
4.01
4.74
4.47
0.13
3.82
4.2
4.91
4.85
2.02
0.22
0.86
1.88
0.48
2.38
1
3.5
4.48
3.67
4.48
0.89
2.39
1.54
0.3
