4.08
0.11
0.74
0.25
4.57
0.04
4.22
3.3
3.27
2.99
2.84
4.73
1.16
0.98
0.04
4.81
2.43
4.63
0.01
4.96
2.71
2.03
2.93
1.69
4.97
2.83
2.26
0.99
2.09
2.03
1.35
1.19
3.14
1.2
0.16
1.9
2.01
4.9
1.66
4.39
4.34
2.92
0.6
3.42
2.98
0.43
3.9
1
2.39
4.66
4.03
1.06
3.61
3.32
0.42
2.62
2.76
3.56
1.72
1.02
4.18
4.54
1.08
0.71
2.45
0.97
1.8
4.62
0.28
4.93
1.83
3.79
4.54
1.39
1.24
2.69
3.56
3.2
3.59
0.04
1.04
2.72
3.29
2.71
3.13
0.51
2.77
3.22
2.9
4.62
0.31
2.39
2.05
1.35
2.26
3.27
3.58
2.22
2.25
4.75
2.08
2.48
1.56
3.48
0.2
3.8
4.65
3.1
2.7
4.64
3.46
3.12
2.99
4.23
1.14
2.94
0.56
1.07
0.7
4.08
3.67
1.54
0.21
3.93
1.8
4.23
0.65
3.43
2.2
4.73
3.39
3.29
2.47
4.51
3.84
3.76
2.37
1.92
3.59
4.45
1.73
2.09
0.72
3.2
2.61
2.13
3.91
3.42
4.07
4.13
2.86
4.79
4.58
4.79
4.79
3.8
3.38
0.26
4.57
0.48
1.33
1.72
1.17
2.37
0.82
1.72
3.69
2.76
2.94
1.86
4.43
3.33
1.32
3.99
1.8
3.88
0.79
3.57
4.41
3.7
2
3.56
4.37
2.53
0.89
3.59
2.21
3.48
3.18
1.66
1.72
3.1
2.02
0.83
1.77
3.62
3.08
3.49
1.81
2.42
2.55
3.9
0.21
2.82
0.5
1.08
2.64
4.79
0.9
1.27
3.71
2.82
2.41
2.66
3.64
0.65
4.16
1.33
1.27
1.37
2.8
1.71
4.59
2.65
4.37
0.65
0.41
0.56
2.32
2.76
0.16
1.48
0.27
0.73
1.86
3.45
2.94
5
3.41
1.48
0.03
2.9
0.28
0.64
0.47
1.45
1.26
3.03
1.59
0.26
2.39
3.06
1.03
1.8
0.78
4.03
4.25
1.11
2.56
0.3
1.38
1.42
3.25
4.96
4.81
2.99
0.48
1.29
3.05
1.21
3.57
1.02
3.8
0.41
3.12
1.8
1.32
0.67
4.95
0.08
1.65
1.44
1.5
4.47
4.22
1.52
3.2
1.03
4.99
2.95
4.43
0.96
4.2
0.19
3.33
3.94
3.46
1.63
3.31
3.78
0.81
3.3
3.44
0.72
4.87
3.82
3.93
3.53
3.91
1.06
0.15
0.09
4.72
2.81
3.45
3.48
0.6
2.92
2.2
2.08
1.78
1.1
0.91
1.38
2.05
3.14
2.16
4.78
2.59
4.84
2.19
4.24
3.92
0.07
2.26
0.84
2.1
3.7
4.46
0.93
4.62
3.31
1.66
1.13
3.97
2.83
3.61
1.86
4.89
2.91
1.23
1.86
0.97
0.34
1.54
0.45
2.6
0.09
2.41
1.96
3.14
4.08
4.91
3.89
0.8
0.19
4.61
4.9
3.17
3.62
4.74
1.35
2.57
0.16
0.24
1.92
1.52
4.13
0.12
3.65
4.6
0.55
3.34
3.06
1.74
2.72
3.17
2.14
3.15
1.14
3.74
2.91
2.8
1.22
2.35
1.3
3.44
0.42
3.95
3.95
4.51
4.98
0.83
1.7
0.31
0.51
1.15
0.79
1.99
3.51
2.3
1.65
0.07
2.63
2.01
0.73
1.2
1.28
1.01
3.58
3.51
0.5
0.33
1.43
1.43
2.37
1.13
0.97
3.46
3.3
2.74
4.5
0.46
4.85
1.22
2.41
2.4
4.63
1.3
3.07
3.41
2.11
1.17
1.13
3.33
2.57
4.61
4.03
0.28
1.56
2.23
3.7
4.34
1.85
1.56
4.16
2.21
1.38
2.86
3.6
2.41
2.87
0.75
4.67
2.74
2.68
4.09
2.78
0.87
1.77
3.82
4.54
0.57
1.98
0.18
3.68
3.73
0.54
3.77
1.14
1.22
4.04
3.25
0.65
3.76
3.64
0.64
3.25
3.19
3.59
1.83
2.1
3.88
4.34
0.75
3.38
0.79
2.72
0.04
3.61
4.24
2.04
2.51
3.49
0.21
3.91
0.31
1.62
4.69
0.22
1.05
2.43
2.24
0.95
4.44
3.59
3.93
3.48
4.77
1.47
2.14
3.13
3.59
3.92
3.03
0.25
1.79
0.6
3.34
1.14
2.85
1.16
1.57
3.43
0.34
3.57
2.21
4.85
1.78
4.45
1.43
1.48
3.82
2.1
4.5
0.64
4.9
4.98
2.39
1.95
1.58
0.42
3.7
4.87
4
3.25
0.98
0.58
3.08
4.55
0.63
3.53
4.98
0.71
0.73
3.22
1.45
3.96
1.32
2.57
0.24
1.41
3.8
0.63
1.78
0.05
3.6
3.63
1.77
2.78
0.6
4.49
3.3
3.5
4.9
2.26
1.63
4.87
3.47
4.89
3.13
4.56
2.36
1.94
3.2
0.17
4.08
2.31
2.71
3.1
1.55
1.24
4.63
4.24
2.25
2.17
4.68
3.79
1.21
3.86
0.79
3.74
3.71
4.72
3.23
0.24
2.22
4.04
0.92
0.19
0.34
3.97
0.58
3.64
0.49
0.52
0.69
1.39
2.25
2.1
1.44
1.5
1.35
2.94
2.89
3.3
1.42
2.83
2.25
0.46
0.4
4.55
1.65
0.78
3.15
4.9
3.5
0.74
4.26
4.33
1.39
4.63
3.79
3.21
0.81
0.87
2.72
1.56
3
1.79
1.84
3.88
0.08
0.94
3.3
1.68
1.43
0.78
1.28
3.27
4.65
3.45
2.35
2.79
0.55
0.26
0.79
4.16
1.45
1.12
2.43
3.36
0.36
0.47
4.87
0.81
4.4
0.08
4.15
2.63
2.64
3.9
2.44
1.79
1.99
3.27
1.52
1.74
3.92
3.87
2.53
4.98
1.34
4.07
1.84
2.61
4.23
4.18
0.09
0.91
0.39
2.58
4.41
1.6
1.31
3.02
1.38
2.96
4.49
3.7
3.94
0.09
0.62
1.43
1.05
2.66
3.89
4.55
0.48
3.54
1.1
1.64
4.35
4.29
0.15
0.93
3.35
2.08
0.18
1.18
0.67
0.04
3.68
3.86
4.19
2.08
4.08
3.08
4.63
4.03
3.43
4.28
2.3
3.37
4.63
4.37
2.39
0.7
3.79
4.09
2.88
3.13
2.27
3.05
1.8
2.72
0.52
3.97
4.94
4.34
2.06
1.83
0.77
1.1
0.46
4.8
4.28
0.06
4.64
0.98
4.32
3.18
1.21
2.05
4.1
0.42
0.64
2.57
4.46
3.99
0.7
2.62
3.86
4.84
2.38
1.43
4.24
3.62
1.63
1.92
2.5
3.23
4.79
2.82
1.69
0.08
0.85
2.63
3.24
4.3
4.11
3.06
2.18
1.95
1.35
3.03
2.48
0.68
2.37
0.76
4.92
2.31
1.11
0.2
2.42
1.67
0.38
3.64
3.91
0.09
1.73
2.25
4.17
1.03
3.16
0.65
1.61
3.37
4.17
0.19
4.06
2.39
1.05
0.84
4.6
1.65
3.08
2.09
0.56
1.35
4.62
1.31
4.9
1.22
3.96
0.23
1.89
1.69
4.29
2.66
4.11
0.34
2.33
0.23
3.13
4.19
3.97
0.01
4.6
0.23
3.65
3.57
1.43
2.58
1.46
4.17
0.05
0.17
2.36
2.07
2.95
2.86
2.67
3.09
1.01
4.98
4.01
4.35
3.63
3.18
2.73
1.19
2.22
1.19
1.94
3.92
0.95
2.86
1.72
4.14
2.36
0.52
1.37
2.68
4.39
1.63
0.89
4.55
0.04
1.14
4.01
4.49
1.48
2.37
1.01
1.34
3.91
2.51
0.75
4.59
0.16
2.05
4.12
1.64
3.67
1.01
4.78
3.93
0.96
3.14
0.97
1.75
2.6
0.21
2.1
0.47
4.24
4.01
3.3
2.81
3.01
1.26
2.88
3.65
3.85
2.61
0.02
1.02
0.86
1.54
4.65
1.79
2.77
2.6
4.86
4.63
4.3
2.69
3.23
3.4
3.3
3.17
2.66
2.1
2.94
0.86
3.34
4.02
3.39
3.43
4.82
1.88
4.96
0.34
0.4
4.11
2.71
1.1
3.3
4.63
3.16
3.46
3.42
1.15
4.49
2.47
4.27
0.43
1.77
2.03
1.21
4.71
0.79
3.59
3.6
0.1
3.59
3.64
1.87
2.08
3.45
4.9
3.7
3.08
4.53
4.75
4.65
2.53
1.32
2.91
4.26
4.28
1.49
0.37
1.56
1.06
1.49
4.51
0.48
3.58
2.4
4.21
1.9
2.9
0.95
4.46
4.9
0.45
1.08
1.21
2.68
5
2.78
2.17
1.07
3.9
3.42
1.91
1.22
4.81
3.51
4.57
3.93
2.83
3.89
0.23
2.19
1.22
2.81
2.61
4.91
2.11
4.36
3.63
1.58
2.86
2.86
3.46
0.49
3.41
4.03
3.5
1.34
4.89
4.48
3.44
2.09
0.07
2.45
1.54
3.05
3.29
3.36
4.54
1.43
0.43
3.49
3.08
1.38
3.48
3.24
0.97
1.91
2.89
2.75
3.52
1.6
4.18
3.69
2.08
0.68
3.07
1.95
2.8
4.67
0.02
2.15
3.26
3.37
3.87
0.22
3.53
3.26
1.88
3.76
4.01
0.69
1.72
4.7
3.05
0.14
0.34
0.75
3.51
3.21
1.26
4.31
2.46
2.45
4.16
3.9
0.5
0.16
2.37
0.48
2.63
1.65
4.3
1.43
1.85
2.8
0.82
4.99
0.6
3.71
1.52
0.68
0.94
4.35
1.08
3.14
2.8
0.3
0.95
2.91
2.85
0.99
1.14
4.14
4.54
2.34
3.41
0.3
3.19
4.02
0.86
4.45
4.54
0.63
1.08
4.69
2.91
4.91
1.54
2.11
0.13
1.7
2.11
1.63
0.32
2.82
1.42
0.86
4.32
3.39
3.02
0.01
3.89
4.78
4.06
2.33
4.55
4.3
2.65
2.83
3.67
1.21
4.1
0.45
2.49
3.12
2.64
0.18
4.73
4.67
2.26
1.22
3.7
2.77
3.47
3.31
2.12
4.6
2.81
4.12
3.24
3.25
3.57
0.42
0.8
0.82
1.12
2.76
4.28
4.92
4.27
1.54
4.29
1.2
3.14
0.84
3.71
0.87
2.77
1.88
0.16
1.74
4.62
0.57
1.25
2.81
2.32
1.49
4.83
3.77
1.57
1.37
3.38
2.53
0.52
1.22
4.07
0.2
2.14
3.15
2.97
3.54
4.95
2.82
2.41
2.31
4.28
2.45
0.74
0.13
3.1
1.11
1.98
1.04
3.38
2.83
3.45
0.12
3.96
5
3.98
4.16
3.87
1.68
0.29
4.01
4.94
0.2
4.28
4.91
1.11
3.75
0.09
3.13
1.36
2.69
3.37
3.47
0.18
4.39
2.28
3.02
1.13
0.51
2.12
2.43
4.07
2.32
0.78
0.32
1.46
3.14
4.11
3.41
2.55
2.85
0.92
4.37
0.66
2.08
2
2.4
4.91
2.74
0.88
3.61
3.62
1.62
2.24
4.67
1.33
3.32
0.32
3.22
3.95
3.8
3.02
0.31
0.61
0.42
0.28
2.86
0.82
0.67
3.65
2.11
0.78
3.48
3.03
1.73
0.23
4.57
4.88
1.68
3.53
3.75
0.51
0.29
0.2
2.99
4.47
4.28
0.8
3.45
0.45
0.92
4.05
3.77
1.07
0.27
0.4
2.59
0.83
4.17
3.7
2.09
1.12
1.61
1.13
3.53
1.51
0.03
0.13
4.03
0.31
3.89
3.61
3.16
3.81
0.04
3.24
4.03
1.64
3.14
4.53
3.88
4.73
0.13
1.69
0.05
0.57
2.08
1.27
0.63
2.23
0.95
1.41
1.8
1.85
4.94
2.6
3.29
0.89
0.47
2.13
2.01
0.94
2.98
0.63
0.6
0.83
2.41
0.74
4.45
4.12
4.4
1.72
0.04
3.45
0.17
1.67
2.27
4.1
3.97
1.72
0.62
2.63
4.35
4.88
3.59
0.74
4.06
1.05
1.9
3.05
3.77
4.38
1.42
0.75
2.31
2.6
4.42
3.25
3.75
0.08
1.93
3.61
0.64
3.45
0.27
0.9
3.11
2.81
1.03
2.71
2.18
2.94
1.8
1.64
2.04
0.5
3.54
3.15
4.69
0.61
1.33
4.72
1.25
0.12
0.78
4.91
3.79
3.68
1.19
4.48
2.98
0.07
0.49
1.55
2.63
2.97
4.27
3.41
1.83
4.57
0.5
1.12
3.37
1.67
2.02
1.62
3.18
2.32
3.66
3.12
1.42
1.68
1.99
1.18
2.49
3.08
3.61
2.29
1.42
1.16
4.32
0.74
3.14
0.8
3.7
2.34
0.7
0.01
0.36
4.97
3.96
0.77
0.95
1.11
4.19
3.5
1.03
4.69
0.97
3.3
1.44
4.79
3.77
4.29
1.74
0.14
1.4
4.91
4.51
2.91
0.25
1.53
2.2
2.22
0.92
0.95
2.51
1.41
1.13
4.63
2.41
0.65
3.88
1.54
4.9
4.92
0.32
1.87
4.3
1.86
2.1
0.43
2.22
4.09
1.9
0.72
3
0.05
2.1
1.02
3.76
3.43
2.98
4.28
2.4
3.99
2.47
0.04
4.1
2.53
0.69
2.07
4.28
1.05
2.56
4.06
1.72
0.6
3.65
0.45
2.25
2.28
2.58
4.11
2.91
1.72
2.43
2.78
4.06
1.92
1.81
1.13
3.04
2.69
3.28
2.76
2.06
1.73
1.93
1.65
3.12
0.89
0.56
1.34
1.78
4.32
3.97
1.43
4.96
1.16
3.78
0.6
4.35
3.68
4.08
2.2
2.23
0.82
2.99
0.59
3.77
4.56
1.04
1.32
2.52
0.67
1.25
4.23
4.2
3.02
0.82
4.18
3.31
2.1
4.58
0.86
3.7
2.65
4.44
1.45
4.56
0.02
3.82
2.21
1.19
2.63
0.52
2.93
1.96
0.53
0.25
3.5
4.7
0.42
0.74
4.05
1.14
3.88
4.1
2.92
2.32
3.55
3.26
0.32
1.52
0.74
2.1
0.28
2.25
1.5
4.42
3.54
3.14
3.45
3.59
3.58
3.31
1.08
0.59
0.99
0.24
3.12
4.32
1.39
2.17
0.37
4.21
1.32
2.52
0.46
0.23
3.34
4.62
1.27
2.13
0.06
3.14
2.84
1.12
2.13
0.57
1
4.49
2.15
2.57
1.33
0.48
4.22
0.65
4.92
0.83
0.75
0.97
2.56
0.47
0.08
1.93
4.69
1.11
2.45
2.45
2.72
1.93
2.73
4.18
4.74
4.35
1.19
3.85
1.64
3.96
2.03
2.38
0.95
4.9
0.67
0.21
2.59
3.93
2.18
3.08
0.2
2.11
0.17
2.87
2.14
4.8
2.7
1.04
3.77
1.47
0.8
2.49
2.85
3.69
0.11
2.32
4.42
3.53
3.62
2.43
1.14
3.16
1.71
1.14
0.94
4.39
3.08
4.25
3.25
3.35
1.41
2.82
2.95
2.41
3.76
2.75
4.34
2.87
2.33
3.62
3.57
1.28
4.27
4.56
3.46
0.68
4.64
0.35
2.22
4.02
0.98
2.46
2.01
4.4
0.13
3.34
2.39
1.98
3.57
0.34
1.49
3.9
2.62
0.55
2.02
2.4
2.4
1.81
4.67
3.56
4.27
1.4
3.04
0.94
3.93
2.42
4.32
3.15
2.55
3.14
4.59
2.5
3.65
0.43
1.73
1.6
0.47
0.11
2.35
0.5
2.35
4.94
3.04
1.89
4.06
1.35
0.04
3.8
0.3
0.16
0.58
2.55
0.37
2.44
2.45
1.81
5
0.89
2.7
4.87
2.07
2.96
1.21
2.79
4.61
4.75
0.91
0.86
1.78
4.2
2.56
0.7
1.52
1.69
2.72
1.42
5
3.4
0.39
2.13
3.75
3.52
4.53
4.62
0.84
1.44
3.23
4.3
4.22
4.32
1.67
1.68
1.52
2.38
0.66
0.63
1.32
2.58
4.59
4.66
2.67
3.54
1.97
4.62
4.67
2.73
0.66
4.44
4.98
3.24
2.12
3.6
0.73
4.2
3.43
1.63
3.65
2.63
0.56
1.6
1.23
2.62
0.2
1.86
2.4
3.44
1.71
2.45
4.33
0.73
4.51
3.17
0.93
4.34
4.83
3.07
4.91
1.08
0.19
2.66
2.85
2.12
1.94
3.69
3.71
1.16
1.27
3.6
0.73
4.95
4.3
4.56
1.45
1.85
3.59
1.13
4.89
3.35
1.21
3.55
2.98
1.86
1.56
1.75
4.39
0.71
3.89
2.17
2.42
3.49
1.05
0.72
1.02
0.07
1.12
3.39
2.94
2.23
3.24
1.32
1.28
1.93
1.19
4.18
0.82
3.64
4.33
2.93
1.33
0.75
2.01
4.27
3.75
0.5
4.26
3.6
4.63
2.78
4.81
2.1
4.47
0.48
2.93
3.83
4.43
1.05
3.44
1.77
0.82
3.04
4.74
0.38
4.72
1.49
1.89
2.7
1.45
0.37
0.07
3.95
0.8
1.42
2.17
4.99
3.13
0.13
2.17
3.08
4.99
3.37
3.51
4.08
1.98
4.61
4.08
4.77
0.18
4.41
0.98
1.38
0.61
2.82
4.66
2.97
3.94
2.65
2.97
1.33
4.18
4.34
3.05
2.98
3.09
2.33
0.24
2.55
0.85
1.52
0.44
2.71
3.36
2.01
4.78
1.07
1.7
3.98
2.52
4.98
1.93
4.13
4.58
1.39
3.26
2
1.07
1.26
4.79
4.35
3.35
1.51
4.82
4.08
2.49
1.29
2.86
2.68
3.29
2.51
2.96
3.04
0.85
3.96
3.06
3.3
4.87
4.95
0.93
2.71
3.65
4.35
1.7
2.62
4.85
2.51
1.17
0.12
3.7
2.16
1.17
3.75
3.1
0.94
2.2
1.9
0.33
4.41
2.67
4.74
4.96
4.15
1.95
1.77
1.92
3.48
3.2
2.72
0.09
3.04
1.2
4.24
0.86
1.02
1.04
0.83
4.57
1.16
1.55
3.03
0.6
2.65
0.3
0.31
1.06
1.83
1.41
1.29
2.44
2.76
4.33
4.04
0.42
3.56
3.7
1.08
1.61
4.57
2.03
0.46
2.43
1.41
2.49
0.91
1.53
0.48
4.25
2.39
2.04
2.83
1.81
0.3
3.16
1.51
4.86
3.22
4.14
1.29
4.47
2.65
0.63
3.09
2.16
3.29
0.85
0.68
2.81
1.21
4.12
4.42
2.87
1.19
1.22
1.16
4.26
3.83
4.17
3.13
0.28
4.17
4.21
0.84
3.69
2.64
3.57
0.09
0.53
0.21
2.76
4.45
1.49
2.43
0.42
4.92
1.08
3.91
3.55
4.8
4.31
1.26
3.16
1.02
1.38
1.31
2.37
2.02
4.63
2.18
3.15
2.7
4.78
0.22
2.75
1.51
4.61
3.22
1.89
0.32
1.24
0.65
3.3
3.55
4.53
0.97
4.97
0.91
1.29
1.56
4.34
1.28
3.88
1.64
0.44
0.55
1.46
3.72
4.43
4.19
3.15
2.44
4.92
2.02
4.51
1.47
1.14
4.04
3.75
4.91
2.36
3.88
1.89
2.19
0.8
1.78
3.79
4.42
2.99
3.63
0.31
4.64
2.64
0.92
0.05
2.51
4.74
0.73
3.79
2.87
0.74
4.7
4.6
3.15
2.07
4.08
0.48
1.69
4.65
3.03
1.87
0.05
0.7
1.2
1.44
3.17
4.55
1.07
3.48
3.91
4.97
3.56
3.4
1.49
4.53
4.75
0.94
3.53
1.38
4.13
0.73
0.6
0.52
0.1
0.87
0.1
4.05
3.02
3.48
2.4
0.12
1.58
4.4
4.09
1.48
0.2
3.06
0.6
0.26
2.27
0.69
1.09
2.22
2.28
1.98
4.16
1.01
4.53
1.95
4.59
4.57
2.18
2.65
2.2
1.01
0.67
1.36
0.65
0.51
2.26
2.92
3.5
2.44
4.32
3.79
1.79
4.73
1.87
2.91
0.04
1.44
1.8
0.06
4.45
1.29
3.63
3.46
0.07
0.13
0.66
2.14
2.9
4.77
0.52
2.7
2.39
4.98
0.89
0.96
0.93
4.97
4.96
3.78
0.07
2.48
1.52
4.35
4.34
3.17
4.25
0.76
1.41
0.75
4.41
2.64
2.66
1.25
1.53
0.8
2.36
4.37
3.52
0.07
0.2
0.02
1.98
1.33
2.64
0.37
0.75
1.96
3.03
0.99
4.57
0.17
1.91
4.01
1.53
2.32
2.74
3.85
1.13
1.56
0.26
4.61
0.52
1.69
3.27
3.74
1.63
2.2
2.86
3.07
2.23
0.87
0.87
4.87
3.72
4.28
3.72
1.46
1.35
4.73
4.12
2.24
2.23
0.72
1.64
1.35
0.76
0.88
1.57
2.41
1.74
3.76
1.48
4.74
2.16
2.08
1.65
1.67
0.48
1.59
4.45
0.94
2.2
1.68
2.82
3.14
1.09
0.24
3.7
0.04
0.6
4.62
1.35
2.12
0.6
1.51
1.04
2.62
1.49
3.92
3.83
0.53
4.32
3.67
2.06
4.25
2.66
1.17
4.46
2.17
3.52
3.04
3.65
2.24
0.42
4.31
2.82
3.94
0.43
3.17
