4.47
4.34
4.45
1.91
1.59
4.91
1.91
1.55
0.69
4.86
3.86
2.01
3.57
0.9
0.95
0.15
3.49
2.29
2.56
4.98
1.5
1.89
0.91
3.26
2.17
1.86
2.02
0.64
1.33
0.38
1.31
3.04
3.55
3.09
4.58
0.25
1.09
4.91
1.25
0.58
4.13
3.85
3.71
0.04
4.73
4.34
0.13
4.72
3.35
3.46
4.57
3.56
3.75
4.35
1.43
4.27
1.86
1.75
4.4
0.61
0.9
3.45
0.94
3.26
2.82
3.81
4.88
3.34
1.16
0.86
2.84
3.74
3.24
4.74
1.94
3.2
3.87
4.87
1.77
2.73
3.97
0.03
3.79
0.86
4.12
4.82
4.2
2.4
4.28
4.87
1.08
0.49
4.93
4.12
4.85
0.2
3.23
3.79
3.53
0.66
4.52
4.47
2.7
1.52
0.41
0.95
1.88
4.74
0.64
1.9
3.66
2.55
4.09
0.72
4
2.13
1.09
3.59
4.95
1.09
1.6
0.91
2.22
0.61
2.79
4.51
3.41
0.81
4.13
3.04
4.45
3.22
4.61
3.55
2.23
1.92
1.15
3.27
4.37
4.39
4.41
3.51
4.23
3.18
2.45
1.17
2.81
1.74
1.78
4.24
2.05
1.6
2.97
2.26
1.05
1.23
3.49
1.33
4.63
0.65
1.23
0.86
1.85
0.48
2.96
1.62
0.85
0.69
2.42
3.38
4.06
3.9
4.25
1.62
2.29
1.13
1.34
2.1
4.86
3.83
4.89
2.5
4.67
4.23
1.49
1.61
1.5
4.21
0.39
3.04
4.23
2.12
3.85
1.24
2.46
1.54
1.12
0.95
2.38
0.96
1.97
0.14
4.46
2.16
4.44
2.22
2.4
3.4
1.91
0.33
3.68
1.99
1.73
0.19
3.42
2.69
2.67
0.37
2.75
4.07
0.5
0.58
4.87
3.7
3.19
1.01
0.39
0.61
1.79
0.99
0.16
3.97
4.31
3.76
2.38
3.11
3.2
1.67
2.16
4.85
0.05
3.77
1.54
3.61
2.1
4.55
4.89
2.57
2.12
0.6
4.1
1.48
1.64
1.48
4.41
2.85
1.53
4.9
3.48
3.59
1.11
2.18
4.65
2.8
2.03
0.56
4.54
0.06
4.26
1.95
1.78
3.65
2.14
0.2
3.19
1.22
0.73
0.6
1.06
2.11
0.56
0.5
1.24
1.93
4.09
4.96
3.18
3.32
1.4
3.51
3.95
1.32
3.88
1.84
2.18
3.88
0.79
0.23
4.16
4.35
3.29
2.27
0.46
2.69
1.78
3.17
0.68
1.36
0.64
3.79
3.72
3.22
3.61
3.76
4.46
4.43
0.36
0.57
2.53
0.45
2.85
4.92
4.34
4.28
0.19
4.31
2.42
2.84
2.25
3.75
4.99
4.65
1.54
2.87
4.98
4.26
2.52
1.7
1.51
1.88
1.91
3.99
3.92
0.13
0.02
1.45
3.37
3.63
0.43
0.13
2.65
3.42
1.16
0.97
2.55
0.57
2.16
3.66
3.23
2.79
1.7
2.3
4.56
2.16
2.3
1.26
0.58
1.35
2.64
1.5
3.85
3.57
4.59
0.52
2.46
3.84
0.66
3.81
0.13
1.21
4.04
3.9
0.78
0.53
0.98
3.57
1.42
1.26
3.79
0.75
3.1
3.82
0.09
0.71
2.95
1.35
4.64
0.7
3.56
4.7
3.73
1.89
1.52
2.18
4.57
0.29
0.1
2.57
2.58
0.37
2.05
1.48
4.82
0.57
0.67
2.77
2.42
0.98
2
1.06
1.46
4.17
0.19
4.66
4.74
3.5
3.3
4.05
3.69
2.31
4.31
0.27
4.3
1.61
3.83
2.72
3.69
3.07
4.26
3.2
0.38
3.42
4.82
3.44
2.65
4.61
2.28
4.81
2.33
1.78
1.14
3.07
1.32
4.06
0.71
3.61
3.71
4.05
1.46
3.52
2.17
2.57
1.16
4.87
4.36
3.47
2.8
2.61
1.26
0.34
0.76
3.02
4.27
2.94
3.9
4.19
0.91
3.12
1.29
2.17
2.65
0.69
4.51
1.94
2.8
1.95
0.59
1.11
1.74
0.19
3.21
0.4
0.83
3.56
1.07
0.45
2.75
3.57
4.43
3.32
1.24
2.39
4.83
4.93
0.44
3.16
3.12
3.8
1.32
1.97
1.89
0.84
0.86
3.34
3.25
1.58
4.67
3.02
0.71
3.48
1.06
3.39
3.16
1.55
0.17
2.9
2.52
3.29
2.52
1.62
3.24
2.73
1.54
4.48
1.52
2.26
0.92
1.35
2.26
3.32
2.47
0.27
1.92
1.51
1.75
3.34
4.16
0.77
0.5
4.46
1.78
0.42
2.12
4.68
1.37
1.72
3.47
2.46
2.4
3.75
0.62
3.23
0.29
4.23
4.52
4.33
0.86
4.39
3.17
0.41
4.76
3.64
4.16
1.38
2.05
1.07
3.89
2.57
3.99
3.28
2.28
4.81
3.12
1.77
1.16
0.27
1.36
3.68
4.24
4.06
3.84
1.9
4.06
3.21
3.3
4.49
2.99
2.89
3.47
4.91
3.11
0.56
0.08
2.83
3.53
4.16
3.46
0.77
1.51
4.43
3.68
2.29
0.43
1.88
2.02
1.73
4.25
0.74
3.95
0.52
3
2.01
2.66
3.83
2.08
0.36
1.77
0.21
2.17
1.38
3.09
1.06
2.25
4.89
1.65
0.68
3.13
1.91
3.82
3.19
0.83
4.98
1.17
3.85
1.6
4.02
3.47
3.26
3.15
1.87
2.18
3
4.59
3.79
2.28
3.1
2.88
0.26
3.62
1.35
2.91
3.31
0.32
4.89
3.8
4.93
2.65
2.08
3.64
3.26
1.71
4.16
3.14
3.33
1.35
1.93
3.04
2.75
4.53
2.75
0.77
3.68
3.91
0.57
0.13
4.47
3.74
2.32
4.65
5
3.5
0.9
4.81
0.71
0.98
1.42
2.33
4.4
1.39
2.09
3.41
0.87
0.17
2.04
1.27
1.61
1.15
4.61
1.76
3.12
0.51
2.29
3.05
3.82
0.22
4.96
2.02
1.34
1.37
2.96
3.03
3.88
0.99
1.5
3.12
3.06
1.61
3.04
3.43
4.18
3.38
2.22
4.43
3.28
1.95
1.54
1.68
2.47
0.4
4.33
1.87
3.46
2.21
4.82
2.43
1.89
3.18
0.35
4.27
0.47
3.04
4.05
3.75
3.58
0.97
3.29
2.98
3.37
4.7
1.92
4.99
0.05
3.11
4.33
1.64
3.88
1.67
4.7
3.11
1.73
3.47
1.88
4.76
1.02
3.49
1.98
3.59
2.85
2.51
1.91
4.22
0.75
1.35
0.02
1.74
2.21
2.8
0.96
4.18
2.28
2.82
0.28
4.1
3.96
3.05
3.53
0.41
2.33
1.95
1.37
4.81
3.1
3.64
0.28
0.12
2.19
3.79
1.04
1.49
2.36
3.86
4
0.42
1.93
3.41
0.67
3.5
3.85
0.89
4.23
4.31
2.1
4.11
2.22
4.4
1.71
0.91
1.57
2.31
1.44
4.92
4.34
2.74
4.04
2.42
1.43
1.51
1.85
4.61
3.7
1.42
1.98
3.44
4.76
3.39
3.97
4.6
1.76
2.85
4.79
1.7
3.02
2.93
3.59
0.19
0.26
0.24
1.46
3.17
3.6
2.49
1.93
0.38
3.15
3.07
0.75
4.52
2.23
0.55
1.25
4.25
3.39
3.92
0.33
4.14
0.66
1.38
4.55
1.47
2.4
0.9
1.19
4.76
4.65
2.5
1.83
1.88
0.31
1.65
1.23
3.98
2.16
2.57
3.77
0.37
3.62
2.5
2.99
4.15
2.47
0.7
4.22
4.51
0.37
0.85
1.75
4.67
3.67
2.35
0.17
0.6
0.87
3.09
3.17
2.65
1.69
3.01
3.3
4.1
2.59
0.78
4.58
2.57
4.31
4.83
4.94
4.56
2.79
3.5
4.65
2.87
2.71
2.98
1.29
0.9
4.83
3.73
0.08
3.35
0.87
2.87
3
2.21
2.87
2.94
0.18
2.74
0.12
3.25
0.08
1.73
1.7
0.61
1.64
4.13
3.67
4.79
3.39
2.29
2.48
0.56
1.27
3.34
4.98
3.04
4.72
4.92
0.6
2.24
3.1
3.59
0.09
0.61
0.85
4.44
4.1
0.11
4.33
1.45
2.1
0.09
1.52
0.49
1.13
2.78
1.91
3.33
1.44
3.2
4.98
1.69
0.22
4
2.84
5
0.36
1.35
2.09
2.15
2.37
2.33
0.91
3.6
1.01
1.99
4.77
3.3
2.06
2.51
2.11
3.04
4.77
1.21
2.87
0.66
4.31
4.56
3.56
0.4
0.12
0.21
1.33
3.38
3.62
0.75
0.91
0.82
4.14
0.65
3.94
1.23
2.51
1.89
1.01
3.09
1.41
4.62
2.34
2.07
4.76
4.53
2.34
1.87
4.28
1.91
3.32
2.36
3.03
1.48
2.72
3.37
4.2
0.93
1.78
0.65
3.71
1.93
0.64
0.17
1.17
1.55
1.96
1.1
4.59
1.55
2.13
3.97
0.69
2.57
1.68
0.05
4.25
1
1.33
1.19
4.57
4.1
3.13
2.09
2.29
2.25
1.35
0.64
0.96
3.68
0.94
3.64
1.2
4.54
4.47
2.96
4.38
1.41
2.53
2.72
2.43
0.26
4.78
2.56
3.13
3.6
1.99
2.64
1.93
1.42
2.67
1.48
4.08
1.73
0.04
1.94
4.23
1.16
0.51
0.8
2.14
0.12
2.46
2.4
4.53
0.23
1.94
3.84
2.91
2.82
3.41
4.09
4.69
2.56
4.72
1.48
1.32
4.4
1.66
3.76
2.5
1.32
2.74
0.51
3.47
0.71
1.92
4.94
2.15
4.46
0.48
3.73
2.85
2.43
1.45
2.02
2.04
0.47
3.81
0.71
1.22
0.68
2.57
3.32
0.4
2.1
2.82
2
2.32
0.88
4.2
2.92
2.75
3.09
2.77
1.42
4.7
3.54
4.65
4.84
4.81
3.53
0.11
2.75
2.11
0.88
3.07
0.65
4.04
2.31
0.13
3.2
0.63
4.55
2.51
4.37
0.88
0.8
0.2
3.43
0.51
1.33
3.56
4.01
0.16
0.75
3.68
3.52
4.96
3.9
0.24
0.91
0.46
2.68
2.3
1.97
2.91
1.26
2.15
1
3.2
3.17
4.89
3.74
2.04
3.64
2.12
3.28
1.36
4.43
0.51
4.13
4.17
4.74
2.9
3.27
4.17
0.57
3.52
3.48
0.83
3.57
0.82
5
4.29
3.56
4.72
2.37
1.27
3.92
2.5
2.18
1.22
1.41
0.1
1.89
0.69
2.95
2.12
0.43
2.55
2.24
4.28
0.34
3.48
4.2
2.12
4.82
4.97
2.13
1.29
0.53
2.91
0.19
0.31
0.27
4.62
3.8
3.45
1.65
2.98
1.06
1.41
3.73
0.9
1
4.97
2.68
3.32
3.64
4.54
3.65
3.65
1.71
3.39
4.48
2.77
2.13
1.31
0.2
4.1
2.55
4.37
5
3.74
1.87
3.65
4.62
3.23
4.02
3.91
3.84
0.6
4.23
1.54
4.4
4.33
3.55
3.96
1.08
0.22
2.34
0.41
0.18
1.6
3.25
3.37
1.81
2.05
4.12
2.05
1.29
0.49
1.98
1.68
0.55
0.83
4.78
0.22
1.65
3.92
0.83
2.61
2.76
3.65
2.79
0.59
1.54
3.61
1.77
2.24
1.11
4.67
4.85
3.07
2.92
1.93
1.27
0.5
1.26
2.68
2.84
1.13
3.6
0.02
0.2
4.37
5
1.13
4.62
3.23
2.53
4.55
1.26
1.11
3.17
4.53
4.73
1.34
0.52
4.36
1.7
3.39
3.06
1.89
0.38
4.78
4.71
4.73
2.16
3.85
2.22
2.82
1.37
2.4
4.85
3.35
3.88
2.06
3.77
1.18
1.53
1.33
3.17
3.04
1.68
0.1
0.48
2.28
2.57
4.96
0.6
2.81
3.62
3.14
0.64
1
3.93
2.74
3.18
1.94
1.79
4.32
0.06
0.27
1.94
4.04
0.57
4.76
3.19
3.21
3.02
4.88
4.34
0.83
4.58
4.94
4.77
0.24
3.22
2.06
2.63
3.33
2.6
2.11
2.16
2.98
4.99
4.98
1.83
2.76
2.76
4.9
3.52
2.78
2.14
0.53
3.05
4.67
3.28
1.99
2.09
1.34
2.49
1.91
3.61
4.41
1.56
2.29
4.54
3.53
3.69
3.57
4.18
3.18
3.48
1.3
3.97
1.26
2.2
2.91
0.99
4.01
1.23
3.85
2.89
3.74
3.51
1.97
4.85
0.34
2.56
2.28
2.05
0.32
2.93
4.12
0.73
3.27
0.12
0.05
1.71
2.06
2.85
4.08
1.27
1.84
3.57
0.97
3.16
4
3.69
1.59
0.26
1.74
1.7
4.26
2.29
1.98
4.71
4.45
3.48
2.09
2.63
1.7
2.7
2.8
2.09
4.51
1.7
0.33
1.19
4.62
3.46
0.05
0.68
4.9
1.12
2.68
1.8
3.15
2.55
4.04
2.74
4.14
2.59
3.11
0.06
0.04
2.48
4.82
4.66
4.94
2.28
3.15
1.56
3.99
1.3
0.23
3.41
4.19
0.76
0.1
0.75
3.9
1.53
2.22
3.41
1.01
0.15
2.16
1.91
4.78
4.98
0.63
1.57
2.33
2.37
0.91
3.64
4.11
1.49
2.26
0.96
1.56
1.36
2.93
3.5
0.91
2.81
4.74
2.38
4.03
1.51
2.07
2.8
0.96
3.74
0.8
2.98
4.86
0.82
1.49
4.37
0.91
1.09
3.31
2.64
3.53
2.76
1.66
0.4
4.79
0.07
0.65
0.91
4.17
3.47
2.16
4.39
3.09
4.06
2.25
4.02
3.13
4.74
4.5
4.72
1.38
0.36
1.98
2.67
2.28
1.75
3
1.38
0.85
1.63
4.41
2.84
4.01
3.15
3.83
0.32
1.43
4.9
0.62
1.26
3.12
4.68
2.07
1.64
0.82
1.92
1.02
4.16
3.57
2.81
3.23
3.83
0.38
2.99
3.5
0.84
1.21
3.91
4.78
3.06
5
1.08
3.77
3.17
3.88
2.71
0.6
3.06
0.44
2.46
2.59
4.39
2.88
1.98
1.49
1.96
3.23
4.49
2.51
3.37
0.87
2.3
0.33
0.67
0.47
2.3
3.13
2.67
3.41
3.76
1.42
2.83
3.92
1.39
3.63
4.03
3.58
3.15
4.56
3.03
3.93
4.91
3.38
2.51
1.61
0.89
1.38
1.51
0.31
4.9
3.31
4.89
2.28
2.29
1.92
0.28
3.1
3.55
2.61
0.35
2.07
4.92
3.76
4.71
1.55
3.23
1.59
4.54
0.24
4.22
2.75
0.08
4.61
3.16
3.25
4.07
1.44
0.99
1.51
3.03
4.63
0.03
1.4
2.6
2.11
1.77
3.55
2.65
2.08
3.19
0.38
0.89
2.5
0.48
0.08
4.69
1.02
4.06
3.78
4.17
4.17
2.89
0.79
0.88
3.47
3.24
4.12
0.56
2.33
2.43
0.96
4.15
0.74
0.43
2.45
3.67
2.13
3.97
1.97
4.85
0.78
2.07
3.5
3.4
0.65
1.04
1.11
0.84
2.04
3.81
0.47
4.71
3.96
3.11
1.1
1.81
0.69
4.42
0.96
2.69
3.05
0.22
3.05
3.24
2.7
2.86
0.18
0.39
4.31
2.49
1.75
4
0.23
3.77
1.08
1.43
3.89
0.34
4.43
3.8
3.96
3.04
0.29
2.27
0.5
1.91
4.52
2.11
0.53
0.03
0.16
4.54
4.4
1.92
4.66
2.09
1.15
4.76
1.41
1.24
1.77
2.55
4.39
1.43
0.51
4.83
1.47
0.76
1.4
3.74
2.83
2.14
0.3
0.71
3.4
3.07
4.4
3.67
1.84
1.4
1.85
4.08
2.6
3.85
3.52
3.49
4.62
3.3
2.92
4.68
1.51
3.93
4.05
3.04
1.72
0.24
4.22
2.88
2.23
3.58
1.59
0.19
0.17
4.08
4.41
3.88
3.36
1.88
0.32
4.23
0.47
4.92
0.64
1.78
4.02
1.74
2.26
0.13
0.29
0.75
3.89
2.04
1.02
4.55
0.13
4.05
2.56
3.67
4.21
3.02
0.16
3.77
1.28
3.61
4
2.02
3.03
3.94
4.73
3.77
2.44
3.79
3.75
4.31
3.54
3.93
3.24
1.86
0.14
4.91
2.19
4.24
4.51
0.6
1.93
2.77
0.7
2.51
4.88
1.8
4.93
0.42
1.2
3.33
1.69
1.92
4.84
0.91
3.92
1.16
4.81
1.68
1.27
3.02
4.07
1.79
0.72
1.96
1.99
0.28
0.88
3.29
1.1
2.11
4.07
0.63
1.47
3.79
4.93
3.94
3.92
0.06
1.82
2.79
2.14
1.39
0.75
2.2
2.86
0.35
0.08
1.54
4.16
4.13
2.66
0.51
1.02
2.31
1.84
2.31
2.02
3.47
4.34
2.69
4.57
3.79
0.04
3.29
1.41
1.93
1.77
2.39
2.9
4.97
2.56
2.07
4.01
4.24
2.75
0.39
2.69
1.11
1.63
3.38
1.03
0.14
0.47
2.8
2.55
1.94
2.01
2.11
1.43
1.19
3.94
3.11
2.49
1.83
2.62
3.83
4.78
1.08
1.34
0.7
4.66
0.73
0.47
2.85
3.45
1.21
3.46
1.43
3.92
0.82
0.34
1.77
0.97
1.82
2.38
3
0.75
4.71
2.7
3.01
2.94
2.74
0.37
4.58
0.81
3.77
1.06
0.95
2.06
2.37
2.33
2.41
3.26
0.43
0.49
0.65
4.75
3.97
0.7
4.78
2.62
1.41
4.27
1.42
2.8
0.42
0.03
3.55
3.07
1.33
4.21
3.15
1.18
1.39
2.53
4.01
4.97
0.21
0.33
4.71
0.86
3
1.13
3.47
3.85
2.82
4.48
2.14
4.39
4.81
2.21
4.01
1.02
1.45
2.6
2.15
0.58
4.41
0.7
0.41
3.52
1.96
3.85
4.76
3.4
4.33
3.61
4.58
4.3
4.72
3.35
4.15
4.78
0.82
2.6
2.67
2.37
0.17
3.4
2.3
1.05
3.11
4.82
4.79
1.58
1.42
2.7
1.94
1.48
2.9
3.15
4.07
4.04
3.86
3.56
2.17
4.15
4.76
2.52
1.39
0.1
1.15
2.32
1.75
2.58
1.95
0.42
2.81
4.32
1.55
4.44
2.6
2.73
3.8
0.36
0.73
0.78
2.06
1.57
4.19
3.37
4.25
4.4
4.15
4.53
2.82
3.31
3.84
3.56
4.05
0.35
4.65
3.16
3.45
2.42
3.42
4.26
2.7
3.96
2.4
3.53
0.27
4.75
2.18
3.17
1.62
2.9
1.84
3.08
4.59
3.7
4.47
2.11
3.56
3.09
3.23
2.28
3.8
3.49
1.73
2.06
3.12
3.03
0.38
2.01
0.29
2.64
3.09
0.05
2.47
4.82
4.38
2.9
0.14
1.84
4.52
2.07
3.79
2.58
0.59
4.98
3.2
4.6
1.87
3.35
0.13
4.81
3.31
0.98
1.65
4.35
0.71
3.05
0.37
0.17
3.41
0.38
0.21
2.63
4.98
0.95
1.11
2.17
0.89
3.89
1.62
1.86
1.85
1.58
3.88
1.76
1.89
2.09
4.53
1.29
3.24
1.17
2.85
1.35
1.69
1.01
4.08
0.86
0.77
3.09
1.32
3.62
0.62
4.91
2.52
1.7
1.07
3.3
3.15
0.15
4.66
0.98
3.13
1.15
1.64
1.22
2.27
2.18
5
3.07
3.05
2.48
0.63
2.88
2.54
1.43
1.86
2.61
2.67
4.1
4.79
0.04
3.52
1.82
1.55
3.99
2.49
1.72
4.46
4.76
0.47
0.2
4.81
2.86
2.22
4.14
2.1
1.46
3.08
1.78
2.92
2.53
3.82
3.71
1.64
3.6
0.41
3.23
3.97
2.24
0.36
4.69
0.72
4.65
1.06
1.58
0.55
1.96
1.6
1.31
2.16
0.8
1.42
3.35
4.99
1.13
3.02
3.57
2.37
3.13
3.2
3.74
2.56
1.11
2.37
4
1.28
0.24
0.2
2.59
4.08
3.86
0.42
3.58
1.61
3.88
1.27
0.88
3.29
3.87
2.82
0.02
4.25
2.54
4.46
1.53
1.22
4.52
3.35
4.44
1.89
4.97
1.8
4.16
3.72
1.42
4.53
3.82
2.5
2.4
4.01
0.7
4.1
2.11
0.08
1.75
3.45
1.4
0.63
2.27
1.75
3.33
1.21
0.94
2.8
2.2
1.15
1.19
1.95
1.2
0.71
0.8
1.73
1.96
2.72
1
4.55
4.63
0.85
2.73
3.32
3.17
3.93
1.76
2.95
4.95
0.92
2.05
3.16
1.77
1.88
4.73
2.3
0.73
3.91
3.83
3.26
1.23
0.65
2.24
0.11
1.12
0.63
4.77
4.13
4.78
3.14
1.29
1.98
0.04
0.05
3.25
3.81
2.92
3.79
2.16
3.4
0.47
4.85
0.36
1.51
1.45
0.76
4.4
4.19
1.2
1.43
0.17
4.92
0.02
1.1
0.01
3.44
2.42
2.53
4.12
2.58
2.17
4.33
3.51
2.71
1.37
0.66
3.71
2.64
2.14
0.44
4.78
