1.15
0.87
3.82
4.34
3.79
0.36
1.15
2.87
3.24
4.21
4.75
1.12
1.29
1.91
4.62
1.2
1.93
0.06
3.34
4.35
3.49
0.43
3.28
1.81
3.97
3.6
2.25
0.49
1
0.86
1.98
1.61
3
4.1
4.86
0.83
1.74
3.14
1.77
2.81
4.68
2.34
0.47
1.36
3.96
3.41
0.32
1.3
3.84
4.74
1.9
2.83
1.12
4.4
3.05
1.74
2.35
1.26
0.9
3.37
4.35
3.94
2.45
2.76
3.22
1.69
0.95
4.27
2.64
2.51
0.59
1.5
0.93
3.71
3.51
0.51
0.85
1.23
0.02
0.13
3.52
4.35
4.41
3.37
1.05
2.21
3.96
3.19
2.03
2.03
0.45
0.84
0.25
0.17
0.27
0.29
0.42
3.76
1.14
0.14
3.09
2.68
1.14
4.76
3.44
3.99
1.43
2.75
0.58
1.95
2.96
3.11
3.27
2.92
2.95
1.24
2.96
4.18
1.26
4.25
1.24
3.33
4.04
3.62
2
2.17
3.8
1.42
3.76
2.57
2.95
3.79
4.77
4.93
4.15
4.16
2.45
3.22
1.54
4.87
4.83
2.53
0.18
0.18
2.58
4.08
4.78
3.86
1.55
3.03
3.98
0.69
4.46
4.66
4.7
0.59
3.89
3.61
4.88
1.34
1.56
1.93
3.01
0.03
1.96
1.12
0.04
2.87
4.49
1.69
2.56
1.82
3.31
3.81
3.73
1.92
4.6
2.27
0.75
3.11
0.94
0.97
2.27
2.05
1.69
1.66
3.96
1.82
2.85
0.07
0.39
4.93
4.37
2.95
3.1
1.48
2.31
2.46
1.71
3.45
2.92
4.8
3.02
3.14
0.68
2.6
1.81
4.5
0.93
4.6
0.43
1.46
1.55
1.84
0.35
2.11
1.98
1.73
0.45
4.7
4.64
0.8
3.73
4.9
2.55
1.54
4.89
0.47
2.55
1.59
1.1
2.14
3.02
2.67
4.75
2.99
3.18
0.92
2.82
2.18
4.2
1.49
2.07
0.66
0.16
1.41
1.82
4.23
4.28
3.35
2.27
4.3
1.82
3.83
3.3
3.76
3.64
4.7
4.88
0.83
1.73
2.46
3.9
0.57
1.68
2.19
2.44
4.48
4.53
4.31
0.99
2.91
4.07
3.77
1.29
0.7
2.4
1.17
1.69
3.83
0.61
1.61
2.39
2.28
0.31
1.97
0.49
2.68
1.81
2.26
0.9
3.28
2.06
3.26
0.33
1.69
2.17
3.92
4.18
3.85
3.87
4.61
1.86
0.2
4.37
0.41
1.49
2.41
2.93
3.43
0.87
3.59
1.17
2.84
4
3.97
1.71
0.03
3.4
0.08
2.71
1.33
0.06
3.48
0.63
0.68
4.98
4.56
1.8
4.46
4.87
0.66
1.43
3.29
4.62
1.56
0.79
1.8
1.86
4.56
2.05
4.98
0.64
2.72
1.35
2.97
1.55
3.45
3.52
3.51
3.42
3.17
3.55
3.08
3.55
4.66
3.77
2.94
3.61
2.42
2.98
0.14
0.22
1.81
3.76
1.57
2.65
0.3
4.47
3.66
3.1
2.09
2.41
1.39
0.96
4.31
2.79
2.11
0.35
1.52
0.49
2.89
3.8
2.82
3.82
1.73
0.98
2.22
1.18
4.85
0.8
4.05
4.34
3.66
1.34
0.09
3.72
0.81
4.92
3.58
0.83
4.65
3.16
4.85
1.93
2.8
3.08
3.85
4.28
4.75
0.12
1.04
4.44
3.57
4.12
3.69
4.9
1.13
1.41
0.2
3.07
0.75
1.57
4.38
0.75
2.63
0.2
3.9
3.59
0.07
3.12
3.54
4.31
0.93
1.29
4.99
1.91
2.45
3.34
2.63
4.47
0.44
0.37
2.02
4.69
4.02
2.68
4.78
1.42
0.74
0.84
1.49
3.16
1.44
0.61
0.21
1.71
2.84
4.58
0.73
3.44
2.71
3.86
3.1
4.8
1.67
4.11
3.27
2.03
3.05
3.75
2.12
1.42
1.64
0.89
2.59
2.77
4.49
1.76
0.11
0.66
3.06
3.91
3.55
1.84
4.52
1.92
0.21
0.94
1.62
4.27
4.9
3.24
2.73
1.86
1.28
2.73
4.86
1.39
2.37
1.05
3.41
1.84
4.47
0.72
2.3
4.25
0.94
0.3
4.81
0.84
0.95
1.4
3.26
3.25
1.25
1.18
3.61
4.25
0.08
0.17
0.15
2.59
4.5
4.86
3.58
1.58
3.38
2.33
4.56
1.4
4.29
0.22
2.32
3.06
1.85
4.26
4.39
1.12
4.55
1.79
2.29
4.26
1.19
0.48
0.07
4.84
1.82
3.34
0.51
3.27
0.65
0.63
2.33
4.92
2.54
1.38
1.15
1.39
3.87
4.05
0.58
2.14
3.63
1.61
4.77
4.88
4.6
4.14
2.13
2.14
2.91
4.89
4.98
0.69
4.58
0.55
1.42
4.01
1.38
4.51
2.17
2.4
3.58
0.68
2.2
3.42
2.15
1.46
1.67
1.43
2.51
1.19
1.8
1.1
1.92
0.74
2.29
1.35
2.13
1.03
4.9
4.8
2.32
2.69
1.79
3.25
3.81
4.36
1.24
0.8
3.62
0.41
2
1.91
4.05
2.03
3.29
2.51
0.79
3.39
3.3
0.01
4.13
1.07
0.98
0.68
2.05
3.62
1.65
1.98
3.07
2.73
4.02
4.01
4.05
0.8
2.51
3.42
4.89
2.83
2.31
1.04
4.23
0.11
4.54
2.05
2.2
4.54
3.77
2.76
0.76
2.56
0.96
1.76
4.36
3.01
0.92
0.79
1
3.27
2.27
4.57
0.5
1.62
0.45
1.54
4.45
4.5
1.55
1.74
1.62
4.03
2.24
4.78
2.82
1.42
1.56
0.37
0.2
4.07
0.61
2.29
3.27
2.86
4.05
2.46
4.1
0.42
2.43
1.51
4.06
4.45
3.7
3.28
2.66
3.73
1.63
0.74
4.68
3.08
3.02
2.15
1.75
1.26
0.94
0.72
4.35
2.23
2.95
0.41
3.34
3.57
3.68
0.26
2.46
2
1.73
1.77
1.41
1.14
0.9
4.08
1.46
1.92
4.25
4.92
3.02
1.64
1.59
3.07
3.96
1.07
0.56
4.74
1.96
1.96
4.25
4.45
3.09
4.84
1.8
1.47
4.83
2.1
3.58
3.17
0.62
1.64
4.92
4.3
3.71
1.36
3.74
2.87
4.03
3.66
4.65
2.22
0.16
4.54
4.11
3.55
4.35
1.02
4.05
1.43
0.37
2.22
0.47
2.33
4.28
2.09
4
1.43
4.13
2.02
1.73
0.66
2.76
4.02
2.45
1.7
2.19
0.91
0.12
2.6
1.49
3.58
3.63
1.89
4.58
0.11
2.16
4.68
2.74
3.38
3.67
4.12
3.73
1.71
1.43
0.69
2.51
1.77
1.01
3.22
4.12
1.46
4.6
1.64
2.91
1.22
1.38
4.73
1.48
2.16
2.95
1
2.37
2.94
3.55
4.43
2.29
4.41
0.4
2.3
3.27
3.61
4.94
1.41
4.68
0.97
2.18
3.09
4.16
0.56
3.84
1.71
2.4
2.6
3.36
4
1.5
3.82
0.21
4.91
4.71
0.67
1.91
0.8
0.03
3.98
3.52
3.68
0.39
3.26
4.96
1.49
1.68
0.9
4.67
3.48
1.97
1.81
2.55
2.62
3.65
0.55
1.73
3.37
4.1
1.88
4.05
3.81
1.42
4.25
3.35
2.62
0.7
0.51
4.7
0.4
4.91
3.69
1.16
3.23
2.24
4.8
1.89
1.6
2.62
4.49
1.19
0.23
0.25
1.39
4.04
1.74
4.6
0.51
1.42
2.42
4.81
0.54
1.8
0.42
1.41
0.36
2.57
4.44
0.42
3.18
4.19
4.7
2.41
0.7
4.41
1.02
1.32
2.94
1.01
2.24
1.2
0.9
3.1
1.21
0.4
3.49
1.98
1.4
4.88
1.25
4.82
4.15
3.64
1.19
1.39
0.49
2.42
0.99
1.78
2.74
4.52
0.44
4.4
1.55
1.86
2.73
4.93
3.37
2.28
1.6
0.84
3.96
2.39
2.09
2.53
0.24
1.45
4.21
4.85
2.29
1.68
3.1
3.34
4.15
4.14
3.6
4.99
2.99
4.64
3.3
1.94
0.98
3.26
2.09
2.24
4.81
0.58
1.22
4.13
2.67
0.86
3.41
2.23
2.89
2.38
1.75
4.43
2.36
0.75
1.34
4.6
3.17
1.38
4.32
3.51
1.13
1.83
2.76
3.87
1.49
2.22
1.09
3.89
1.84
1.66
1.11
1.51
1.25
2.98
2.18
2.48
0.35
0.39
1.99
3.13
2.01
2.49
4.06
4.29
0.09
4.33
0.98
4.87
2.68
0.61
4.21
0.17
4.76
2.6
4.07
1.55
2.84
4.98
1.28
3.3
1.72
3.75
2.41
3.58
1.55
1.77
0.2
0.39
3.24
0.87
3.43
2.05
2.52
1.47
1.02
1.6
4.38
4.97
2.33
0.37
1.33
3.94
0.97
1.98
3.74
1.19
0.11
0.53
4.18
0.52
4.92
1.42
1.44
2.65
2.85
3.13
0.19
1.86
3.73
4.43
2.4
4.22
3.22
0.71
0.46
1.85
1.86
1.28
2.6
1.67
4.63
2.6
2.05
4.57
4.59
0.25
2.7
4.99
2.58
3.37
1.32
4.16
0.82
0.19
0.56
1.08
0.72
4.69
0.71
0.66
1.93
1.3
3.88
3.01
4.44
1.34
2.73
1.95
0.83
3.16
0.77
3.36
4.43
3.43
0.06
2.19
2.82
4.84
3.98
0.59
1.75
1.03
2.62
3.46
1.41
3.71
3.79
4.03
2.19
2.3
3.74
4.89
1.5
3.84
2.71
1.21
1.68
2.86
3.29
3.98
3.34
2.57
0.52
4.32
4.19
4.49
3.25
3.4
3.84
2.18
3.82
2.96
3.68
3.31
1.39
3.27
2.16
1.11
3.04
4.04
4.32
4.64
2.69
1.11
0.75
2.52
4.77
3.05
3.54
1.77
3.61
0.43
2.37
1.39
4.83
1.9
1.34
4.01
3.01
1.6
4.76
4.53
0.63
2.12
1.63
3.67
1.66
1.15
4.67
3.15
1.75
4.46
3.09
3.05
2.53
1.72
0.69
2.52
2.26
1.95
1.89
3.46
2.91
3.9
2.62
3.44
0.02
3.51
2.2
3.66
3.28
0.65
2.51
3.47
0.04
4.96
4.55
0.05
0.03
4.13
0.69
3.39
4.06
3.73
2.53
2.7
2.02
1.21
3.71
3.87
2.47
3.53
2.2
3.45
4.56
3.88
1.17
2.1
1.12
2.56
2.32
4.76
3.69
3.76
3.12
2.76
3.38
2.08
0.89
3.06
1.37
4.83
1.93
2.92
0.83
0.92
1.96
2.68
2.9
4.22
0.55
4.71
1.65
1.28
0.95
0.94
0.83
2.08
3.24
1.1
3.47
4.36
3.53
4.04
4.9
3.51
4.04
3.07
3.72
2.83
4.17
4.74
1.25
2.89
1.14
1.49
1.6
1.53
3.12
1.92
3.25
2.22
1.52
3.39
0.22
3.41
3.73
0.61
2.06
4.66
1.29
1.63
1
3.44
0.24
3.87
4.37
5
0.68
4.61
3.14
0.32
2.17
1.73
0.06
2.47
0.68
3.46
3.15
1.04
4.49
1.83
2.74
3.48
4.78
0.08
2.62
1.31
2.96
0.5
1.13
1.4
4.67
4.23
1.78
0.05
4.59
3
3.03
3.45
1.03
4.65
4.19
0.32
0.1
3
0.23
0.17
4.24
1.79
0.22
4.23
1.94
0.19
0.41
0.88
4.09
1.12
1.26
3.67
3.23
4.9
1.72
3.98
1.43
3.7
0.42
0.65
3.78
4.47
0.17
3.6
0.85
1.8
0.1
0.89
2.85
0.65
4.81
4.47
1.78
2.4
4.77
1.22
3.79
3.92
4.96
1.03
0.57
4.66
0.47
1.04
3.12
2.94
0.65
4.72
4.2
0.53
0.42
1.34
4.79
1.16
4.42
0.89
2.71
4.35
1.56
2.47
1.62
0.54
0.98
4.62
3.7
3.21
3.79
0.25
1.18
2.45
4.78
1.41
0.36
1.98
1.08
4.7
2.48
1.42
3.09
1.91
2.15
4.25
1.85
0.43
0.18
0.98
3.78
1.04
0.88
0.04
3.05
0.14
1.24
1.77
4.29
3.83
1.1
3.21
3.3
2.85
1.22
1.32
0.58
2.82
4.34
0.83
1.29
1.15
3.23
1.61
4.61
2.51
2.57
3.79
0.04
3.18
3.02
1.63
4.19
4.62
3.25
2.46
0.25
3.61
1.39
1.44
0.18
3.93
2.05
1.69
3.61
4.28
0.04
1.18
3.92
2.25
4.07
3.49
0.3
4.58
4.58
4.27
0.85
2.35
2.36
1.37
1.44
0.67
0.85
0.53
0.84
1.17
3.93
1.73
4.47
2.27
2.42
0.15
4.79
1.52
3.38
2.54
3.69
3.85
0.13
1.25
4.7
4.81
2.27
4.92
4.73
1.79
0.14
1.77
2.53
3.23
4.53
4.94
0.25
2.56
3.18
3.89
3.59
4.07
3.69
1.34
0.77
0.14
4.48
3.61
3.21
3.89
4.17
2.05
4.13
2.23
2.81
3.94
1.33
0.07
0.02
4.58
0.87
0.55
0.47
3.84
3.03
0.71
2.21
3.81
3.93
1.14
3.44
2.78
3.77
4.25
1.37
1.06
1.1
2.37
4.36
3.52
2.01
1.35
0.03
3.85
1.23
4.59
2.26
0.33
3.1
1.35
0.75
0.99
2.1
0.15
4.72
1.34
2.82
4.8
0.49
3.23
4.68
1.96
2.3
3.15
0.77
3.81
0.15
0.42
2.87
0.49
2
0.78
0.94
1.37
3.01
1.14
2.2
4.31
2.43
3.38
1.97
0.77
3.65
1.71
1.39
0.82
4.44
2.62
0.02
0.68
1.15
0.42
0.88
2.47
3.42
2.34
1.59
4.78
4.24
4.63
2.4
1.56
0.52
0.09
4.07
0.41
0.5
1.58
2.07
1.25
2.59
2.86
4.63
2.62
3.21
2.56
3.21
2.47
0.63
2.43
0.86
1.42
3.06
4.52
2.1
3.82
3.49
3.5
3.33
2.1
4.35
0.05
0.34
3.17
2.49
4.47
3.55
1.76
0.58
3.89
2.42
0.77
3.48
2.47
3.44
0.65
1.16
1.36
1.69
4.02
2
4.47
4.13
2.71
4.67
0.46
0.08
0.92
4.72
2.55
1.06
2.74
1.8
3.98
2.38
0.19
1.37
3.18
1.93
0.48
2.83
0.69
1.38
4.48
0.87
3.41
2.64
4.98
0.43
4.07
2.77
0.09
0.75
2.18
2.91
2.89
0.01
0.33
1.77
2.73
1.87
3.6
4.95
0.72
1.75
4.27
0.06
1.5
1.56
0.02
1.17
1.87
4.81
3.33
3.36
3.38
0.97
1.1
2.71
0.77
4.45
1.32
2.28
2.57
4.09
3.72
4.95
4.99
5
1.97
4.46
1.92
2.49
2.07
4.5
2.16
0.99
1.25
3.36
2.83
2.08
3.21
2.74
0.52
2.61
4.39
2.73
4.75
1.42
3.37
2.61
2.17
2.55
0.85
3.35
4.46
3.07
1.58
4.86
1.04
4.47
1.03
4.03
1.37
1.68
3.99
3.03
1.32
3.41
3.97
4.97
4.18
2.61
3.37
2.65
1.98
4.16
4.85
2.08
0.91
2.57
2.67
1.23
1.98
2.73
0.95
3.55
3.64
3.07
3.53
1.23
0.79
0.84
4.46
0.39
2.13
3.15
3.97
3.16
1.95
1.7
0.17
3.52
2.99
2.94
4.71
1.63
2.09
4.64
1.06
2.45
4.08
3.18
4.18
1.54
1.47
0.59
1.55
3.58
2.22
4.21
4.37
0.48
3.98
1.88
3.83
2.31
3.96
2.14
2.83
0.73
1.09
2.39
2.7
1.86
3.69
1.47
1.06
3.95
1.39
2.53
2.84
1.58
0.92
3.67
3.48
0.2
3.1
2.48
3.62
1.02
4.15
3.9
4.64
4.1
3.89
2.64
4.99
0.78
2.97
0.61
2.71
0.14
4.96
4.5
0.63
2.6
3.91
3.47
3.61
1.17
2.56
3.38
3.94
0.64
0.2
3.66
3.55
2.54
4.4
0.87
3.32
1.08
1.97
2.38
0.01
0.16
2.52
3.23
1.58
0.04
0.52
2.94
2.48
4.8
1.99
4.05
4.83
2.36
1.52
3.48
3.29
3.7
4.22
3.55
4.99
4.67
1.95
3.45
4.58
1.81
3.52
4.46
2.02
2.13
1.23
2.31
2.53
2.78
0.37
1.56
2.24
1.58
1.57
4.62
3.48
4.93
0.69
1.13
3.44
2.28
0.16
2.49
0.79
4.11
0.61
4.28
0.38
1.07
2.48
2.74
4.36
0.8
3.71
2.79
3.67
0.52
1.17
0.11
0.8
1
4.32
4.24
0.67
2.93
3.04
2.19
3.76
3.17
0.63
4.18
4.63
2.87
3.53
3.47
0.03
2.68
0.13
0.85
3.12
0.4
4.54
3.94
4.8
4.28
4.19
2.26
2.44
2.09
3.76
4.42
1.06
3.07
4.44
4.39
1.75
3.48
1.98
1.53
2.46
0.88
3.17
0.93
2.32
2.68
2.91
0.16
4.62
2.77
3.68
3.61
4
1.93
2.42
0.54
2.92
3.65
2.37
0.62
2.4
0.26
0.51
3.62
0.08
3.97
1.43
4.31
3.53
1.43
4.58
1.93
4.06
2.26
4.29
0.02
1.99
2.72
1.07
4.35
1.58
2.54
4.98
3
2.08
4.05
0.61
3.89
0.42
4.34
1.7
3.92
1.84
3.45
1.32
3.32
1.81
2.54
0.86
3.31
2.89
0.7
1.23
1.02
4.3
0.89
1.35
1.74
1.21
2.85
4.62
0.45
4.31
2.67
1.01
3.4
0.9
4.71
3.37
4.91
0.63
1.78
3.05
2.14
4.74
4.37
3.23
0.86
3.92
1.3
2.9
0.79
3.84
2.76
1.74
4.6
0.63
1.03
2.48
1.05
1.97
1.41
3.79
1.38
2.19
1.17
4.41
1.88
1.42
3.91
4.26
4.62
2.81
2.54
0.49
1.36
3.61
4.13
0.76
1.4
4.08
4.75
0.5
3.68
3.15
3.01
2.45
0.64
4.64
4.23
3.05
2.05
4.56
1.2
3.24
2.79
0.37
0.22
1.78
1.13
4.1
1.67
2.32
3.27
1.75
3.41
4.25
4.11
0.29
3.4
2.51
3.39
3.95
0.82
2.52
1.17
4.88
2.65
1.34
3.5
3.86
4.41
3.22
4.37
2.39
1.84
1.93
2.98
2.16
0.56
0.2
1.49
1.16
1.51
4.17
3.93
0.02
2.71
0.24
0.96
0.43
1.41
4.28
1.38
0.62
0.37
2.43
0.22
3.76
3.46
2.88
3.72
0.99
3.43
1.69
2.3
3.93
1.6
2.07
4.7
2.9
3.75
1.92
3.76
3.86
0.04
3.09
2.89
4.72
0.98
3.96
4.89
3.04
2.11
0.44
1.89
0.41
1.94
3.07
0.48
4.87
3.03
0.01
3.45
3.65
3.17
1.35
4.8
2.14
0.57
3.63
3.65
3.78
4.36
1.72
0.84
1.27
4.79
2.01
2.81
2.66
0.36
4.28
2.43
4.24
2.31
4.87
2.94
2.38
1.29
3.25
0.58
1.59
4.27
4.67
0.36
2.21
3.54
2.58
4.71
0.04
3.03
4.81
4.89
2.04
2.66
1.69
4.7
3.75
2.42
1.77
4.69
1.25
1.32
1.57
1.27
4.1
2.78
1.51
4.63
1.43
1.34
1.22
0.8
3.52
0.77
3
2.29
0.45
1.48
0.38
3.34
3.87
2.15
1.61
4.67
0.03
0.41
2.2
2.64
0.99
4.1
2.83
0.42
3.66
1.45
3.86
3.77
4.52
2.07
1.51
1.63
4.82
3.37
4.19
1.37
2.48
4.5
3.68
1.44
0.6
3.91
2.46
0.98
1.33
4.48
1.18
4.89
2.66
4.03
4.79
0.13
4.56
1.6
1.85
2.1
1.84
4.7
4.03
4.31
2.28
0.21
4.46
2.09
4.5
0.03
4.99
0.73
1.18
0.83
1.68
3.42
3.99
0.7
0.05
4.1
1.13
0.6
4.62
1.32
3.23
4.65
4.87
0.93
1.67
3.72
1.76
1.82
4.25
2.95
0.14
2.14
3.1
4.46
4.59
3.83
0.3
0.67
3.22
2.34
0.53
1.01
3.76
3.77
2.74
3.43
0.3
0.4
0.65
2.62
3.92
4.86
1.17
3.16
1.59
1.24
0.07
0.7
4.98
2.8
4.09
2.67
0.49
0.46
1.04
3.91
2.18
3.7
4.33
4.27
4.15
1.62
1.55
2.2
3.75
2.34
2.33
2.4
0.72
2.39
0.76
2.43
2.52
1.47
2.68
4.91
4.52
3.41
2.19
3.49
4.91
1.18
4.92
0.92
4.3
1.75
2.14
3.01
0.84
3.86
2.96
0.1
4.09
2.68
0.7
4.47
3.21
3.65
1.31
4.46
0.43
3.06
4.23
0.97
3.56
0.68
1.7
0.54
1.66
2.53
4.79
4.53
1.95
1.34
2.92
0.68
4.33
1.8
4.24
4.1
2.09
2.79
3.02
2.12
3.61
4.13
3.97
2.09
3.99
1.99
4.85
3.17
4.71
