3.07
2.36
4.86
0.56
3.08
0.29
1.52
1.62
3.85
0.09
4.28
1.88
3.67
4.07
4.32
2.06
3.05
0.94
0.66
2.06
4.61
1.7
4.79
3.16
4.67
2.49
2.91
4.66
2.48
3.65
1.13
3.68
4.07
2.99
4.2
1.4
0.78
0.48
1.27
4.31
0.38
0.86
3.66
1.58
0.82
3.12
2.74
3.8
3.67
4.78
1.75
0.4
1.95
3.93
0.01
3.44
0.79
3.11
2.1
4.43
0.15
1.05
4.72
1.88
2.22
3.13
3.5
0.42
1.76
1.03
4.2
1.35
2.44
1.56
0.74
3.07
3.27
1.99
2.71
0.25
1.78
1.97
0.41
3.99
2.35
4.62
1.7
3.66
0.81
3.43
1.22
4.48
3.46
1.21
0.56
2.19
0.4
0.17
3.97
2.8
4.71
3.84
1.34
4.05
3.03
0.32
3.05
4.01
4.68
1.27
2.96
0.91
1
1.33
1.52
3.99
4.3
2.37
0.24
2.42
1.21
3.99
4.95
3.79
4.01
4.37
0.86
3.95
2.3
1.11
3.15
0.56
1.26
0.19
4.31
3.48
3.16
4.99
2.38
4.1
3.64
1.59
2.13
3.36
3.11
2.36
3.14
4.91
3.61
0.63
3.89
2.28
3.3
4.62
4.12
4.97
0.47
2.28
1
0.23
2.52
3.65
0.85
1.12
4
4
3.56
4.22
3.6
4.29
4.99
2.42
0.15
1.7
3.33
2.02
2.06
4.49
4.95
1.58
4.13
4.89
3.06
0.45
3.22
0.68
2.93
0.51
3.73
4.82
0.52
0.08
3.75
4.44
3.28
2.79
0.77
2.67
4.39
1.16
0.08
0.48
4.41
0.51
0.14
1.01
2.69
1.01
4.83
0.91
0.78
3.3
3.17
0.21
4.06
4.2
3.9
3.95
3.28
1.84
3.09
1.58
3.93
4.48
4.7
1.39
0.4
1.39
4.81
2.47
4.09
0.6
3.7
4.84
3.48
1.01
3.19
0.07
3.88
4.72
0.83
3.69
1.78
0.72
4.01
0.25
2.79
4.17
2.42
2.51
3.98
4.59
4.03
3.69
0.23
2.57
3.5
3.97
3.02
2.81
2.98
1.22
1.45
0.1
3.26
0.05
1.85
4.2
0.47
2.66
1.67
4.56
1.06
3.84
4.14
3.58
4.38
1.01
1.65
2.35
2.32
1.98
4.34
3.41
0.19
1.61
2.27
3.92
3.87
1.51
3.02
2.13
1.32
4.17
4.01
2.58
2.44
4.57
1.95
2.55
0.78
4.53
0.54
3.71
1.36
2.89
2.9
3.54
1.59
2.3
3.38
2.88
2.59
4.99
4.66
0.32
2.44
2.54
4.92
4.85
2.03
2.23
3
0.52
0.11
2.1
3.68
2.66
4.07
2.54
2.31
4.73
1.25
3.6
4.17
4.67
4.43
4.82
1.29
2.1
0.19
3.69
0.48
1.28
1.45
2.94
0.38
2.43
4.94
3.98
2.08
0.44
3.91
0.18
3.72
0.62
1.86
3.49
3.14
3.47
1.09
1.13
1.52
4.29
0.81
2.1
0.61
0.56
0.2
4.77
0.31
4.06
0.16
3.05
3.97
3.81
3.49
2.23
1.28
3.02
4.3
3.08
1.9
1.62
3.49
4.77
4.91
3.65
4.59
0.57
1.25
4.42
2.66
4.01
3.89
3.83
0.56
2.16
1.59
4.84
2.67
2.31
2.88
0.34
3.4
1.44
0.52
0.59
1.74
3.69
3.79
4.06
2.13
3.69
4.79
0.72
4.53
4.06
3.88
1.65
0.03
4.43
4.65
0.52
3.11
2.22
0.48
3.31
4.12
3.54
0.12
0.91
1.36
0.7
2.29
0.42
0.1
1.18
2.87
4.01
4.39
4.33
3.59
3.87
4.65
3.68
4.43
3.53
2.48
3.9
1.83
3.47
0.36
2.65
3.72
2.23
4.54
0.11
0.22
2.42
1.44
0.74
3.11
3.25
2.94
4.1
0.83
2.95
2.72
4.54
1.43
2.99
4.34
4.39
2.08
2.58
4.73
3.02
0.04
2.75
2.4
3
3.53
0.24
2.74
1.23
3.99
2.79
4.26
1.61
2.76
2.43
2.85
2.03
3.85
2.77
3.04
2.05
4.87
1.49
0.71
2.25
1.29
0.45
4.45
2.84
3.07
4.09
2.25
3.61
4.01
3.17
1.44
2.5
0.98
2.76
2.79
1.03
4.13
2.49
0.28
4.61
3.65
4.2
3.07
2.8
2.26
4.91
0.43
2.19
1.2
4.25
2.46
1.06
4.32
4.26
2.67
0.99
4.25
2.37
1.71
3.87
2.26
4.02
0.09
4.63
0.1
1.37
4.5
0.49
2.9
0.08
3.32
0.16
3.04
1.08
0.86
3.81
0.84
4.23
2.8
1.3
2.91
4.18
2.94
2.53
3.84
2.06
3.46
4.55
0.09
3.25
1.34
3.49
4.25
3.83
0.75
0.56
1
0.32
1.43
1.28
4.81
2.83
2.89
4.02
0.09
4.8
2.43
1.66
3.63
2.49
4.61
0.02
4.6
1.9
3.57
1.46
4.81
2.29
3.1
2.43
0.21
4.5
2.23
1.4
0.71
4.03
1.19
2.54
1.82
3.9
1.95
3.45
0.75
3.05
1.98
0.95
4.5
3.9
1.5
2.31
1.23
4.67
4.7
1.63
4.73
2.32
0.53
1.68
3.92
0.32
0.15
4.53
4.92
0.9
3.08
3.5
0.28
0.56
1.65
0.31
2.25
3.5
1.91
0.22
2.8
3.53
3.29
1.14
1.04
3.08
1.69
2.11
1.79
2.9
2.09
4.16
0.81
0.39
1.73
0.11
3.56
2.53
3.67
3.23
2.01
3.45
1.37
3.09
2.59
1.97
4.36
1.62
3.89
4.68
0.57
2.25
4.04
0.79
4.71
3.2
2.4
3.64
3.1
4.53
4.76
3.84
4.5
0.48
2.48
4.07
4.87
3.39
2.16
4.48
2.36
4.25
1.77
4.8
3.8
0.53
0.74
4.08
2.64
2.26
2.14
2.12
3.22
4.03
2.59
0.19
1.63
0.43
3.23
4.34
4.31
1.32
3.55
1.09
2
4.75
0.11
0.04
3.4
1.51
3.9
2.86
4.74
1.45
4.21
4.6
3.39
1.96
1.71
2.33
1.04
1.08
0.6
2.26
4.53
3.54
1.1
3.06
3.16
3.19
1.85
1.27
2.58
0.63
2.85
3.98
0.83
0.26
3.57
2.73
2.84
2.44
4.89
3.71
0.91
2.12
3.72
4.4
2.53
0.98
1.53
1.85
0.77
1.63
4.46
0.15
3.27
3.22
1.18
4.63
4.27
0.77
3.3
1.39
4.79
3.93
3.3
2.17
2.3
1.13
2.55
3.49
3.87
1.38
2.67
3.23
4.11
2.31
0.81
3.31
3.07
1.53
4.09
2.39
0.75
3.37
4.35
3.51
1.91
0.56
1.55
3.12
4.71
0.66
2.81
3.19
2.07
4.9
3.21
0.52
4.41
4.96
3.76
4.8
2.65
3.34
0.73
3.97
4.39
1.76
4.09
4.98
2.01
4.91
1.16
3.79
2.74
4.05
0.25
0.03
2.15
0.08
3.46
1.56
1.8
3.61
3.18
4.73
2.45
2.25
0.01
2.24
4.28
2.94
1.86
3.2
4.37
1.5
1.23
3.9
4.27
4.95
1.12
1.41
4.59
4.8
3.16
1.77
2.27
4
0.71
1.72
2.21
0.02
4.65
3.73
2.34
0.85
2.06
4.58
2.75
1.53
3.48
1.59
0.29
3.57
3.65
1.5
3.79
1.73
3.59
4.34
4.67
2.31
1.85
3.91
1.58
0.8
0.76
4.12
2.93
0.61
0.25
0.77
0.98
4.91
0.72
0.96
1.09
0.64
4.35
3.39
1.19
3.11
4.61
2.24
2.2
1.15
4.04
4.85
2.72
1.5
3.1
4.87
2.67
3.81
4.92
4.29
3.42
0.68
2.7
3.51
3.22
1.89
4.4
4.89
3.01
3.39
1.91
3.74
5
2.14
3.84
3.19
0.39
2.21
1.88
3.43
1.09
3.13
3.14
4.33
0.24
1.25
0.78
1.51
0.63
3.25
3.29
1.16
0.95
1.71
2.32
4.45
0.82
3.01
0.97
4.65
2.5
3.11
1.36
4.76
4.58
3.78
1.25
1.51
4.5
2.14
1.68
0.91
0.3
3.95
0.52
2.05
4.43
2.85
2.77
3.29
2.19
2.54
0.64
0.93
2.23
3.19
3.81
4.48
4.08
1.23
2.01
2.09
3.75
3.87
1.01
1.26
4.59
2.66
4.4
4.28
2.94
3.36
0.14
3.73
3.75
0.27
4.39
4.24
4.33
3.07
2.58
0.55
4.85
0.81
2.42
1.98
3.43
1.3
2.36
0.17
0.39
0.31
3.92
1
1.74
4.31
0.88
0.01
4.1
2.06
4.36
0.15
1.85
0.67
3.03
2.97
2.42
4.25
1.14
1.86
2.98
1.92
3.86
0.79
2.1
4.29
2.89
4.93
0.92
4.34
3.16
1.42
4.77
2.53
0.86
1.06
3.65
0.46
2.03
1.07
2.45
1.56
2.23
3.6
2.39
0.43
2.42
2.41
3.83
4.52
3.36
4.57
1.3
4.8
0.54
1.74
0.37
2.82
1.99
2
3.9
0.84
3.17
0.9
4.51
3.71
2.15
0.05
0.08
2.46
0.62
0.8
2.06
1.43
4.93
3.88
2.93
2.56
4.49
0.25
1
4.39
0.59
0.31
3.88
1.74
4.38
1.84
3.81
3.38
2.14
4.65
4.2
3.11
0.05
4.89
1.36
1.4
1.56
3.03
4.93
3.84
0.62
2.88
4.29
2.23
1.3
0.61
1.5
1.43
3.77
0.28
1.3
2.54
3.83
4.94
2.08
0.84
1.67
1.53
2.61
4.07
4.38
2.23
4.29
2.11
1.17
0.87
2.25
2.75
1.57
4.91
3.88
2.88
3.48
4.08
2.9
4.24
3.33
4.32
4.02
4.74
4.25
4.84
4.44
0.61
2.49
4.56
0.3
4.54
4.73
2.06
4.09
3.32
1.58
4.34
0.57
0.51
1.53
2.5
3.71
1.86
0.09
0.29
0.45
2.54
2.89
1.54
4.85
2.25
4.33
4.26
0.93
4.19
3.9
0.5
3.51
1.56
1.21
3.75
3.62
4.31
1.02
0.84
0.74
4.5
4.8
3.18
0.42
0.37
1.1
0.15
4.62
1.58
2.1
4.15
2.62
0.97
1.52
3.85
1.67
3.28
0.72
3.17
2.63
3.57
0.74
2.19
4.41
2.24
2.05
4.75
4.15
1.66
3.61
1.87
1.95
4.36
0.75
1.13
2.11
0.78
2.48
1.52
1.92
4.14
0.96
2.06
3.44
4.95
2.16
0.62
4.43
1.66
0.4
2.7
4.15
0.68
3.25
2.38
1.39
4.95
1.64
3.12
1.86
4.6
2.33
2.07
4.92
4.41
1.9
1.96
0.26
1.93
3.93
4.29
2.44
1.01
2.61
3.92
1.16
1.92
0.88
4.3
4.94
1.37
4.57
2.04
3.42
3.78
4.97
3.94
2.18
2.94
2.66
4.9
3.05
4.84
4.95
2.76
3.76
4.33
3.67
3.51
3.68
1.18
4.89
3.83
2.61
0.3
0.38
1.11
1.43
2.06
0.96
4.5
2.33
1.72
0.69
3.45
2.92
3.53
3.61
2.73
2.5
1.16
1.61
2.33
4.96
3.38
2.83
1.47
4.58
2.87
4.25
0.6
1.34
3.91
2.45
1.79
2.63
1.11
2.21
2.78
2.58
2.73
1.25
1.12
1.02
4.3
1.78
0.42
0.98
3.37
2.98
3.25
0.07
1.87
0.34
2.74
2.11
2.17
3.47
0.15
0.68
3.4
3.48
4.47
3.11
1.82
1.48
1.53
0.24
1.68
3.88
2.15
4.5
4.71
4.34
4.7
4.86
3.96
3.59
1.65
2.8
2.06
1.25
2.31
1.76
1.01
2.56
1.84
4.95
0.2
4.71
4.03
3.43
3.51
1.37
2.17
4.64
4.99
2.08
4.46
3.91
2.75
1.56
3.67
2.61
1.85
1.64
4.8
1.42
1.15
3.18
4.99
1.3
3.1
0.25
1.74
2.07
3.48
3.84
1.78
3.38
1.96
0.88
1.49
3.2
0.07
0.42
1.59
1.21
4.42
1.47
3.72
3.71
1.54
2.88
3.67
3.45
2.61
0.65
0.66
0.29
2.93
2.63
1.51
1.33
3.13
3.53
3.54
4.47
3.88
1.16
0.39
2.31
2.06
1.77
4.83
4.45
4.73
2.86
1.83
4.84
3.14
4.78
4.38
3.12
1.61
1.75
0.82
2.09
1.49
4.42
1.44
4.54
1.71
4.78
0.89
3.25
2.56
2.68
3.88
2.72
3.67
3.33
1.22
2.56
2.7
2.11
2.28
2.58
4.05
2.28
4.29
3.52
0.13
4.73
0.08
1.24
2.48
2.36
1.04
1.62
2.07
3.86
0.44
0.56
1.68
3.29
1.84
4.23
2.44
4.41
4.65
0.63
4.08
4.57
1.17
0.16
0.63
4.39
0.42
3.46
2.09
0.07
3.28
0.8
4.28
1.45
1.42
2.81
3.98
0.03
4.62
1.51
2.92
4.79
1.9
0.52
3.86
3.05
0.26
0.41
0.71
0.37
1.62
3.78
0.58
2.41
4.51
4
4.16
3
0.64
2.08
2.29
4.97
3.97
3.26
0.1
4.13
1.58
2.58
2.67
1.82
0.81
0.82
3.64
3.53
1.71
0.55
4.07
4.03
4.8
2.63
2.84
3.18
1.72
3.7
1.49
1.58
0.32
1.57
3.55
4.21
2.49
3.66
2.7
2.09
4.08
1.59
4.55
4.49
0.19
4.91
4.65
3.02
0.49
0.32
0.3
4.26
1.15
2.88
1.03
0.77
4.2
1.92
1.51
0.36
3.58
4.06
4.12
1.19
3.5
4.51
0.68
2.19
1.73
2.78
0.94
2.64
4.78
2.09
3.85
4.7
0.8
2.94
3.02
4.95
4.25
2.96
1.21
0.91
1.02
3.01
4.7
3.53
1.72
2.42
0.24
0.22
4.78
4.86
2.89
0.33
2.72
1.07
3.57
0.81
4.43
2.46
2.74
3.81
2.35
4.53
3.76
3.61
2.98
2.87
2.39
0.87
0.15
1.33
2.42
0.87
4.52
0.91
3.31
4.34
0.74
3.17
3.88
1.14
4.23
4.02
2.22
0.21
1.73
0.77
1.86
4.25
3.64
1.54
2.77
0.55
1.02
4.81
0.95
3.62
4.87
2.78
1.58
2.91
0.96
4.88
4.18
1.72
4.61
1.5
0.78
0.32
3.54
1.37
4.07
1.04
4.6
1.31
1.04
4.23
0.13
3.98
3.13
0.37
4.71
4.82
0.13
3.18
2.71
3.46
4.83
4.88
4.62
0.64
1.92
3.1
1.87
0.39
0.38
4.86
3.2
2.73
0.88
1
4.42
4.61
4.15
2.21
1.2
3.85
4.07
4.21
2.34
3.15
3.19
4.36
4.8
0.83
2.92
0.07
4.43
4.61
3.19
0.66
1.23
2.49
1.31
2.26
1.54
1.86
0.06
2.55
2.91
2.36
3.73
1.25
1.2
0.67
3.19
3.95
4.75
4.75
2.92
0.71
3.63
0.71
1.87
1.37
3.48
0.5
3.43
1.63
0.96
4.26
0.76
3.57
3.61
4.7
4.63
2.34
2.64
2.49
0.04
2.73
2.04
1.15
2.01
0.5
4.36
3.16
1.55
2.92
2.64
2.64
3.57
0.33
2.84
1.71
1.02
0.35
0.81
0.4
3.7
0.54
4.6
4.63
0.79
2.51
3.41
3.25
4.61
3.66
1.79
3.86
4.01
2.26
4.03
4.42
2.34
2.46
4.42
2.64
4.8
1.7
3.21
1.22
2.75
0.43
3.94
4.25
0.28
0.64
1.14
4.73
3.92
3.7
1.6
1.55
3.23
2.57
0.53
1.59
0.52
2.71
0.23
0.85
4.63
0.03
2.35
2.31
1.6
3.23
2.09
0.72
2.16
4.97
2.5
1.46
3.3
4.25
1.89
0.46
2.02
1.74
3.3
3.51
0.28
4.92
3.59
0.98
2.57
2.54
4.41
4.74
3.15
4.7
2.59
3.03
2.07
1.72
2.51
2.28
1.65
4.2
2.41
4.34
0.15
4.41
1.08
1.24
2.35
2.44
0.27
0.52
0.74
0.23
1.07
3.99
0.47
2.2
0.12
0.49
0.58
0.02
0.4
4.52
2.55
1.85
1.67
1.52
1.27
1.04
2.44
3.1
3.27
2.79
3.83
4.05
1.45
3.68
2.21
2.46
0.18
0.13
4.05
3.23
0.52
0.73
0.05
3.82
0.12
1.95
0.97
4.04
4.69
4.79
2.71
1.51
1.82
3.7
4.08
2.92
0.61
1.04
0.85
0.79
4.32
1.64
0.68
3.17
0.18
0.82
3.4
0.96
0.63
3.27
1.01
4.6
0.19
3.64
1.59
3.24
3.34
0.04
1.57
4.35
1.45
3.67
1.22
2.53
2.7
2.94
3.02
3.12
1.94
1.46
4.42
0.66
4.33
4.55
3.33
2.38
2.53
4.06
0.42
3.87
1.37
4.62
1.1
4.16
5
0.94
0.1
2.67
0.38
0.55
3.3
3.61
4.8
0.59
2.7
0.61
3.03
2.62
1.93
3.17
0.09
1.4
1.55
0.62
1.61
0.84
2.98
0.46
2.35
1.24
2.93
3.79
2.22
3.52
1.83
4.52
1.83
3.27
0.12
3.43
3.59
3.07
0.38
0.78
4.55
4.64
2.07
1.09
1.2
4.85
1.98
3.74
4.09
2.71
0.88
4.83
1.26
3.78
3.02
0.24
2.94
1.21
1.49
0.94
0.17
2.1
0.65
2.63
2.43
2.41
3.57
2.13
1.26
3.11
4.95
3.75
2.62
3.54
2.14
0.56
3.98
2.79
1.86
1.2
2.27
1.73
0.65
2.07
0.01
1.88
4.84
1.14
3.46
0.86
3.3
0.5
2.39
1.24
4.6
4.98
0.06
2.9
0.61
0.21
3.91
1.34
0.08
1.97
0.49
2.11
4.04
0.65
1.35
0.91
2.09
0.35
3.5
2.61
4.25
2.08
1.82
0.74
0.09
4.79
4.25
4.73
0.44
3.14
1.45
0.42
0.52
4.05
2.95
1.19
4.08
1.82
0.99
1.11
1.27
1.84
4.02
3.43
2.94
1.31
1.77
0.75
3.64
0.04
2.61
4.73
0.35
2.11
1.53
2.37
4.39
4.07
2.21
1.65
0.58
0.76
4.79
3.54
3.58
3.58
1.02
3.23
4.74
4.33
1.89
4.88
2.78
1.33
2.51
3.33
4.59
4.77
2.58
2.01
2.2
4.04
3.38
4.16
4.34
4.37
0.41
1.41
4.86
0.48
1.6
2.45
0.28
1.99
0.11
2.98
3.33
3.74
4.55
1.65
4.57
0.74
2.11
3.34
3.76
3.28
4.81
2
1.22
3.17
2.14
4.97
2.59
1.68
4.62
4.19
3.8
0.14
3.15
1.93
4.25
0.98
4.81
2.95
2.89
1.62
2.55
0.38
1.13
3.93
3.31
2.67
1.69
2.02
2.01
4.13
0.53
1.46
1.14
4.9
1.43
4.74
4.46
3.73
0.17
1.26
1.87
3.14
4.87
4.38
0.33
2.29
2.17
1.27
3.36
4.77
4.24
1.37
2.63
1.01
3.83
3.2
0.21
1.69
2.42
3.58
1.05
1.61
3.12
2.68
0.62
3.95
3.72
3.29
3.63
1.82
4.75
4
0.81
2.92
3.52
2.19
3.12
2.73
0.48
4.53
1.39
4.95
2.45
3.4
2.75
3.34
1.46
3.01
2.52
0.68
3.38
0.33
4.4
4.38
2.2
3.67
2.16
0.62
2.37
1.8
1.86
3.2
2.86
2.55
3.36
2.89
3.58
0.94
3.67
0.45
2.71
4.25
2.22
2.33
4.36
3.95
4.18
3.77
0.41
4.03
0.78
4.04
3.5
1.46
3.57
0.66
0.07
0.32
4.43
3.09
3.18
3.18
1.95
3.94
2.99
2.02
1.66
3.66
4.3
0.31
3.24
0.67
0.2
1.5
4.86
2.68
4.44
0.4
3.94
2.13
2.65
4.11
3.81
0.95
2.5
3.16
0.32
4.06
2.45
0.2
4.9
2.41
2.85
2.68
0.25
1.49
4.94
3.86
3.05
2.21
2.08
0.44
2.34
3.34
0.46
4.41
4.81
4.06
0.44
3.89
1.55
4.12
1.83
0.56
0.66
3.17
4.76
4.48
0.16
3.26
0.6
0.9
3.52
0.63
4.94
3.38
4.34
1.62
4.7
3.41
3.86
0.94
2.08
4.04
0.11
4.16
0.04
0.01
3.18
0.67
0.36
3.57
3.23
3.9
1.48
2.58
3.65
4.72
4.32
3.61
4.93
1.18
1.98
2.04
4.59
2.93
3.1
1.6
4.76
1.64
3.23
4.79
0.34
3.6
2.3
0.94
3.11
1.45
0.24
4.83
1.38
4.42
0.01
4.64
4.29
1.05
1.48
1.67
2.69
1.82
0.24
3.78
3.45
1.09
3.93
3.89
4.7
3.64
4.58
2.47
3.31
1.93
2.65
3.51
1.76
3.69
2.48
2.55
2.35
4.21
3.29
1.2
0.06
0.92
4.77
4.03
2.08
4.64
4.87
4.71
2.05
0.51
3.76
0.25
1.91
0.28
2.73
3.58
4.18
2.85
2.42
4.76
1.68
2.85
0.03
