1.27
2.94
3.99
1.27
2.67
1.28
2.38
4.04
0.23
3.49
3.08
1.7
1.09
3.64
4.22
4.3
1.51
0.54
4
0.52
1.97
4.87
2.26
1.76
3.22
3.73
4.74
1.38
4.16
4.21
3.92
0.81
3.04
3.15
4.52
4.68
2.91
3.78
2.65
4.12
2.31
1.05
3.93
1.95
2.33
0.83
3.55
2.63
1.24
4.42
4.1
2.13
3.52
0.84
4.06
3.72
1.3
2.11
0.35
2.99
1.48
2.7
3.38
2.22
0.4
2.71
0.97
4.7
3.7
3.27
3.1
1.09
3.09
0.32
3.89
3.33
4.52
1.66
2.61
0.86
0.45
1.85
0.67
0.68
0.56
3
2.24
3.01
2.23
1.55
2.88
0.41
0.16
3.34
1.78
1.13
1.46
2.56
3.66
3.97
3.64
0.08
0.91
3.74
3.22
0.18
4.28
0.99
3.59
3.06
4.4
3.57
4.62
2.2
0.61
1.68
4.93
4.43
0.19
2.66
0.65
4.91
0.53
1.14
2.99
2.03
4.8
2.8
2.91
0.86
3.45
2.71
0.93
0.82
0.34
1.18
3.54
0.58
2.79
2.25
4.82
2.94
2.66
2.52
3.16
2.16
3.59
0.2
2.04
0.63
1.68
3.02
0.78
3.13
4.55
3.71
2.44
0.6
3.74
2.6
1.7
0.63
4.89
3.46
1.91
4.12
3.89
0.29
2.39
1.32
3.77
2.37
1.95
3.99
1.64
3.67
1.56
1.4
4.41
1.83
3.41
0.49
4.34
1.92
1.8
2.99
3.95
4.36
4.46
4.71
2.36
0.15
2.24
1.58
2.75
1.65
3.05
1.41
2.37
3.92
1.23
2.97
2.97
2.54
1.06
1.06
3.24
0.01
3.37
0.92
0.62
3.21
2.32
2.23
0.29
1.43
0.16
2.89
2.47
3.22
3.98
2.41
2.56
0.62
0.57
1.91
3.21
0.19
4.54
4.4
2.23
0.81
1.94
1.65
3.63
0.19
1.39
4.17
4.63
0.22
0.3
2.77
3.84
4.9
3.19
2.59
3.71
3.53
2.32
0.14
2.98
1.03
4.46
1.15
3.98
3.53
3.68
2.05
4.95
2.14
1.26
2.19
3.64
3.2
2.77
3.94
1.11
1.99
3.85
2.68
1.23
0.45
3.1
2.57
1.34
3.64
1.01
4.31
1.49
4.33
3.83
0.71
4.79
1.44
2.75
1.04
0.7
3.99
2.93
4.12
0.38
0.89
1.83
3.2
1.28
4.22
4.57
3.33
2.79
2.22
1.11
4.24
3.29
1.38
3.86
3.8
1.81
1.16
3.12
2.6
0.63
4.19
4.72
0.54
1.59
4.69
3.4
2.25
1.2
4.93
3.48
3.06
4.61
3.16
4.03
0.05
3.07
3.46
0.1
1.31
2.65
4.84
0.96
1.1
3.77
3.05
1.38
0.19
1.45
3.38
4.43
4.2
3.56
3.6
2.09
0.07
1.81
4.26
2.05
0.43
2
4.48
4.92
2.81
3.16
4.15
3.4
1.88
4
1.89
2.04
3.76
2.02
0.91
1.23
0.08
2.67
1.81
2.5
1.24
4.64
3.23
4.35
4.41
2.01
4.95
2.17
0.34
3.16
3.18
1.39
1.72
1.54
3.31
0.05
1.17
1.48
4.76
0.63
2.39
1.46
2.51
0.32
3.38
2.29
2.03
2.67
0.7
0.87
2.47
0.3
3.97
1.78
4.72
3.69
4.93
4.14
1.63
3.98
4.99
2.5
4.69
1.87
1.97
3.24
3.73
2.5
1.48
2.2
4.18
2.44
1.57
1.91
0.16
2.79
2.71
3.9
2.34
2.6
0.39
2.45
2.86
2.19
1.7
1.87
1.35
4.5
3.68
2.52
0.74
1.98
4.38
1.45
4.16
2.48
3.84
4.66
1.43
4.45
4.15
2.86
1.44
1.15
3.68
0.41
2.87
3.46
2.64
1.82
3.57
3.73
4.86
3.53
4.51
4.14
2.99
0.64
3.95
3.43
1.07
1.17
1.97
3.8
2.03
2.34
2.21
3.41
3.65
4.41
0.1
2.67
4.13
4.11
1.81
0.58
4.53
3.27
2.14
2.73
4.28
3.48
1.24
0.38
2.19
3.6
0.01
0.57
3.37
1.71
2.76
1.11
1.54
2.21
0.35
4.71
3.48
3.05
4.01
2.04
4.64
3.85
2.67
1.12
2.84
4.94
2.11
2.87
1.2
2.06
2.86
0.22
2.5
4.91
4.13
3.23
0.47
3.28
5
0.13
4.38
4.82
4.46
1.11
1.4
3.03
4.57
3.75
4.45
3.99
2.23
3.34
1.62
2.85
0.21
3.03
3.87
3.72
4.62
2.66
0.28
0.91
2.45
4.09
1.69
0.73
2.83
3.52
0.71
3.13
1.08
4.43
0.46
4.21
0.85
2.19
3.64
1.15
0.41
4.35
1.25
2.76
0.21
4.19
2.94
1.13
2.48
3.96
4.95
1.55
3.97
3.57
4.31
0.68
3.5
4.42
2.44
0.25
1.7
4.77
1.77
3.69
4.1
4.7
4.17
4.67
0.92
3.63
3.38
3.4
0.22
0.55
0.71
4.61
2.34
3.09
2.98
4.7
1.01
4.92
4.34
1.23
0.38
2.52
4.3
2.55
3.35
2.94
0.68
0.03
1.94
0.52
3.51
2.17
4.51
3.66
0.95
3.24
3.58
3.15
3.12
3.49
1.8
1.66
4.77
3.9
2.71
0.67
2.06
2.2
3.83
2.62
3.75
4.74
3.31
2.28
4.43
1.26
2.46
2.1
1.96
2.6
3.16
2.07
0.85
0.75
3.41
1.56
4.66
3.76
1.64
3.26
3.47
0.11
1.57
4.97
3.75
3.81
1.31
1.32
1.2
3.68
2.43
4.99
3.43
0.43
4.55
2.76
2.74
1.66
2.53
2.96
3.59
2.59
1.54
0.88
2.94
3.62
3.79
0.22
0.69
0.86
1.48
4.15
3.47
0.3
4.43
2.12
3.48
0.65
1.16
1.42
4.87
2.26
1.3
4.8
2.73
4.71
4.52
4.65
1.33
1.35
0.15
2.68
3.49
0.42
0.66
1.85
0.23
5
1.81
1.93
1.35
3.29
0.91
4.09
0.28
1.85
3.05
1.61
0.04
1.4
0.44
0.46
2.18
0.79
4.22
1.93
2.18
4.38
0.66
0.28
0.25
2.45
3.31
0.03
2.78
2.91
1.31
4.2
0.14
1.35
3.07
0.8
3.36
2.53
1.63
3.4
3.42
4.75
2.25
1.14
1.83
4.68
0.23
0.23
4.65
4.98
2.87
3.58
4.2
0.83
2.03
2.61
4.49
4.59
1.86
1.49
2.62
2.23
3.1
3.5
1.99
3.74
1.21
3.02
2.63
3.86
1.44
4.08
3.03
1.54
2.06
3.25
4.03
3.87
1.46
4.39
4.81
2.77
4.66
2.75
1.99
3.68
1.13
4.65
4.65
0.62
3.37
1.51
2.59
1.07
1.65
1.31
1.38
4.22
4.94
4.9
1.78
1.72
2.71
4.3
2.11
0.16
4.12
2.04
0.11
2.82
4.2
0.24
4.78
4.78
3
2.99
3.15
4.91
3.64
2.94
0.18
2.46
2.09
2.24
0.92
0.8
1.44
1.16
3.86
4.63
1.58
3.71
0.36
1.12
0.48
1.02
4.61
1.03
0.73
0.35
1.67
2.17
0.38
1.25
1.01
3.11
1.95
0.53
0.2
0.35
2.05
5
0.74
3.36
0.03
3.11
2.89
3.77
4.15
4.81
0.26
0.39
3.36
2.36
2.27
3.94
1.23
3.14
2.29
0.85
3.48
2.24
1.29
4.79
1.53
3.96
4.81
4.44
2.02
0.53
3.04
3.05
3.13
3.98
0.87
3.64
0.27
4.32
2.32
4.9
4.23
1.22
4.81
3.78
4.84
4.31
0.85
0.17
3.92
2.03
2.06
1.51
0.06
2.64
2.76
1.71
4.18
2.16
0.12
0.36
4.28
1.14
0.75
1.7
2.02
3.8
4.02
4.27
3.86
4.45
1.56
2
1.19
0.9
3.94
3.45
4.75
4.2
2.63
2.56
0.02
1.05
3.95
4.14
1.84
0.55
4.76
3.33
0.41
0.29
1.21
2.25
0.4
4.99
4.47
1.49
4.92
2.12
3.14
4.38
1.14
2.06
1.81
1.75
4.11
4.7
3.12
3.33
4.37
2.98
1.69
2.28
0.74
2.11
0.63
0.95
4.22
4.77
0.33
3.64
2.78
2.49
2.34
3.86
3.95
4.9
3.17
3.34
1.92
2.39
1.46
0.33
4.81
3.27
0.15
1.2
2.95
3.42
1.93
1.47
0.29
2.25
0.69
3.76
3.92
0.68
0.4
4.94
3.17
4.91
0.83
3.14
3.5
1.62
3.74
3.12
4.96
1.52
4.69
2.33
0.49
2.1
2.25
1.09
2.38
4.57
4.5
4.52
4.87
1.04
2.52
3.37
3.24
3.35
1.72
3.34
3.15
1.31
4.95
4.33
4.34
2.7
4.61
0.12
4.2
0.56
2.27
2.71
1.05
0.81
2.62
0.09
1.77
2.73
0.62
4.57
1.02
2.13
0.51
4.34
0.01
3.65
2.15
4.48
1.81
4.86
2.99
0.24
4.78
1.91
0.84
3.62
1.2
4.57
0.2
0.61
0.96
0.36
1.13
0.19
3.23
0.54
4.54
1.35
3.33
2.93
3.61
3.23
2.19
3.14
1.82
0.1
4.25
2.16
1.27
1.47
4.54
3.13
0.4
2.6
1.13
4.54
2.62
1.57
1.87
0.23
1.64
1.86
1.62
2.37
0.65
4.23
1.63
3.34
1.54
4.48
4.08
3.67
3.38
1.5
0.69
2.54
1.77
2.3
3.24
1.6
1.28
2.46
3.45
1.01
0.91
2.65
3.35
5
2.46
1.81
1.22
3.33
0.76
0.43
2.14
4.4
3.46
2.66
0.57
1.15
1.03
0.38
1.54
0.09
1.4
4.51
4.79
2.22
2.05
0.22
0.79
1.42
3.36
3.69
3.78
1.35
4.04
0.92
3.97
4.26
4.47
0.49
2.38
2.65
0.05
1.45
3.44
2.45
0.5
4.95
3.16
1.73
2.46
2.87
4.68
1.02
1.7
2.64
0.3
4.95
1.84
3.8
3.87
2.1
3.18
1.06
1.66
0.36
1.89
2.09
3.04
0.47
4.54
3.27
3.82
4.68
3.48
2.75
3.28
2.23
0.18
1.53
0.62
3.8
3.1
0.24
1.57
2.2
3.54
1.02
2.28
2.92
0.72
4.67
4.74
2.07
3.93
4.67
4.75
4.04
0.55
1.92
4.63
1.33
1.92
4.63
0.68
1.28
2.95
3.05
3.3
0.75
3.94
4.81
4.45
2.29
0.82
0.66
0.71
1.3
1.35
0.97
1.52
2.9
3.48
0.25
0.23
3.09
1.06
4.81
2.61
4.16
0.7
0.59
4.44
4.16
2.48
0.32
0.64
1.43
2.58
0.91
1
1.77
0.53
1.94
2.37
2.95
0.32
0.63
0.88
4.47
0.06
4.41
0.73
0.72
1.89
1.98
2.36
2.04
2.17
3.52
0.46
4.78
0.4
3.17
0.3
1.9
1.05
4.5
0.59
0.36
1.08
2.61
3.47
1.58
2.65
4.85
3.58
3.99
4.46
4.34
3.2
3.14
1.66
1.58
2.99
1.4
3.88
1.76
2.95
1.52
0.86
1.5
1.45
3.71
1.98
3.79
4.23
3
1.13
0.67
2.06
2.78
2
2.66
4.57
4.37
1.24
3.8
4.46
2.74
0.83
0.42
1.07
0.27
0.95
2.91
3.44
3.41
3.14
3.96
0.16
1.77
0.03
0.24
3.53
1.81
4.04
3.02
1.8
0.87
0.45
3.73
2.88
3.99
1.92
0.67
1.18
3.54
2.73
1.08
3.45
2.04
4.79
1
1.72
1.16
2.28
0.55
3.09
0.75
4.58
1.38
3.44
3.48
0.43
3.34
2.25
4.97
0.62
0.99
2.6
0.4
1.87
2.36
4.6
1.56
0.16
1.86
4.21
3.52
3.74
2.82
2.13
1.26
0.33
4.25
3.31
0.14
0.63
3.33
1.07
2.01
4.6
2.74
0.7
0.25
4.99
3.73
4.6
4.2
4.58
0.19
4.93
2.71
3.46
4.38
1.28
3.67
0.98
2.54
0.91
1.06
0.79
4.21
4.82
4.45
0.46
1.38
2.15
3.66
3.99
3.86
4.21
1.22
4.34
1.79
0.36
0.84
3.91
4.42
2.87
2.42
1.35
4.5
4.55
1.95
0.92
2.98
0.4
2.17
2.03
0.01
3.96
4.41
2.31
4.87
1.95
4.04
0.13
2.1
3.03
3.55
2.38
3.28
4.45
3.33
1.58
0.74
0.32
1.07
3.33
4.83
1.72
0.62
4.9
2.37
2.09
1.86
2.59
0.25
0.06
0.56
2.22
2.07
3.01
1.61
4.84
2.54
1.05
2.84
0.5
1.39
3.47
0.09
0.98
3.25
4.37
3.76
4.41
5
4.53
0.01
4.53
0.7
4.73
1.9
4.44
4.67
2.01
0.17
1.11
0.96
3.14
1.46
0.92
0.83
0.87
1.1
3.01
3
4.06
2.21
0.9
3.66
0.89
2
3.45
0.51
1.74
1.69
0.93
2.88
3.48
1.54
4.33
1.4
4.03
2.4
1.11
2.55
0.82
1.4
1.33
1.88
3.56
0.71
1.96
4.79
0.71
2.93
0.03
1.77
4.75
0.05
4.6
3
2.15
1.68
0.2
2.52
1.92
2.08
1.67
3.77
4.62
4.38
1.42
1.44
4.74
1.01
1.57
1.44
2.46
2.65
4.1
4.19
2.87
2.47
1.83
1.02
3.88
2.52
0.32
0.66
3.51
1.61
3.1
4.55
0.15
0.47
2.86
3.68
2.88
1.94
4.65
3.49
0.21
2.22
1.97
2.11
2.22
1.45
1.52
2.68
2.49
2.48
4.02
3.34
1.58
1.99
0.08
2.18
3.69
2.03
3.87
1.2
4.19
3.24
2.78
3.86
2.79
3.13
3.48
0.45
1.03
2.84
2.06
4.2
1.89
2.37
1.87
0.32
0.44
4.08
2.85
2.15
4.43
0.34
2.75
0.81
4.6
0.35
1.86
3.64
1.6
3.73
2.78
3.31
1.04
0.31
4.87
0.1
2.97
1.42
0.73
4.53
3.6
0.93
0.86
3.08
2.04
1.85
1.36
1.68
2.18
2.55
1.12
0.03
2.89
2.93
1.45
4.67
1.99
3.12
3.15
0.5
4.56
2.16
0.78
1.77
0.7
0.49
0.31
4.89
1.69
1.28
0.73
0.75
3.19
3.94
2.56
1.16
2.45
3.17
2.16
0.42
2.68
3.87
2.3
4.93
3.76
3.68
4.5
4.06
3.46
3.53
2.33
2.6
3.96
0.48
1.74
0.28
1.01
2.08
4.55
2.51
0.33
0.13
2.39
1.48
3.91
1.77
4.54
3.72
1.66
0.75
3.65
0.44
4.45
0.17
3.9
1.26
4.5
3.39
2.75
2.66
2
1.41
3.16
4.82
2.41
0.68
0.88
2.54
0.79
1.08
1.26
3.08
3.15
1.61
3.77
3.67
4.18
3.72
2.09
1.78
1.73
1.34
3.88
2.68
0.25
1.94
2.81
3.56
1.05
3.9
4.24
4.62
4.95
2.98
2.04
4.56
0.33
5
3.15
0.5
0.74
0.69
0.24
1.53
1.48
4.81
1.54
4.85
4.09
0.32
0.99
1.79
0.87
3.24
3.28
3.23
3.33
1.36
3.32
1.27
1.48
1.97
2.14
1.66
0.43
1.11
3.96
3.16
2.31
1.21
0.35
2.02
3.59
4.53
4.85
3.5
2.9
2.83
4.53
3.78
3.44
1.29
1.84
3.56
4.87
0.65
2.63
4.71
4.71
3.81
0.68
1.45
0.85
3.88
0.91
4.78
3.32
0.58
4.03
1.68
4.56
0.05
2.83
0.24
2.34
4.11
1.1
4.69
3.12
0.55
0.84
4.8
2.1
1.16
4.69
3.63
2.51
0.52
3.59
0.56
0.59
3.14
3.45
1.11
3.52
2.75
1.83
3.54
1.66
0.81
0.99
0.28
4.93
0.2
4.16
2.71
2.64
0.87
2.89
1.97
0.48
4.98
0.34
4.32
4.38
0.9
0.55
2.22
2.11
0.1
0.54
0.85
1.1
3.7
0.21
1.53
0.41
4.46
4.78
1.02
0.65
4.86
0.06
0.19
2.44
4.61
3.48
2.28
3.8
4.7
0.47
4.91
3.16
0.09
1.93
5
0.19
3.94
3.57
0.86
0.69
4.72
0.73
2.74
3.71
3.43
3.41
3.38
2.43
1.94
0.4
0.25
1.5
2.91
0.8
0.24
0.48
4.92
3.94
2.48
4.19
0.97
3.43
0.29
3.97
2.55
3.21
2.37
3.73
4.09
0.99
0.52
0.67
3.84
4.2
4.99
2.68
2.74
4.89
1.68
0.42
0.64
3.5
1.65
2.46
2.66
3.98
2.03
3.52
1.22
0.31
3.01
1.06
0.74
1.67
1.21
0.26
2.27
1.34
4.35
1.48
4.39
0.47
2.44
4.52
3.24
3.09
5
1.09
1.44
1.72
0.52
3.69
3.56
0.98
0.84
1.88
3.1
3.71
1.52
2.19
4.26
3.16
1.75
0.22
0.06
0.42
3.35
3.01
1.51
0.39
4.06
4.64
4.02
1.6
0.75
1.98
2.86
1.7
2.62
3.96
2.4
2.27
2.47
4.66
0.17
1.66
3.04
3.01
4.5
2.23
2.48
2.02
2.25
3.53
3.43
1.16
2.49
3.57
0.17
1.56
1.78
2.42
1.62
2.96
0.34
4.23
4.26
2.99
1.65
0.8
3.77
4.88
0.27
4.64
0.83
3.43
2.56
3.94
4.31
1.42
3.81
4.96
0.2
0.43
4.81
4.68
1.44
2.29
3.82
3.7
0.89
2.92
2.03
0.1
3.86
1.15
0.75
2.95
0.31
3.72
2.81
4.08
2.42
1.91
2.98
2.38
3.04
1.23
3.21
0.54
3.54
1.55
0.09
3.21
0.98
4.83
4.23
2.68
4.67
1.87
2.74
1.71
2.29
4.75
4.62
3.98
0.76
2.62
4.29
3.32
1.24
0.42
2.81
1.24
2.33
1.12
0.23
4.57
3.47
4.55
1.7
2.08
3
3.76
0.68
3.01
3.22
4.46
3.81
4.72
2.86
0.8
3.98
1.42
4.89
2.98
2.57
4.62
3.15
1.8
2.33
0.83
4.44
0.45
0.28
0.36
1.2
4.35
4.53
4.42
3.5
3.52
0.86
1.62
0.19
4.34
2.44
2.98
3.23
4.99
0.28
1.04
3.53
3.54
2.09
4.41
4.29
0.63
3.8
3.7
3.68
4.25
2.76
0.86
4.86
0.64
3
0.97
1.33
0.78
3.53
0.95
4.6
3.1
4.52
3.29
2.61
0.24
3.28
2.16
4.14
3.52
2.98
0.07
2.75
3.16
0.02
0.03
2.08
0.88
1.11
1.53
4.68
1.86
2.4
4.2
2.46
0.76
4.65
1.73
1.86
4.92
0.55
4.75
3.46
4.53
1.67
4.49
2.56
2.96
3.7
0.88
0.98
4.14
3.98
4.07
2.42
4.09
4.06
1.05
4.89
1.69
2.92
0.71
3.12
3.15
4.41
0.41
3.09
0.88
4.22
3.85
2.95
4.6
4.16
4.23
4.77
0.31
0.36
4.72
0.55
4.22
0.55
1.39
0.28
4.86
3.21
3.9
1.87
3.81
1.09
0.82
3.15
2.59
1.77
1
0.63
1.73
1.57
0.83
0.69
3.03
1.73
2.89
4.27
4.54
2.54
2.9
0.52
2.45
2.61
3.36
2.15
4.2
0.75
0.39
0.77
5
1.3
1.57
3.44
3.81
3.53
4.08
1.34
4.74
0.45
1.22
3.41
0.13
3.39
2.85
3.66
4.98
2.23
4.49
4.69
4.35
3.86
3.58
3.77
4.34
4.59
0.08
3.16
4.13
1.46
0.56
4.06
0.14
4.58
1.39
1.61
4.3
2.81
2.37
3.26
4.57
0.5
0.6
3.79
0.08
2.94
3.36
1.88
1.67
0.77
1.04
1.03
1.45
2.92
0.98
1.8
1.29
1.3
0.91
0.66
3.11
0.05
4.64
2.59
1.05
3.83
0.87
1.18
3.54
1.67
2.06
3.92
1.88
3.94
4.03
4.78
1.58
2.31
3.48
4.66
0.88
3.33
3.57
0.15
3.7
4.66
1.78
4.15
0.79
1.1
0.99
1.14
4.94
4.34
4.33
2.48
3.95
3.09
0.54
0.16
0.62
0.99
3.17
2.45
0.37
3.63
3.6
4.53
1.57
4.89
2.72
2.91
3.23
1.35
1.46
3.69
1.99
1.94
4.38
2.21
3.74
0.7
2.57
0.3
2.42
3.57
4.35
1.82
2.85
4.38
1.22
4.7
4.91
3.63
1.81
2.85
3.31
0.79
0.29
3.99
0.55
1.87
2.45
3.38
4.8
4.16
3.06
1.69
3.99
4.18
2.04
3.62
2.43
4.95
2.72
3.84
4.82
3.44
4.9
3.45
2.52
1.48
1.59
0.3
1.42
4.45
2.81
1.48
4.78
0.32
0.54
0.95
3.43
4.76
0.44
4.83
0.31
0.48
1.84
2.06
1.25
4.59
3.45
0.28
3.9
2.32
3.12
1.42
4.44
0.81
2.61
1.02
0.66
2.5
3.66
0.41
4.83
3.49
0.42
1.85
4.61
