0.67
4.51
4.81
1.69
1.43
3.73
1.81
0.96
2.94
4.01
4.81
0.38
4.62
4.43
2.66
2.09
2.83
3.63
3.86
2.38
1.71
2.92
0.79
4.43
3.76
1.64
1.31
0.1
0.71
2.18
0.64
0.5
3.91
1.76
0.11
3.6
3.69
0.37
4.96
2.64
2.83
1.48
4.77
1.75
3.12
3.78
1.32
2.26
2.91
2.15
1.54
4.92
1.06
0.27
2.13
3.11
1.72
3.08
2.96
1
4.51
0.78
1.47
2.77
2.23
3.56
1.26
0.56
2.85
0.25
0.31
2.08
3.76
0.83
3.03
0.32
2.22
2.26
0.93
1.44
1.78
1.8
2.39
1.3
2.35
2.4
1.18
5
2.33
2.41
1.12
2.45
0.43
3.53
3.73
4.88
1.17
1.13
2.97
2.2
4.62
1.95
2.16
2.14
1.46
0.44
3.38
1.61
2.07
4.08
3.04
3.4
2.76
1.86
2.79
4.36
1.73
1.6
4.82
3.79
2.59
3.8
3.76
2.71
4.67
0.68
0.04
0.02
0.5
4.02
4.97
0.32
2.88
2.55
4.12
4.47
3.5
1.15
2.54
3.18
4.74
2.69
0.19
4.08
2.09
4.39
0.72
4.23
4.85
0.41
4.19
3.46
0.88
4.54
0.22
2.06
3.91
4.17
0.84
2.5
5
4.18
0.49
3.78
0.17
1.37
0.93
1.8
1.63
2.67
0.71
1.92
2.14
4.92
2.95
1.5
4.65
0.72
1
1.28
0.3
0.72
4.42
0.35
1.32
0.77
4.87
4.34
4.42
0.87
1.76
4.13
2.91
2.76
2.75
4.48
4.21
2.62
0.55
2.44
0.35
1.18
0.31
3.73
2.22
3.88
0.42
3.45
4.28
1.78
1.01
1.45
1.68
1.46
2.65
4.71
0.03
4.31
3.65
1.75
3.24
1.67
3.83
0.32
2.1
0.01
1.89
3.88
3.24
0.05
1.82
2
4.82
3.93
1.63
0.84
4.01
3.1
4.45
2.06
1.91
4.78
0.3
0.58
3.17
3.85
0.84
2.42
4.25
0.92
3.15
3.51
0.49
4.39
1.51
3.87
4.37
0.58
0.57
1.41
0.98
3.24
2.49
3.11
2.96
2.37
0.55
2.97
2.08
1.53
3.79
3.18
0.27
4.82
3.86
4.51
0.88
4.33
2.56
0.73
0.25
4.86
1.91
3.98
0.05
4.24
1.56
1.27
4.1
4.84
2.92
3.9
0.87
4.14
1.86
1.63
2.98
2.45
4.3
3.82
2.62
4.19
3.66
1.88
1.18
2.12
0.04
1.3
3.68
3.77
2.02
1.98
4.27
0.15
2.28
2.46
1.5
3.84
4.39
3.17
2.32
1.44
0.59
3.69
3.84
2.85
0.14
4.1
4.5
0.33
3.96
2.21
0.61
0.11
2.91
1
2.43
1.15
2.62
2.78
1.28
0.6
2.76
3.24
0.32
0.47
2.03
0.85
3.66
3.66
4.82
3.74
3.34
4.19
1.3
4.31
1.51
0.12
3.33
0.1
1.49
1.35
1.68
2.71
4.81
0.23
4.82
1.91
3.33
0.1
4.72
1.93
2.22
3.25
2.24
0.45
0.03
0.76
4.26
4.96
3.41
0.48
4.99
2.2
1.49
2.67
4.81
4.2
2.82
0.92
1.94
1.88
2.13
2.31
1.37
4.4
0.12
4.17
4.29
4.28
3.9
2.19
3.49
4.07
4.85
2.23
2.26
0.77
2.62
1.07
1.64
0.7
1.89
3.8
1.66
1.55
4.38
4.51
1.88
2.18
3.69
0.48
1.34
1.86
4.79
0.06
2.19
2.85
3.03
4.02
3.47
2.64
2.91
2.05
2.97
4.13
3.93
0.96
1.72
2.61
1.95
2.21
2.34
1.24
0.72
0.86
3.09
3.31
4.66
0.03
3.96
3.33
4.46
0.01
4.57
0.61
0.86
2.99
1.84
1.68
1.77
0.08
4.11
1.59
4.52
4.66
0.5
0.87
1.44
1.83
3.82
4.78
3.21
3.13
1.97
3.85
0.69
2.47
3.84
2.96
4.85
2.57
2.46
2.88
2.92
0.38
3.16
1.01
1.97
4.74
0.89
2.19
4.64
4.44
0.07
0.51
1.02
4.2
2.6
0.42
3.73
3.29
1.07
4.17
2.77
3.42
1.11
4.21
3.57
0.76
2.87
1.23
3.27
3.47
2.57
2.53
3.18
2
4.95
2.73
1.28
4.99
4.17
2.72
3.4
4.51
4.65
1.19
0.67
2.8
0.29
1.74
2.95
3.3
0.59
0.39
0.92
0.26
1.47
0.66
4.88
1.36
4.9
4.29
3.16
2.3
2.54
4.08
1.94
1.21
0.26
4.58
2.52
4.71
3.2
1.83
4.39
3.77
0.69
4.92
2.51
2.73
0.09
4.39
1.57
2.61
1.69
4.06
1.24
2.93
3.18
3.27
4.86
4.84
3.06
3.16
4.55
3.3
2.74
0.24
4.76
2.47
0.68
4.79
0.16
4.06
2.96
4.97
2.5
3.56
1.31
4.33
2.95
2.79
2.27
4.93
2.13
0.74
2.38
4.51
3.39
2.18
2.22
3.59
2.8
3.85
1.71
4.39
2.88
2.49
3.89
2.96
1.38
0.35
0.14
4.99
3.15
1.91
2.81
4.06
1.87
3.62
3.6
0.2
4.57
4.21
3.39
4.33
1.66
1.46
4.24
3.88
4.05
4.36
4.7
1.3
4.98
0.16
3.16
4.81
1.31
4.45
3.22
2.7
4.99
3.24
4.82
4.76
2.56
2.72
2.39
1.49
2.61
2.5
4.4
1.21
3.9
1.09
1.3
4.21
1.82
2.44
2.84
2.3
2.54
2.11
3.21
4.04
3.22
3.33
3.53
1.9
3.41
0.03
0.93
3.11
0.55
3.87
3.88
4.88
0.15
0.84
2.88
1.54
3.56
3.96
4.01
0.42
4.69
3.02
0.91
0.48
4.05
1.06
1.46
4.28
0.69
0.35
2.67
2.99
2.62
3.4
4.21
0.15
1.69
3.07
1.39
1.06
0.08
1.95
3.06
0.99
1.43
0.46
2.69
1.82
0.54
3.18
3.86
4.36
4.23
0.65
4.01
2.74
0.56
3.27
0.74
0.75
3.8
4.13
4.68
2.78
0.11
3.69
0.33
2.69
3.96
4.61
3.46
1.08
4.86
3.96
2.09
3.05
3.01
3.19
3.57
3.67
4.77
1.12
4.25
3.79
2.62
4.74
2.71
3.22
3.33
1.07
2.78
1.12
2.95
4.96
1.56
1.53
2.18
0.63
2.84
3.95
3.53
4.05
1.59
4.16
1.12
2.33
3.42
2.81
2.12
4.67
2.43
1.65
3.13
3.63
0.58
4.25
4.59
2.68
2.96
3.13
3.18
3.39
1.75
1.17
3.78
2.89
0.74
2.89
0.02
0.48
1.96
0.65
1.79
1.65
3.34
1.36
1.69
1.77
3.17
4.66
3.77
0.89
1.05
3.92
0.3
2.09
2.83
1.59
1.2
4.34
3.31
4.21
4.59
0.28
4.19
2.69
3.5
4.68
1.75
0.36
0.86
3.26
4.87
4.14
0.87
3.08
4.5
4.01
3.35
4.89
3.97
1.87
1.73
1.26
4.31
3.12
0.21
1.51
2.98
4.96
2.59
1.13
1.6
4.38
3.91
4.47
2.43
2.06
0.33
4.3
3.3
0.78
0.98
4.96
3.97
2.56
3.53
0.23
0.09
2.65
2.11
2.28
0.57
2.24
3.06
4.34
2.66
4.49
1.96
1.63
1.52
1.34
4.17
0.12
3.05
0.35
0.67
4.08
3.23
3.9
1.8
3.72
0.68
2.25
3.44
1.92
0.37
0.1
1.04
1.14
0.49
3.36
0.75
1.68
5
3.45
2.82
2.2
2.62
4.37
2.64
2.93
0.62
4.16
2.3
0.97
2.83
4.35
2.24
3.53
3.15
2.88
4.32
0.05
1.96
3.42
3.94
0.24
0.45
4.14
2.77
0.91
1.93
1.71
4.24
5
3.56
4.5
4.6
4.85
2.72
4.66
3.03
4.32
3.29
2.11
1.6
2.34
3.39
2.09
0.57
0.22
3.69
2.86
4.39
1.64
2.22
3
1.91
3.47
0.05
3.87
0.89
2.86
0.55
3.73
1.37
4.52
0.54
1.69
2.54
1.93
1.99
4.41
2.25
1.64
0.75
0.51
0.24
0.45
0.38
0.04
2.19
1.67
4.55
3.81
3.91
0.06
2.26
0.3
4.76
1.81
1.93
2.12
1.36
4.38
1.89
0.48
1.58
4.28
2.55
4.31
2.38
2.77
1.99
2.5
4.13
3.08
2.77
4.18
0.96
4.48
3.21
2.03
0.37
1.74
3.31
3.17
2.54
1.16
3.66
3.82
0.71
3.04
1.08
4.03
4.7
3.75
4.41
1.91
4.59
0.27
0.56
2.95
3.24
2.59
2.11
0.44
0.41
4.6
4.14
1.44
1.72
0.26
3.13
2.01
0.5
1.84
4
1.42
2.16
2.96
2.95
2.66
3.63
3.19
1.53
2.61
4.03
2.43
2.7
2.55
1.34
4.56
1.9
3.94
4.43
2.57
4.26
3.62
1.51
1.71
4.38
2.05
4.89
1.63
2.18
4.46
3.55
2.53
0.58
3.09
1.85
2.07
4.3
4.77
0.83
0.71
4.47
3.59
4.12
3.48
4.06
0.62
1.46
2.01
1.43
2.53
2.82
0.81
0.52
4.75
0.35
3.25
2.12
2.31
0.31
3.46
4.65
4.87
2.51
2.15
3.87
1.83
4.8
0.24
0.21
4.99
4.63
0.95
1.87
0.35
1.89
4.07
1.27
1.7
4.39
2.94
1.17
3.49
2.29
3.15
2.99
2.15
3.1
1.47
3.33
1.07
4.04
4.15
1.17
3.07
0.45
1.18
2.61
4.14
0.04
2.04
2.95
3.54
0.78
3.79
2.86
2.07
2.66
0.85
0.51
4.69
1.73
2.39
2.24
1.93
3.6
2
3.35
0.81
4.92
4.14
4.57
1.29
0.84
3.52
4.22
4.12
3.96
0.77
3.62
2.57
2.48
3.13
3.85
3.54
3.5
0.47
2.94
2.79
3.88
0.62
2.98
0.13
4.42
1.13
1.97
0.68
4.17
4.44
0.81
2.6
4.56
4.02
4.36
0.85
3.41
2.3
0.9
3.94
4.46
3.16
2.41
4.34
2.2
2.77
4
3.06
0.52
1.98
2.27
2.23
0.19
3.51
0.91
4.43
2.04
4.27
1.85
4.11
3.38
3.83
2.53
2.81
4.81
0.88
1.16
4.85
4.97
0.22
1.9
0.84
1.78
0.43
2.35
0.54
2.3
2.71
3.87
4.77
4.54
1.3
1.2
0.42
2.89
2.47
0.56
0.68
0.89
1.8
1.87
4.01
1.8
3.25
1.78
0.02
4.42
0.54
0.43
3.79
4.62
4.82
1.48
4.92
2.33
0.23
3.53
1.88
0.88
0.2
1.86
0.61
2.07
2.03
2.61
1.81
3.93
3.82
4.53
4.29
1.84
4.4
3.05
4.07
0.37
0.45
1.8
0.79
1.86
3.58
1.74
1.11
4.81
0.49
4.37
4.95
0.61
0.23
3.56
3.09
1.99
4.7
0.6
1.7
1.39
3.96
4.69
2.86
1.96
1.76
1.77
0.38
4.49
2.36
4.02
2.79
0.26
1.86
4.53
1.88
4.96
1.35
4.93
1.91
3.39
0.02
2.96
4.71
4.87
1.94
2.09
3.16
0.65
4.48
0.28
0.01
1.99
3.35
2.62
2.23
1.99
0.18
3.66
4.57
2.99
0.47
4.89
0.81
2.76
1.46
4.11
2.25
4.41
4.84
0.81
0.31
2.72
2.59
1.01
1.17
0.82
3.98
0.41
0.4
4.26
2.68
1.27
0.22
3.83
5
4.1
3.34
0.43
1.87
1.6
2.25
4.11
0.12
1.17
4.99
2.13
1.74
1.22
2.45
3.84
3.22
4.33
2.45
0.6
3.73
1.51
1.61
1.49
0.15
2.14
2.09
4.63
0.96
2.59
2.21
1.66
4.2
0.52
2.03
1.69
2.69
0.45
4.04
3.16
1.37
2.8
2.59
0.59
3.03
2.07
3.2
4.06
4.97
4.49
3.63
4.56
0.66
0.82
2.19
2.33
3.82
4.86
1.64
3.29
2.79
1.46
0.54
4.23
2.88
4.88
3.63
2.42
4.3
1.35
4.41
2.05
1.47
0.92
0.61
2.57
2.84
1.13
4.8
4.05
1.04
1.33
1.01
3.01
0.64
4.17
2.67
1.27
3.21
3.21
0.27
3.6
0.37
2.85
1.7
3.14
0.15
2.09
0.54
4.06
2.19
3.15
1.82
3.35
1.63
1.14
3.36
2.81
2.04
1.37
2.73
3.99
0.43
1.2
3.09
4.13
3.57
2.43
2.43
0.41
0.58
1.82
4.32
4.25
4.67
3.13
4
0.14
1.84
2.84
4.42
3.66
3.82
4.05
3.64
3.87
1.41
0.19
0.28
0.19
1.15
1.4
4.8
3.16
2.52
2.44
3.79
0.86
3.94
0.79
4.23
0.63
3.88
2.39
4.65
2.64
1.04
0.5
3.82
1.59
1.75
4.52
4.86
4.34
0.05
0.09
1.52
0.66
1.96
3.84
3.85
1.57
3.99
4.97
3.64
1.93
4.38
3.81
3.44
2.42
3.44
1.26
0.75
4.03
3.19
3.9
4.09
3.34
2.99
0.32
1.92
3.5
3.98
4.06
4.7
0.68
4.57
1.54
3.33
2.33
2.55
1.13
4.08
4.27
1.72
4.64
0.34
1.84
3.86
0.43
0.99
0.83
1.18
3.35
4.75
3.49
2.09
0.27
1.38
3.53
2.5
2.89
4.27
2.17
2.06
3.52
1.92
4.32
0.13
3.11
0.85
1.68
3.47
3.3
0.13
2
1.25
4.4
3.94
1.02
3.59
0.99
0.79
2.43
4.07
1.56
2.63
0.52
2.98
2.42
4.71
2.9
4.84
3.88
1.66
2.28
2.83
0.01
3.57
3.2
1.86
3.52
2.75
2.6
1.36
2.04
3.95
4.64
1.61
4.92
3.09
1.42
2.65
0.36
1.33
0.73
3.59
2.18
3.29
0.14
2.09
0.68
0.14
2.17
3.21
0.53
0.42
2.99
0.79
2.28
2.46
0.06
0.53
1.53
0.29
1.08
4.08
2.5
1.99
2.24
3.97
1.56
1.53
2.39
0.66
2.75
1.04
4.65
0.12
0.3
4.1
1.36
0.47
0.79
4.77
1.39
1.27
0.17
3.88
3.84
4.46
2.07
1.34
2.26
3.82
3.88
4.31
3.69
2.56
0.7
4.56
3.92
4.66
1.74
1.11
0.39
2.12
2.45
3.91
4.79
4.86
4.2
2.44
2.86
1.18
3.35
2.85
2.46
2.76
2.73
1.27
2.47
2.85
1.93
3.59
1.91
2
3.69
2.61
2.95
3.47
3.08
2.48
4.39
3.8
4.94
2.98
2.04
0.34
1.55
0.18
2.26
4.52
4.08
3.29
0.12
1
0.11
4.43
0.38
2.27
1.95
3.32
0.34
0.45
1.79
1.52
0.41
0.35
0.34
1.85
0.43
3.04
3.08
3.78
1.54
4.36
0.75
1.5
2.66
4.05
2.94
1.27
2.91
2.77
0.09
3.33
3.7
3.38
3.5
1.63
4.42
4.63
1.22
4.67
0.6
3.95
1.6
4.02
2.7
0.05
2.63
4.36
1.66
1.37
3.38
4.95
2.6
4.31
0.88
1.49
1.2
0.77
3.61
2.26
3.72
1.42
4.61
2.43
1.22
1.5
3.11
4.86
1.4
1.08
1.38
0.72
4.35
0.92
3.06
4.64
0.2
1.58
1.27
4.66
2.59
3.62
4.49
4.78
1.59
3.49
3.53
0.26
1.4
2.16
0.73
0.01
2.53
0.31
2.59
3.6
2.14
2.31
1.95
3.19
1.04
3.02
2.06
2.74
1.7
0.9
2.65
2.42
2.88
2.24
0.47
3.55
2.44
2.37
0.77
1.25
3.17
3.24
0.68
4.88
4.78
3.85
0.29
1.82
0.92
1.24
2.76
4.43
3.51
1.82
1.25
1.91
0.75
2.82
1.41
3.82
2.91
0.05
3.03
3.53
3.76
4.19
1.23
2.85
0.99
1.05
0.5
2.48
2.88
1.07
1.41
0.09
1.61
0.31
0.99
1.93
1.53
0.79
3.97
1.88
4.83
1.56
1.54
3.44
2.18
1.41
4.68
3.88
2.71
1.74
0.68
1.15
4.37
4.53
0.03
3.91
4.51
3.57
3.58
4.98
2.82
1.16
4.27
3.28
4.75
2.53
4.18
4.53
3.53
1.17
4.59
3.3
3.09
1.33
1.29
3.55
4.57
1.13
4.85
2.95
3.32
0.68
0.72
1.48
3.9
0.22
2.13
4.86
1.79
1.67
0.69
3.21
4.11
4.93
1.31
1.99
0.97
1.3
1.94
3.88
2.71
2.01
3.22
3.37
0.57
1.19
4.55
2.48
4.96
2.17
1.72
4.44
2.54
4.16
2.86
2.87
1.46
3.92
0.12
2.97
1.57
3.45
4.18
2.7
1.45
0.04
3.07
0.23
4.77
3.5
4.45
3.93
1.31
2.63
1.39
4.3
2.87
0.31
3.94
1.59
3.78
0.39
1.24
0.07
0.77
1.05
4.51
0.97
2.73
1.89
4.72
3.25
2.2
2.91
1.69
0.62
0.8
4.16
1.07
2.1
0.87
0.7
3.41
4.44
3.1
0.58
4.92
1.87
1.33
0.56
0.68
4.37
2.85
3.22
3.09
2.8
1.31
2.42
1.67
2.36
4.51
4.23
3.5
2.32
0.67
3.23
2.78
4.01
3.2
3.85
2.01
0.48
3.29
1.65
2.01
0.28
4.97
4.34
2.11
0.29
0.18
2.54
3.39
4.85
3.1
4.6
2.2
2.08
3.53
0.99
3.44
4.98
2.74
1.49
4.69
0.88
3.7
2.94
3.62
3.47
3.59
4.99
0.48
1.86
4.2
2.34
3.54
1.2
1.06
3.09
2.7
1.37
2.94
3.53
2.35
2.3
3.16
3.85
0.11
1.11
1.6
1.57
2.96
4.99
3.67
2.66
2.75
1.05
4.64
1.65
2.68
3.6
1.57
2.68
3.96
1.15
0.17
3.34
2.24
4.78
0.21
2.86
1.14
0.13
3.82
4.2
2.34
3.71
0.76
0.95
2.67
3.8
2.93
2.66
2.99
1.19
4.18
3.89
1.68
2.84
4.85
1.8
3.61
2.88
0.63
2.13
3.19
0.64
4.81
4.11
1.08
3
1
3.72
4.05
1.49
4.69
4.12
4
0.38
4.62
2.95
2.04
3.41
0.41
4.63
0.43
2.51
1.48
3.09
3.62
4.87
1.36
3.03
2.13
0.85
0.68
4.89
3.6
2.97
0.75
4.79
4.99
3.37
0.92
4.7
4.52
3.39
2.28
4.44
1.11
1.96
1.07
2.36
2.51
0.96
3.55
2.52
2.51
2.78
2.34
0.4
2.06
3.19
0.31
1.33
2.4
3.6
4.79
2.93
4.44
3.36
3.56
2.18
2.58
3.57
2.07
2.13
0.52
3.82
3.75
1.68
1.72
2.17
3.41
4.93
3.22
0.06
1.56
0.32
4.71
3.77
3.73
3.26
3.77
2.76
2.45
4.29
2.37
3.67
3.84
1.67
2.92
0.96
0.6
2.34
4.43
4.27
1.02
2.34
3.73
0.6
0.03
0.34
2.93
2.21
4.1
1.93
1.39
3.68
3.15
1.11
0.15
1.75
0.45
2.83
3.51
2.54
1.71
4.68
2.93
4.21
2.32
3.25
0.51
3
1.04
4.19
0.48
3.73
3.68
1.46
3.23
4.11
2.39
3.95
3.68
4.09
4.37
3.8
1.14
2.3
2.02
1.9
2.14
1.41
3.7
1.28
2.07
3.56
1.18
4.77
4.79
1.65
3.5
4.45
0.66
0.1
0.2
0.54
2.42
0.9
1.92
2.71
2.48
3.46
1.88
1.94
2.38
4.97
3.27
3.58
0.09
1.17
2.86
2.31
1.2
4.94
2
1.57
4.73
2.24
2.58
3.11
1.75
1.24
3.54
1.53
4.05
0.57
2.08
0.37
1.54
2.03
4.8
2.54
0.74
0.93
4.48
4.98
0.23
2.55
4.26
1.23
0.83
3.99
3.57
0.53
0.9
4.34
2.08
3.87
4.58
2.25
3.1
4.07
2.08
4.42
0.54
0.43
3.35
3.87
3.82
1.7
1.85
4.99
1.76
0.69
0.15
3.03
1.88
1.38
4.6
2
1.89
3.39
0.21
4.79
4.47
3.62
4.84
2.34
1.33
4.77
4.99
4.6
0.01
1.38
3.15
4.27
0.97
4.27
4.66
4.88
0.37
0.01
0.09
0.85
3.06
0.78
3.21
0.21
2.1
1.57
0.63
0.78
0.71
2.22
3.36
2.06
2.02
2.08
2.99
2.71
2.43
2.83
1.08
1.77
4.79
1.71
3.25
2.31
3.33
2.25
4.18
4.23
1.11
2.94
1.56
0.65
3.43
0.67
1.75
1.08
3.84
4.54
4.13
3.49
1.74
3.03
2.36
1.24
4.15
4.2
3.71
1.18
1.24
2.94
4.69
0.2
4.34
4.47
0.67
0.01
4.89
1.87
1.34
4.31
4.27
2.5
0.28
0.45
3.35
3.12
2.37
1.9
1.86
4.71
2.15
1.13
4.9
1.36
3.88
3.68
3.19
3.67
1.42
2.12
4.99
1.5
3.46
1.99
