2
1.05
3.77
0.9
4.88
4.25
1.39
4.96
0.61
1.78
1.58
3.19
1.48
4.57
1.89
1.44
1.46
0.52
0.2
4.78
0.7
1.45
4.28
0.82
1.21
0.06
2.77
4.05
3.02
3.25
3.4
1.98
4.03
1.97
4.9
0.92
3.8
2.2
0.49
1.2
4.13
1.47
3.82
4.06
4.33
1.65
3.38
0.52
1.23
0.79
2.4
2.03
3.95
2.95
3.3
2.36
3.22
2.36
4.71
0.43
3.06
2.4
3.89
4.02
3.93
4.83
4.43
2.32
1.69
2.25
2.21
2.36
3.97
3.14
3.79
2.73
4.97
1.86
3.64
2.34
4.12
2.35
4.7
3.5
1.33
0.3
0.33
4.37
3.62
4.96
1.14
3.73
4.07
4.62
3.1
0.55
0.38
1.81
4.01
4.92
2.9
4.57
0.47
4.36
0.34
0.53
0.49
2.53
1.53
1.76
0.3
3.89
4.76
0.25
0.51
1.62
0.11
4.78
2.98
3.84
1.84
2.23
4.1
3.7
0.41
2.44
1.45
3.84
4.9
0.95
4.89
2.94
3.25
1.42
2.31
3
1.83
2.36
0.75
3.63
0.25
2.56
0.63
1.1
3.27
3.39
4.92
4.35
1.91
1.56
1.51
1.46
2.74
0.08
0.41
1.72
0.04
1.24
2.86
2.53
2.8
0.64
1.73
4.5
3.98
3.97
1.5
4.8
1.69
2.65
1.71
0.09
1.78
4.63
3.48
1.8
0.74
2.27
2.72
2.83
0.43
0.84
4.02
4.42
4.84
3.42
1.95
1.08
1.68
1.73
1.01
2.65
2.46
3.32
4.03
4.07
4.9
2.56
2.73
0.29
2.91
4.21
1.63
0.15
1.74
4.28
0.54
0.46
1.46
0.43
3.38
4
1.12
0.09
0.88
4.63
0.59
2.65
1.31
2.76
4
3.3
4.38
4.35
1.61
2.56
3.27
3.53
4.83
1.31
3.35
1.29
2.02
0.37
4.48
4.26
3.09
2.81
1.3
0.2
0.19
2.95
4.45
1.13
1.48
2.53
2.06
0.03
0.19
0.99
3.03
1.69
2.29
3.36
0.69
3.89
3.88
1.7
4.17
1.45
3.37
0.41
3.48
2.44
3.85
0.75
3.97
4.92
1.58
0.15
4.06
3.61
2.63
4.68
4.62
0.15
4.93
3.19
2.63
1.11
2.19
3.79
3.12
2.8
4.13
2.34
2.51
2.07
3
1.91
1.02
3.31
0.25
4.18
1.6
2.98
0.03
2.17
4.02
3.46
2.21
0.08
3.73
3.33
1.3
1.36
4.69
4.13
4.24
0.14
3.74
2.79
3.96
4.43
4.44
1.7
4.46
3.03
1.04
1.11
1.81
0.93
2.46
1.15
3.78
4.17
1.76
4.59
1.67
0.51
3.85
3.56
4.25
2.57
4.81
3.28
4.5
4.39
3.89
1.48
3.71
4.87
3.22
0.7
0.78
1.08
4.45
1.79
0.33
1.59
2.76
4.47
1.7
0.87
4.21
2.9
1.95
0.49
4.09
1.71
3.24
0.66
1.07
0.24
0.72
1.74
2.37
2.62
1.39
0.29
2.76
4.91
1.61
2
2.8
0.96
3.51
1.18
0.58
1.82
4.06
0.4
2.11
3.41
2.09
2.33
1.93
3.92
4.92
3.15
1.98
1.61
2.09
1.5
3.01
2.47
0.91
3.59
4.51
4.27
1.68
0.74
2.07
0.07
3.97
2.91
3.64
1.58
0.08
1.16
0.82
4.73
4.12
4.72
4.13
1
2.94
4.51
2.46
2.69
2.64
3.91
1.07
2.67
0.41
4.54
4.55
4.71
0.46
0.79
4.03
4.18
1.29
3.61
2.65
0.39
2.74
3.07
1.19
3.65
0.49
3.74
1.52
3.42
3.13
1.49
1.42
0.5
1.15
0.16
4.12
0.17
2.62
2.13
3.92
0.53
1.32
4.97
3.2
1.22
2.87
4.09
3.71
3.26
0.36
0.81
0.63
4.4
3.93
1.95
0.81
2.22
1.78
0.52
3.92
3.75
3.34
4.89
0.77
4.48
3.48
1.52
0.8
3.67
3.85
0.54
0.26
2.43
1.97
2.52
2.66
3.19
3.54
3.88
1.35
0.73
4.62
1.11
4.17
4.54
4.46
4.11
1.49
1.41
2.77
4.07
3.1
0.94
3.46
4.4
1.47
4.7
2.71
4.34
4.35
0.71
2.84
2.5
0.84
2.8
1.62
0.33
1.85
3.8
0.66
2.94
1.91
2.42
3.86
2.06
0.12
2.69
4.98
1.13
2.72
2.71
3.3
2.39
4.08
2.93
4.25
1.13
4.91
1.7
2.64
3.44
2.39
1.81
4.98
4
0.81
2.3
3.89
2.02
4.57
2.33
1.15
1.35
4.43
0.9
2.95
2.28
2.01
3.39
2.69
2.82
2.77
0.99
0.95
1.05
3.62
2.95
1.2
4.77
3.53
4.66
1.02
0.55
4.37
2.38
1.09
1.83
0.37
1.3
0.53
2.65
4.55
0.4
3.03
1.85
0.57
3.91
2.12
4.84
4.88
4.23
4.5
3.48
0.51
3.05
2.9
2.09
2.62
4.71
4.28
4.97
2.36
2.47
2.3
4.05
2.31
1.37
3.21
4.66
3.66
0.99
1.48
1.65
0.34
0.99
1.8
4.79
1.72
1.69
1.29
4.68
4.35
3.5
3.95
0.94
0.07
1.6
3.54
4.76
4.41
4.05
3.72
4.22
4.69
0.07
3.31
2.74
2.24
3.04
4.42
0.27
4.43
0.45
0.5
2.87
0.82
3.74
2.23
4.07
1.17
1.19
2.78
3.73
3.48
0.83
4.9
1.3
1.82
1.76
4.27
3.37
0.58
4.25
4.1
2.17
0.75
2.88
1.61
1.34
4.3
1.25
3.26
0.02
4.86
0.6
1.08
0.6
1.21
0.7
2.71
0.81
1.2
1.64
0.67
2.57
1.65
2.65
1.28
4.18
2.6
1.56
0.64
4.73
4.22
3.86
0.81
1.15
4.61
1.22
0.91
4.41
4.84
1.48
4.87
4.03
4.77
2.08
4.26
0.16
0.15
3.08
3.91
3.12
3.94
0.26
2.56
3.46
2.12
0.1
4.94
2.31
3.13
3.45
1.66
1.34
0.83
0.69
4.26
4.58
4.12
3.03
0.31
4.38
1.46
4.3
2.48
1.28
1.15
0.08
3.22
4.21
3.43
0.39
1.93
4.95
4.09
0.03
3.76
1.5
1.83
4.31
3.52
4.91
2.02
4.12
2.33
2.52
2.27
1.83
2.75
1.01
3.15
2.31
4.55
2.97
2.78
3.57
2.42
4.97
3.08
0.36
0.48
4.28
1.44
0.55
1.4
3.06
0.64
1.03
2.06
0.05
0.48
4.17
4.67
2.34
3.55
4.35
1.47
3.26
0.89
3.59
1.34
1.66
4.92
4.28
0.91
1.25
2.45
4.86
1.59
0.64
0.59
2.64
4.94
2.24
1.35
4.75
2.42
2.59
3.29
1.39
3.94
4.21
3.49
3.81
4.98
1.62
0.92
0.75
3.66
1.45
3.39
2.28
1.83
2.63
4
4.15
4.87
3.58
3.59
0.88
0.44
4.79
2.54
3.21
2.74
1.44
1.4
1.93
1.61
1.62
4.91
4.03
1.39
2.12
1.7
2.15
0.56
4.23
2.36
2.44
0.06
4.41
2.37
4.67
0.82
2.02
0.57
2.04
4.66
2
0.09
0.88
2.38
4.67
2.71
1.27
2.64
1.19
3.54
4.58
4.78
2.92
3.14
1.97
2.31
2.6
4.62
2.76
4.69
2.83
5
3.14
1.59
4.63
2.73
1.82
4.7
2.37
3.23
1.94
2.54
0.67
3.03
1.22
3.86
3.71
3.61
2.66
3.49
3.56
1.11
2.44
4.87
3.22
3.16
4.36
4.09
3.16
4.08
1.64
3.76
0.15
3.61
0.65
3.33
0.95
1.99
4.58
4.22
3.09
2.39
0.28
2.84
4
2.98
4.07
4.34
2.29
1.84
5
2.98
3.71
4.29
2.28
3.83
3.4
1.03
0.17
1.11
1.34
3.11
1.46
0.63
0.54
3.41
4.55
4.35
1.41
3.8
2.27
1.59
0.85
0.41
1.62
2.79
3.29
1.5
3.19
4.23
3.08
1.92
0.31
4.13
2.48
4.37
3.51
0.76
4.73
4.66
0.84
0.63
2.09
1.64
3.21
2.83
2.71
4.98
0.62
0.36
1.73
1.93
3
2.82
1.67
1.31
3.97
0.08
3.55
4.65
2.37
4.54
0.95
3.19
2.09
3.32
0.8
3.89
1.06
2.77
3.25
3.35
4.17
3.46
3.48
1.81
2.15
3.58
1.74
4.35
1.54
2.4
0.79
3.7
2.19
2.81
3.17
3.1
2.38
4.18
2.6
1.93
1.18
3.26
0.52
4.16
0.35
1.63
3.31
1.51
2.58
4.85
4.77
3.37
2.63
4.09
2.14
0.6
2.58
0.22
3.58
5
0.29
4
1.75
2.81
2.21
2.36
2.39
2.21
2.32
1.25
4.51
4.23
0.42
0.35
3.86
1.1
1.11
2.03
4.5
2.98
3.27
0.49
4.54
1.17
1.31
1.92
1.44
4.42
4.56
4.03
3.39
4.98
1.26
1.21
0.5
4.46
4.28
0.03
4.84
1.71
0.77
3.14
3.44
2.2
3.97
2.48
1.62
3.77
4.3
2.73
3.95
3.63
2.95
2.48
1.34
0.52
2.36
1.97
0.17
2.98
2.07
4.21
0.89
0.65
1.46
3.42
1.56
2.98
3.8
3.98
3.09
2.18
3.1
3.03
3.63
2.68
1.81
3.5
4.36
2.34
1.29
2.34
3.09
1.57
1.14
1.52
1.93
3.37
4.68
3.59
3.59
2.15
3.74
0.43
4.14
0.06
2.36
1.62
1.8
2.34
0.58
1.3
4.34
1.29
2
0.33
4.12
0.78
1.75
4.85
3.07
0.07
3.56
0.94
2.48
2.39
4.13
0.29
0.14
2.8
1.73
3.65
0.23
4.12
3.27
1.05
2.19
3.7
0.21
3.18
1.98
1.94
4.77
1.02
1.29
2.91
2.21
4.41
0.14
0.69
3.12
1.04
4.81
4.98
0.13
2.7
2.18
1.59
4.28
2.99
3.37
2.49
2.46
2.76
4.82
3.2
4
0.92
4.5
1.36
4.81
2.15
2.3
0.98
3
4.37
2.03
4.75
3.32
2.94
0.01
1.98
4.83
4.06
2.22
0.11
4.01
4.78
4.11
4.37
0.46
3.82
4.45
3.48
4.31
0.89
0.34
1.61
1.97
1
1.38
3.72
3.84
0.08
1.27
4.15
3.27
2.55
1.06
2.09
4.63
2.01
2.5
4.15
2.06
4.18
3.77
0.14
4.32
3.16
4.09
2.77
2.58
3.23
0.67
0.88
2.66
0.41
0.94
4.73
3.58
3.97
1.86
1.82
1.85
0.3
3.81
0.33
3.4
1.22
3.17
4.34
0.51
2.86
0.51
2.21
4.7
3.02
2.64
1.59
3.03
0.09
1.52
4.1
0.94
3.62
1.92
1.15
3.25
2.93
4.26
3.57
1.2
4.68
3.12
3.37
2.84
0.08
2.46
4.87
1.25
1.36
4.28
2.36
0.04
3.88
3.83
0.1
0.71
0.76
3.57
0.38
2.46
4.06
3.63
3.44
0.52
4.06
1.93
1.27
2.41
0.75
4.69
2.07
4.1
1.34
2.44
0.32
1.31
3.3
0.15
0.63
1.3
1.74
4.27
3.41
3.12
0.29
1.93
2.77
1.36
2.19
1.49
2.99
4.41
2.94
2.93
3.07
0.85
3.72
2.01
2.4
4.02
4.59
2.41
1.03
1.68
2.14
1.63
2.25
0.82
4.36
2.15
1.36
2.63
4.41
3.45
1.29
0.25
4.47
3.97
1.21
3.02
0.77
0.34
3.06
3.77
2.58
3.14
3.01
2.41
4.05
2.58
0.14
1.04
0.59
3.89
0.2
2.17
3.23
4.62
3.01
3.84
4.32
4.9
2.24
3.44
2.61
0.66
0.75
3.65
2.92
4.02
2.4
1.23
0.61
4.08
4.26
2.77
3.32
0.57
0.71
3.29
4.64
2.52
0.21
0.9
1.48
0.35
2.41
0.99
1.69
0.94
2.11
4.57
3.82
0.88
3.04
4.09
2.16
1.36
0.23
4.85
0.64
3.82
5
0.94
1.83
1.11
4.54
4.8
1.54
1.58
2.35
4.35
2.12
3.96
1.95
2.26
4.9
3.62
2.99
0.18
3.23
4.67
0.59
4.61
2.88
0.9
1.82
1.4
2.68
3.6
0.78
1.35
2.19
4.94
3.26
2.61
1.69
4.76
0.92
0.47
2.98
0.9
4.09
4.68
2
0.49
3.77
2.82
2.74
4.24
2.59
0.27
3.67
1.38
2.37
1.48
4.38
2.81
3.99
2.31
4.05
2.15
3.79
1.78
0.27
3.61
3.09
4.73
2.02
1.48
3.77
0.52
1.51
4.35
2.07
0.72
2.4
1.18
0.03
1.61
0.62
4.95
2.87
3.47
2.36
1.32
0.31
4.82
1.03
2.33
4.94
1.28
2.4
2.16
4.08
1.11
3.73
1.44
0.56
4.42
3.34
0.61
4.49
2.66
2.31
1.39
4.61
4.98
1.9
3.58
0.17
4.28
4.71
2.2
1.23
2.61
2.09
1.81
3.11
0.91
4.47
2.69
2.59
0.52
4.02
3.43
0.04
1.17
4.4
0.28
1.01
4.97
4.01
3.35
2.53
0.84
0.49
1.49
1.89
0.93
1.63
4.21
4.08
3.88
3.83
3.27
4.29
2.73
2.55
0.58
1.3
2.92
4.77
0.12
2.96
5
4.81
0.15
4.23
2.5
0.62
4.09
3.6
3.64
0.27
5
4.14
1.11
2.85
2.76
2.9
1.83
3.96
4.13
2.17
0.19
2.78
0.57
3.2
2.02
3.53
4.88
3.43
2.38
2.43
1.34
3.23
2.34
3.95
3.99
2.34
4.97
0.53
4.55
3.75
1.87
1.48
0.54
0.69
2.64
4.78
1.96
0.6
2.35
0.72
2.98
0.96
0.8
0.31
1.25
0.78
0.77
3.94
0.06
0.6
2.95
2.04
4.25
0.69
0.8
0.32
2.56
3.55
0.41
3.18
4.34
2.08
3.23
4.53
4.56
3.62
0.22
3.84
2.05
3.6
2.87
3.64
3.05
1.81
2.25
2.83
2.6
2.13
2.58
3.55
0.89
4
1.06
2.99
2.02
1.19
4.02
0.12
4.28
3.72
2.44
0.8
2.7
3.95
3.36
4.75
2.23
0.55
4.02
3.24
1.17
0.43
0.88
3.82
2.55
2.64
2.28
3.76
0.93
2.25
2.86
3.96
1.97
1.58
0.55
2.37
3.95
1.55
4.87
3.76
2.93
1.55
1.52
2.5
1.88
1.72
3.09
0.26
3.73
3.58
0.58
2.01
2.43
2.66
3.07
2.32
4.3
2.51
4.99
1.16
0.19
4
1.14
0.49
2.21
1.16
3.68
0.14
2.45
4.9
0.37
2.6
4.61
1.69
0.71
4.37
3.16
4.7
4.41
4.93
0.31
1.34
0.38
3.25
4.37
0.31
3.63
1.93
1.28
3
2.73
3.71
2.97
0.19
2.16
4.67
2.04
0.46
4.16
3.56
1.21
2.2
1.56
3.27
2.15
1.35
2.36
0.48
0.41
0.59
3.19
0.7
1.97
0.14
4.85
3.78
3.95
3.12
2.67
0.84
2.35
2.88
1.19
2.98
3.47
3.71
1.57
0.1
2.88
0.16
3.06
4.49
1.61
1.94
3.14
2.43
4.41
2.02
4.32
3.75
1.87
0.94
3.32
3.39
0.06
0.33
3.61
3.41
1.23
4.62
2.86
4.07
0.48
2.69
3.46
0.04
3.04
0.46
0.51
1.28
0.47
3.5
0.31
2.54
1.29
2.52
1.71
4.19
1.06
1.3
2.25
0.42
0.84
4.66
4.74
3.29
4.41
3.4
3.76
0.35
0.24
2.87
1.9
1.66
1.13
2.41
0.53
3.96
0.04
3.26
2.98
0.61
1.66
2.81
1.81
3.86
0.19
0.55
0.31
2.64
2.44
1.81
3.22
3.6
3.57
4.06
1.01
1.05
3.11
3.98
3.91
2.39
0.85
4.88
3.76
1.82
1.96
4.36
4.09
2.65
1.23
2.15
2.28
3.86
3.07
4.33
1.47
0.89
1.78
2.87
1.88
4.56
0.54
0.7
3.1
4.11
2.42
2.25
2.18
1.1
4.67
0.89
0.84
3.89
4.71
1.77
4.68
4.81
1.95
2.24
0.17
2.98
1.36
3.07
2.58
2.09
3.06
0.07
1.25
3.19
3.33
3.61
0.06
3.17
0.57
3.28
0.55
3.23
2.78
0.34
2.8
4.76
2.16
1.18
0.55
0.31
4.69
0.29
3.94
0.12
1.92
4.85
2.82
0.88
0.52
1.66
1.78
0.65
1.41
0.67
2.7
2.8
4.57
0.04
1.75
4.81
4.52
2.03
4.07
4.25
2.49
1.97
1.6
4.2
2.28
3.97
1.55
4.37
2.17
2.07
1.62
2.8
4.04
1.61
1.31
2.6
2.06
2.52
3.63
3.01
4.17
2.81
1.66
0.93
0.57
3.87
3.72
0.44
1.92
3.67
1.31
3.07
4.63
4.44
1.86
4.48
3.85
3.05
1.08
1.87
4.76
0.49
2.04
2.13
1.5
1.27
0.77
2.29
0.35
0.76
1.79
2.74
2.05
3.72
2.76
1.42
1.03
4.07
3.84
1.06
1.09
3.79
4.4
4.65
0.55
0.02
1.64
3.64
1.63
2.69
0.92
2.62
1.4
4.11
0.96
0.55
2.15
0.05
4.16
1.73
3.51
4.78
1.54
3.64
0.11
1.27
2.11
4.85
2.8
2.82
4.54
3.52
3.33
2.8
0.91
3.19
3.55
1.48
0.35
2.55
4.1
3.68
3.66
3.05
0.93
0.94
0.47
1.2
3.73
4.76
3
2.98
3.39
3.46
4.12
3.96
1.04
2.51
3.47
0.03
2.24
3.63
4.53
2.05
4.85
0.19
3.39
3.85
3.17
4.4
2.4
4.07
3.13
0.09
3.1
3.46
2.83
4.99
3.41
4.81
1.55
4.64
0.03
4.38
3.5
1.42
4.75
1.53
4.84
0.9
1.1
4.11
2.77
1.78
0.14
3.59
3.27
4.75
4.84
0.01
3.92
2.58
3.55
2.2
3.79
0.54
0.51
4.97
3.46
2.53
0.57
0.73
2.15
0.21
0.93
1.84
0.35
0.82
1.66
0.09
3.38
0.17
3.96
1.13
1.6
3.8
3.56
4.22
1.16
4.95
3.99
0.6
4.94
3.82
1.58
0.12
0.51
1.54
3.01
2.72
1.69
3.95
1.09
0.54
1.56
1.29
0.2
2.56
3.85
2.82
0.98
4.36
1.92
0.05
2.3
0.77
2.62
4.16
3.21
4.45
4.12
4.79
1.26
1.68
4.81
2.72
0.63
2.86
2.33
2.19
3.02
0.62
1.61
4.08
0.81
2.47
4.36
0.37
4.89
4.59
2.11
2.31
2.08
4.94
4.91
2.3
1.99
1.43
0.57
1.86
4.26
3.1
0.47
4.66
0.14
3.21
1.81
1.48
4.25
2.99
2.3
3.58
4.58
0.39
3.62
2.28
4.59
3.41
3.24
4.72
2.12
4.24
2.55
0.46
2.83
1.01
4.6
1.06
3.76
4.42
0.86
3.19
0.51
4.81
1.5
3.74
0.07
2.49
4.09
4.2
2.82
1.22
2.21
4.47
2.54
3.16
2.31
1.47
0.47
0.62
0.93
1.71
4.89
1.94
2.49
3.68
1.4
2.71
0.98
1.58
3.46
4.25
2.54
1.27
2.47
1.88
2.38
4.18
3.07
3.63
2.39
0.73
0.27
2.27
2.63
4.45
1.95
0.43
2.9
2.35
2.05
2.45
1.72
0.34
3.34
0.88
2.7
3.68
1.59
0.76
1.26
4.67
1.09
4.31
0.75
4.85
3.73
4.51
3.15
2.24
3.61
3.19
2.58
4.9
1.03
0.67
2.22
3.74
0.84
2.89
4.09
2.87
3.47
2.44
3.6
0.9
0.18
2.02
0.97
2.34
4.76
3.61
0.92
0.82
3.26
2.86
4.9
1.07
3.69
4.08
4.24
4.51
4.46
3.45
2.24
3.16
3.2
3.41
4.25
1.77
2.22
2.07
4.84
2.87
0.58
2.48
2.27
4.91
4.62
1.63
3.13
2.77
0.77
2.53
3.38
2.12
4.25
4.68
2.19
3.1
4.11
0.94
2.54
3.31
2.77
4.55
2.36
3.41
2.74
4.08
4.76
4.75
1.84
4.87
3.3
2.96
1.32
2.95
2.82
3.36
2.75
0.76
3.96
4.32
1.55
4.57
1.92
3.82
4.83
0.71
2.06
1.37
2.75
1.14
1.66
2.69
0.09
1.73
4.14
1.87
4.42
4.06
2.02
4.36
4.82
4.94
1.29
1.34
0.41
3.51
0.18
4.54
3.92
0.28
2.82
4.19
4.36
2.67
3.07
4.5
0.36
2.54
1.44
2.29
2.92
2.36
4.4
4.44
1.6
0.79
1.8
4.85
0.85
4.22
2.03
0.88
1.57
4.91
1.24
2.53
2.26
2.6
2.54
0.72
4.4
4.51
3.99
0.83
3.88
2.8
4.59
4.87
4.43
1.19
4.4
3.28
2.76
3.53
3.73
3.99
3.41
2.92
0.58
1.94
4.87
