2.07
0.77
1.68
1.63
0.39
4.06
0.09
0.95
4.19
1.29
0.55
2.44
2.56
2.25
2.73
4.49
4.2
4.63
2.61
1.3
4.2
2.78
0.81
4.33
4.18
2.82
1.29
4.57
2.88
1.27
0.52
2.91
0.98
4.18
1.53
3.26
2.05
4.43
1.61
1.1
1.36
0.73
4.45
1.34
2.83
3.84
3.41
2.93
2.08
2.99
2.57
4.23
3.95
0.64
2.4
1.04
1.64
3.8
0.66
1.71
1.3
3.77
2.59
2.21
4.47
3.3
3.45
0.84
1.2
0.66
3.94
3.56
0.51
1.27
2
1.07
0.48
4.23
2.67
1.7
1.21
4.18
1.95
2.6
0.81
0.08
3.94
4.87
1.77
3.96
1.55
4.8
1.04
4.09
1.52
0.65
4.51
1.93
2.73
2.32
0.14
1.17
0.64
0.05
1.41
1.44
0.83
4.11
0.18
1.43
3.6
1.3
4.66
1.73
2.5
3.61
4.98
1.31
4.71
4.14
2.3
1.44
2.44
1.31
4.18
4.17
2.4
3.59
4.84
2.96
0.22
4.26
0.82
3.49
4.23
1.32
2.97
3.93
1.44
3.74
4.95
2.33
4.72
3.75
4.91
4.09
2.06
0.28
1.34
1.01
0.87
1.76
4.38
4.42
3.4
3.39
1.53
3.93
0.56
3.44
1.51
4.57
0.79
3.22
0.29
4.13
3.8
0.54
4.47
3.64
3.82
2.79
2.68
1.95
4.76
3.17
3.98
4.91
3.8
2.31
1.91
3.96
4.24
3.98
0.48
2.2
0.45
2.38
4.59
2.74
2.24
3.6
2.62
4.7
0.98
2.84
4.45
0.23
1.8
3.76
0.26
4.67
2.49
2.89
1.05
3.41
0.43
3.3
4.18
2.11
3.41
2.56
0.15
0.35
4.69
0.51
0.36
0.2
1.82
0.33
0.65
1.99
1.12
3.84
0.39
1.29
1.02
3.3
2.55
0.56
2
2.62
1.11
4.79
4.69
0.16
1.77
1.28
4.28
2.16
2.83
4.86
0.68
4.13
2.93
3.28
3.01
3.2
2.54
1.32
0.65
4.21
1.55
1.68
3.57
0.02
3.75
2.99
3.36
3.78
4.03
2.79
4.66
2.2
4.9
2.04
3.22
3.24
3.25
1.45
1.73
4.48
3.75
3.18
4.91
1.35
2.22
0.04
0.69
4.09
1.38
4.75
2.76
3.89
2.61
1.53
0.58
3.67
4.49
0.84
3.8
2.01
3.78
3.12
2.85
0.77
3.54
0.76
2.18
4.4
4.33
4.09
1.77
3.54
4.24
1.64
2.92
2.18
1.13
0.73
0.89
2.47
0.45
3.47
3.86
2.57
2.46
0.03
4.84
3.74
2.42
1.86
2.82
4.45
2.41
2.92
1.1
2.57
2.22
4.17
2.57
2.74
0.48
0.22
2.47
3.72
4.23
0.74
4.73
1.45
2.66
2.53
0.81
3.39
1.13
1.6
1.52
1.72
1.62
4.37
4.92
0.48
3.27
1.48
1.94
0.7
4.42
0.68
0.09
1.29
2.62
2.28
3.75
0.9
0.37
2.83
4.07
0.32
1.73
3.65
0.89
1.91
4.2
0.64
0.47
4.21
3.17
3.2
4.11
2.82
1.3
0.9
3.71
3.05
3.8
1.56
3.53
0.84
3.79
1.98
0.71
2.97
3.35
3.45
2.15
2.67
0.22
0.65
3.53
4.51
4.74
0.31
1.23
1.81
3.29
3.94
0.64
3.03
2.5
1.41
3.69
4.17
1.06
2.52
4.01
3.39
1.03
1.28
0.86
3.31
4.37
4.16
2.62
4.52
4.33
3.86
3.94
0.54
4.31
2.44
2.46
0.28
2.78
0.36
0.58
0.19
4.95
4.23
0.92
3.27
1.14
3.93
1.78
3.5
2.16
3.52
4.59
4.37
3.42
1.01
2.01
2.42
0.49
2.98
4.66
2.01
1.87
3.46
1.9
4.19
0.32
1.27
0.72
0.81
3.97
4.75
0.41
1.49
3.08
1.63
2.99
4.89
1.93
1.41
3.67
0.26
3.49
3.94
0.15
2.3
2.47
2.06
0.49
1.78
0.85
4.33
0.35
3.16
0.42
1.14
3.97
0.24
3.48
1.39
0.88
4.22
0.39
0.65
3.56
3.94
4.09
1.04
3.37
3.37
0.24
1.6
2.04
0.73
4.35
2.73
3.36
2.83
4.27
3.25
1.47
3.45
2.63
3.89
3.78
0.64
2.52
4.97
4.44
0.76
2.18
0.49
2.09
0.47
2.61
3.45
0.29
3.34
2.88
4.54
2.75
0.7
3.6
0.5
1.38
3.41
1.21
0.53
3.42
0.35
0.43
4.95
0.13
2.9
3.61
3.23
3.63
2.08
3.1
3.47
2.33
1.31
2.85
0.07
0.46
1.53
4.01
2.21
2.08
2.87
3.02
3.36
2.36
4.46
3.03
0.91
3.34
3.73
1
4.04
2.48
3.33
3.45
4.83
4.65
1.6
2.23
0.27
0.34
0.25
1.61
1.56
1.45
3.19
2.39
1.02
4.69
4.42
1.97
3.99
1.38
2.7
3.98
4.32
2.07
3.46
0.1
1.58
3.53
3.29
4.88
1.66
4.45
1.99
0.26
3.85
0.38
4.58
0.54
1.48
0.04
4.18
3.21
0.94
1.13
0.45
2.85
3.52
4.43
0.76
3.55
3.93
3.25
3.75
1.45
3.64
4.99
2.46
0.96
0.81
0.15
0.34
4.47
1.73
2.15
4.32
1.74
4.45
3.31
1.98
4.33
0.53
3.4
2.53
3.81
0.48
4.07
0.93
4.22
4.08
2.24
5
4.28
3.56
1.08
4.88
2.99
0.3
2.34
0.31
4.21
1.35
4.31
0.69
1.06
1.7
2.43
4.21
4.01
2.46
3.39
4.98
3.54
3.16
1.91
4.72
3.61
3.38
4.93
4.09
4.03
4.7
1.19
4.01
0.36
3.5
0.81
0.03
1.37
2.76
0.94
4.81
0.42
2.86
3.93
2.27
3.06
0.9
1.22
4.08
4.01
1.09
1.38
1.3
2.2
1.34
1.15
2.7
3.57
4.91
0.99
4.18
0.31
3.56
3.69
3.38
3.21
2.28
4.17
3.07
3.41
0.14
0.14
2.96
4.54
3.71
1.57
1.1
4.35
3.48
2.75
2.78
4.78
1.02
1.8
0.59
1.63
3.82
3.13
1.96
0.2
2.85
2.46
4.81
4.14
4.15
4.65
3.5
4.89
0.38
1.96
3.28
4.93
1.9
0.95
0.11
3.26
1.01
0.8
1.53
2.09
2.78
1.82
4.94
3.34
3.24
3.81
0.07
4.38
0.26
0.44
2.31
3.32
4.83
4.1
2.61
1.2
1.13
1.51
2.47
0.46
1.98
4.51
1.69
3.27
4.34
1.45
0.94
4.35
3.29
4.63
4.09
3.21
2.32
0.1
4.93
0.14
3.47
1.24
3.54
2.96
4.3
2.06
3.77
0.64
3.41
0.82
2.8
4.39
1.2
2.11
3.16
0.33
1.45
2.55
4.27
3.42
1.24
0.01
4.51
4.8
1.26
2.24
3.08
3.25
2.37
2
4.72
3.93
3.61
0.92
1.88
3.25
4.61
1.04
0.02
3.42
2.83
3.25
0.68
2.01
3.74
3.6
0.38
2.4
2.19
1.32
1.93
0.59
3.34
4.04
4.58
1.62
0.52
2.96
0.77
4.85
0.11
4.96
1.85
0.28
2.44
2.16
0.21
3.82
4.25
4.39
2.74
1.97
3.68
4.09
4.69
4.89
2.22
3.47
3.36
4.48
2.93
2.49
1.99
3.03
4.64
4.11
4.52
2.23
3.87
3.87
3.51
2.8
1.1
1.08
4.57
4.04
0.11
0.38
3.16
0.25
3.11
4.65
4.67
3.64
0.23
2.71
0.41
4.4
1.72
3
2.49
1.01
4.45
0.47
1.23
3.57
1.44
0.74
3.21
2.41
0.05
4.56
2.2
0.29
0.48
2.22
4.06
2.15
0.09
4.21
2.87
0.82
2.76
2.23
2.75
1.41
0.92
3.85
2.37
3.06
2.81
3.55
4.12
4
4.14
2.94
0.83
4.86
3.39
0.77
3.25
4.36
4.35
3.7
0.8
4.86
4.62
1.27
1.76
1.44
3.57
2.36
2.03
4.06
1.75
1.29
4.68
0.24
2.95
0.68
1.54
4.76
2.56
0.34
3.29
1.7
3.14
4.41
3.45
4.01
0.82
3.27
1.47
4.62
0.54
4.55
4.06
3.17
3.88
1.55
3.84
4.16
0.78
2.06
4.23
4.49
1.67
2.19
4.06
1.71
2.42
4.62
0.71
0.55
2.56
4.28
3.07
1
0.35
4.99
3.71
1.08
2.73
2.76
2.72
0.44
3.25
4.95
0.26
2.01
4.37
1.67
2.89
0.09
0.67
4.56
3.58
3.64
3.63
1.14
0.52
2.27
1.73
1.29
3.61
2.28
1.56
0.21
1.63
3.44
4.65
0.36
1.08
0.74
3.51
2.2
2.52
2.33
4.96
1.64
3.23
2.81
0.74
1.8
3.12
3.49
4.76
0.78
0.34
0.33
0.19
1.56
3.48
2.06
2.81
1.25
2.7
3.14
0.57
0.8
1.66
4.11
4.26
4.14
0.79
4.22
2.98
4.09
2.28
3.32
4.65
4.38
1.75
0.75
0.68
3.83
3.27
1.19
1.71
0.15
1.17
2.4
3.98
1.74
2.5
3.46
0.65
3.43
1.79
2.94
2.11
0.98
4.43
2.09
3.89
4.66
1.59
3.93
2.69
1.68
1.64
4.77
1.07
4.99
0.14
2.24
3.27
0.81
4.78
3.13
3.12
2.38
1.81
1.54
0.93
3.44
3.42
0.13
2.25
0.37
2.74
3.57
3.63
0.59
4.18
1.91
4.11
3.2
2.42
1.17
3.93
1.2
2.75
3.63
0.89
0.68
2.1
2.1
1.63
0.71
1.73
1.77
3.87
1.28
3.37
3.43
2.83
0.78
2.03
4.58
4.8
3.25
3.68
3.56
1.75
4.13
0.26
1.28
4.37
1.9
3.94
0.66
0.16
2.1
0.04
3.2
4.96
0.76
1.35
0.48
4.02
0.76
0.77
0.23
4.98
4.58
0.12
1.32
3.31
2.38
4.52
4.02
1.28
2
3.55
3.64
3.3
2.38
0.23
0.9
3.8
2.32
2.52
2.88
3.27
0.66
2.97
0.09
0.59
3.86
3.17
3.43
1.64
0.86
2.49
3.45
0.77
3.21
4.91
1.66
3.03
0.5
2.6
5
2.85
0.79
0.05
1.75
3.05
1.34
0.56
4.26
2.62
2.96
1.87
1.1
0.79
3.77
1.36
1.81
1.3
1.09
3.27
3.56
4.98
3.85
4.04
3.63
1.26
4.34
0.2
2.14
2.35
1.39
3.23
1.39
4.73
0.27
4
1.99
2.29
2.62
3.88
1.89
3.31
0.9
3.44
2.09
0.43
4.29
0.28
3.24
0.37
2.16
0.31
1.01
0.35
2.8
1.28
2.88
3.59
1.13
2.74
4.4
2.2
3.11
0.79
2.37
2.31
3.22
0.05
3.68
1.28
0.7
4.75
1.95
2.95
2.99
3.6
3.38
0.77
2.57
3.22
1.97
0.09
2.76
4.17
0.58
2
0.03
1.85
4.32
3.84
4.78
1.66
1.16
1.91
2.9
0.81
0.7
2.82
0.56
3.05
3.11
2.46
1.48
1.94
3.02
3.77
1.25
1.52
4.43
3.64
1.64
4.99
3.81
2.58
2.43
0.28
1.37
0.69
2.49
1.72
1.81
4.33
4.78
4.42
0.94
4.64
1.59
4.15
4.48
1.5
1.41
2.75
4.44
4.21
1.51
3.41
4.08
4.66
4.18
0.16
1.89
2.75
0.83
4.08
2.14
4.53
1.51
1.05
2.33
1.78
0.26
4.08
3.82
4.96
3.53
4.32
0.01
0.68
3.35
3.86
1.69
1.77
3.07
4.99
3.04
4.05
3.61
3.24
3.35
2.39
3.22
2.19
3.81
4.65
2.94
3.88
3.88
2.4
0.14
3.8
4.22
1.01
3.64
2.87
2.45
3.92
4.73
1.76
1.05
3.96
0.9
1.28
4.78
1.7
2.52
1.05
0.26
0.51
2.98
3.38
0.32
3.36
4
0.41
2.48
2.79
2.6
4.04
1.61
0.67
4.27
0.19
3.91
0.41
2.17
4.43
3.93
2.6
2.99
4.01
0.27
4.23
1.04
0.9
1.25
0.7
3.66
2.78
0.31
1.84
3.23
1.4
0.14
0.71
3.4
3.38
1.75
4.8
4.41
3.62
1.5
3.58
4.05
3.61
1.7
2.98
0.79
1.35
2.06
2.65
1.39
3.77
2.5
3.81
3.63
3.98
1.93
1.23
3.53
3.43
1.35
4.52
0.06
1.72
3.18
2.87
0.13
3.78
0.46
1.97
2.22
0.76
1.18
4.79
4.15
2.13
2.49
1.05
4.21
3.96
4.66
1.59
4.47
3.16
4.34
2.77
2.15
2.02
0.17
4.07
3.76
3.38
3.36
2.31
0.86
2.07
0.24
1.99
4.73
1.76
2.72
1.79
0.48
1.74
3.49
4.42
1.7
0.97
4.61
4.86
2.76
1.86
3.71
1.09
3.48
4.66
0.42
0.46
1.47
4.27
1.46
4.46
2.25
2.11
1.42
3.16
1.57
0.96
0.73
0.45
4.09
4.51
3.51
1.99
2.24
3.99
2.41
4.68
2.75
1.03
2.12
0.59
1.3
0.02
0.35
0.36
3.22
3.06
3.8
4.44
1.58
2.14
4.8
2.97
1.49
4.86
2.06
3.1
2.35
2.62
4.33
0.07
5
4.23
3.85
1.99
2.21
1.1
2
2.97
2.68
2.22
0.04
0.52
1.58
0.9
4.22
1.44
4.63
0.45
1.83
4.07
3.26
4.5
3.08
4.22
4.71
2.66
4.67
4.89
3.42
4.58
0.23
2.04
0.32
1.8
2.87
1.45
3.67
0.19
0.27
0.08
4.77
2.07
3.32
2.95
4.5
3.87
3.64
0.93
0.68
1.96
1.28
2.09
3.45
2.56
3.28
0.75
1.96
3.13
4.4
2.58
4.8
0.6
4.02
1.11
4.5
4.04
3.94
4.01
3.14
4.7
1.51
1.22
4.01
0.77
0.4
2.78
0.61
1.61
4.09
4.88
2.35
1.78
3.87
4.73
4.12
3.4
1.71
1.9
3.85
0.4
0.41
3.54
3.26
1.64
3.91
0.53
4.92
4.61
4.75
0.63
0.45
0.98
3.4
2.91
4.19
2.25
3.76
0.64
0.69
0.86
0.28
2.54
2.55
4.23
2.07
1.52
4.08
4.21
0.42
2.42
2.64
1.51
2.16
2.73
2.71
4.6
0.62
0.91
1.92
2.82
0.81
1.33
4.76
4.1
4.28
3.02
4.96
4.67
4.45
2.86
4.48
2.98
1.75
2.5
2.83
1.6
1.37
1.94
3.19
2.44
1.64
4.68
0.38
3.79
3.79
0.77
2.75
4.56
4.24
2.07
3.49
0.04
0.08
3.45
3.78
2.48
3.87
1.67
3.43
0.23
0.81
4.34
2.13
2.67
0.19
1.8
2.91
3.21
4.93
2.73
1.97
1.79
2.89
1.03
2.99
0.64
3.95
3.1
4.07
1.31
1.25
1.73
4.38
4.96
2.96
3.44
3.78
3.47
1.7
0.52
2.61
3.59
4.26
3.32
3.05
2
1.03
0.38
0.03
4.01
3.51
4.29
3.1
3.04
1.9
2.62
3.53
1.68
0.76
3.52
2.32
4.76
0.63
4.15
0.47
4.95
0.78
2.78
1
2.03
0.03
1.74
0.98
3.42
0.48
4.89
3.1
4.57
2.67
0.59
3.71
3.12
4.66
3.29
1.16
0.4
2.61
4.21
0.18
1.98
2.53
1.81
1.76
1.96
3.78
2.35
1.28
3.13
1.22
2.91
0.79
4.49
1.05
1.76
2.72
3.31
4.3
2.99
0.66
4.86
3.15
0.42
4.14
2.85
0.33
1.91
1.42
0.63
1.35
2.1
0.92
1.76
0.08
1.65
2.59
3.19
0.14
0.44
0.48
3.2
3.73
1.21
3.39
0.05
3.47
4.66
3.87
4.04
4.18
1.55
1.52
0.99
1.78
3.51
4.08
2.53
0.81
0.43
3.06
3.85
1.92
2.3
3.2
1.02
1.34
1.52
2.09
3.92
3.18
2.71
2.6
2.93
3.74
1.53
0.68
3.63
4.03
0.7
4.74
1.07
1
0.92
2.49
0.23
2.27
4.52
0.83
4.97
3.83
2.15
1.14
1.16
2.5
3.25
0.32
3.88
1.26
1.95
2.34
1.33
0.15
4.75
1.9
4.33
3.36
4.25
1.63
4.92
1.53
0.06
3.58
0.31
4.48
2.39
0.93
3.41
1.92
2.49
0.28
1.18
4.73
0.53
2.07
2.29
3.67
2.32
2.65
4.83
0.06
0.23
1.54
1.87
3.58
1.65
3.2
0.27
0.34
4.06
2.64
0.15
3.83
0.8
2.75
3.3
3.22
0.75
2.62
3.54
0.33
0.2
3.68
2.85
1.84
0.01
3.94
2.24
1.41
3.97
2.87
3.77
0.09
2.55
2.46
2.55
0.16
0.79
4.25
1.29
4.66
3.78
1.74
3.55
3.57
3.5
0.98
2.33
1.04
4.46
1.57
2.5
3.67
0.1
3.88
4.61
3.73
2.28
0.45
0.31
1.74
0.82
1.56
4.19
1.06
4.72
1.74
2.13
2.17
0.36
1.06
0.85
3.55
0.24
4.02
0.89
2.77
4.94
0.34
3.68
4.63
0.04
2.25
3.99
1.89
1.89
4.59
0.52
1.96
4.46
3.47
2.18
3.64
1.57
2.25
2.93
1.28
2.36
2.97
3.85
4.05
3.29
2.18
0.85
1.21
3.29
3.37
4.73
4.24
4.33
0.32
3.73
0.82
2.62
2.83
0.55
3.17
2.16
3.42
0.55
4.89
1.71
4.76
0.78
1.09
0.86
0.58
4.78
4.09
0.63
3.52
0.45
0.65
2.86
2.85
4.28
3.3
1.2
2.69
3.55
2.98
1.02
2.26
4.53
2.98
0.27
3.75
2.98
0.82
2.71
4.75
2.71
2.85
0.41
4.87
3.07
1.81
0.24
2.85
2.88
2.37
3.6
0.58
3.66
3.57
2.87
3.39
4.12
1.94
2.24
3.4
3.29
1.1
3.62
4.96
4.88
0.69
1.42
2.21
3.94
3.48
0.04
1.25
3.53
2.57
3.08
1.42
1.61
3.39
1.72
3.89
3.97
1.63
1.26
2.76
3.01
0.07
1.84
3.46
4.96
1.74
4.52
2.96
1.14
1.68
2.12
2.04
4.74
3.89
0.64
0.21
2.34
1.87
4.78
4.5
1.44
4.2
0.79
1.9
3.58
0.77
0.7
2.98
1.59
2.74
1.73
0.45
2.36
2.32
0.32
3.06
3.76
1.74
3.44
3.55
2.5
2.06
4.25
4.46
3.57
2.73
2.04
3.18
3.54
0.93
2.36
0.77
4.43
1.06
4.71
2.52
3.34
1.45
0.67
0.75
1.7
3.48
0.14
0.43
2.55
3.13
4
4.7
0.49
2.8
2.37
3.8
0.76
2.76
4.15
4.88
4.11
0.4
4.8
1.33
0.57
4.04
2.83
2.98
2.9
4.16
1.34
2.83
2.18
1.2
2.47
3.3
4.7
1.42
3.09
2.11
1.34
0.86
2.42
3
4.39
0.1
4.95
2.24
2.38
0.54
0.1
4.51
3.3
0.09
2.74
3.99
2.64
1.5
0.61
3.17
0.67
4.26
0.79
0.34
0.99
2.48
3.92
2.01
5
3.78
0.15
1.13
3.02
2.61
4.79
3.38
0.1
3.94
2.81
0.89
2.59
4.21
2.82
4.29
2.65
2.52
3.65
2.11
2.68
1.58
3.64
1.24
4.92
0.48
2.3
4.5
2.03
3.57
3.64
2.48
0.58
4.97
4.45
4.88
0.25
4.63
0.2
0.93
0.42
1.4
1.46
3.56
0.27
2.58
0.64
2.83
4.99
2.14
0.21
4.36
0.17
1.1
1.87
1.52
4.96
0.72
2.64
4.9
2.36
0.65
1.12
0.3
2.61
1.97
2.12
3.21
1.76
1.09
1.16
1.82
0.04
2.79
0.76
1.01
1.03
2
1.79
4.87
3.96
2.63
0.47
0.64
0.98
4.98
3.62
3.97
0.7
1.7
1.02
2.39
1.6
0.83
4.81
3.25
4.84
4.36
2.44
4.6
1.59
2.72
3.96
2.84
2.29
3.64
1.43
2.94
2.09
1.9
2.1
1.66
1.69
3.5
2.18
1.41
3.62
1.27
3.28
2.34
0.04
0.1
3.44
0.09
2.88
3.3
2.65
0.18
0.78
4.03
0.95
0.52
2.38
1.47
2.58
4.3
3.15
4.03
0.48
2.3
0.19
0.24
2.27
1.67
1.84
1.41
0.2
4.23
2.39
1.93
3.89
1.57
1.91
1.85
1.22
0.54
2.58
3.26
3.35
1.56
4.48
0.01
3.77
1.5
0.59
4.65
3.88
1.04
2.21
3.68
2.37
4.07
1.03
4.44
3.68
1.68
4.66
4.75
0.67
4.2
2.77
2.29
0.51
3.16
2.54
1.41
3
4.2
2.9
2.11
2.79
4.91
0.66
1.6
0.92
2.32
4.57
1.14
1.98
2.88
0.77
1.02
0.21
2.3
3.75
1.02
4.57
3.49
2.75
2.87
3
0.06
0.76
4.26
3.24
4.02
0.47
