4.6
2.1
3.37
0.57
1.29
1
3.79
0.4
4.05
1.49
4.22
3.17
3.95
4.95
3.67
2.55
2.34
4.05
0.66
4.35
4.41
0.42
1.89
2.39
1.44
2.55
4.3
4.66
1.36
0.45
0.21
0.43
2.21
4.95
2.46
3.29
1.89
1.58
4.9
2.18
0.67
4.84
2.9
0.38
3.27
3.08
2.23
3.03
3.6
2.71
4.36
1.39
2.59
4.98
2.6
3.76
4.71
3.97
3.26
1.74
1.51
0.84
0.5
3.53
1.21
1.48
4.26
4.16
4.1
3.13
3.55
5
2.35
2.18
1.84
1.47
2.43
0.66
1.7
0.04
4.94
1.31
1.55
1.45
3.19
0.99
2.62
0.85
4.06
4.8
1.94
1.22
4.6
2.07
3.45
0.56
1.82
4.77
2.11
1.32
3.75
0.19
0.77
1.85
4
3.97
4.23
1.73
1.66
1.52
2.96
2.55
2.04
4.13
1.38
1.64
0.95
1.27
3.23
0.95
4.06
3.42
1.9
1.42
3.79
0.07
1.73
3.03
0.56
0.24
3.44
3.17
2.38
3.25
0.91
2.81
1.07
3.23
2.83
4.67
2.39
4.49
0.2
0.23
0.75
4.77
4.64
3.99
3.97
2.78
2.21
0.45
0.63
2.81
2.79
3.63
0.59
3.55
1.1
3.85
1.88
1.63
1.62
0.57
4.96
3.86
0.88
1.55
2.56
4.86
3.76
0.13
0.33
0.55
1.28
0.98
2.56
0.2
3.08
1.43
3.93
4.4
1.53
1.78
4.62
0.24
4.51
3.85
2.22
0.23
3.53
3.26
3.26
4.78
0.86
3.22
2.15
0.36
1.5
3.65
0.92
4.08
1.14
0.08
4.05
0.12
0.76
1.15
2.65
1.9
2.42
4.74
4.33
3.04
0.82
1.53
4.72
0.08
0.54
3.61
3.12
4.07
3.56
1.57
2.75
4.73
2.24
4.64
2.24
4.86
0.65
4.92
1.79
0.69
4.78
3.91
2.72
2.96
2.33
4.22
3.77
4.11
4.37
2.41
0.91
3.31
1.94
1.99
2.32
4.59
3.69
0.46
3.47
3.27
3.69
3.61
4.71
0.36
0.98
1.52
3.1
2.8
1.89
1.03
4.45
2.81
4.26
2.18
1.01
0.76
4
0.44
2.85
0.58
4.03
2.63
4.41
4.67
3.07
1.97
0.47
1.72
4.17
1
3.99
1.21
0.36
4.59
3.36
1.54
1.25
1.8
2.21
3.47
3.71
4.17
2.47
2.02
1.27
3.39
2.31
0.19
4.84
1.63
2.55
3.24
0.2
1.39
0.69
2.91
4.22
4.42
3.25
2.58
2.19
0.32
2.03
4.71
3.4
0.32
5
2.94
0.91
2.57
0.71
3.21
3.09
1.34
0.09
4
2.89
0.16
4.18
1.78
2.67
2.13
4.95
3.24
3.08
3.45
0.5
2.99
1.58
0.44
4.98
0.25
0.82
1.16
1.69
1.11
4.26
0.46
4.75
0.72
4.95
2.45
3.24
4.17
4.07
1.3
1.58
3.42
3.3
4.41
0.65
1.24
3.24
3.16
4.21
0.93
4.74
1.35
1.26
1.51
3.48
1.84
0.97
0.65
0.82
0.56
2.84
1.46
4.1
2.38
1.88
1.53
0.97
2.08
0.24
2.75
2.6
2.98
4.5
2.45
0.81
1.6
0.26
3.26
3.8
3.41
4.98
4.93
2.14
0.38
2.53
4.1
1.96
1.29
2.21
2.96
3.7
1.7
0.45
2.19
4.26
3.46
1.37
1.2
0.12
5
0.82
3.53
4.94
3.79
0.31
2.4
0.61
4.9
1.93
2.51
0.8
0.39
1.98
1.75
0.02
0.5
1.88
3.76
4.93
4.74
3.67
1.22
3.28
4.58
1.36
1.59
2.18
0.25
3.11
0.26
1.65
3.69
2.43
3.65
0.37
1.59
3.68
1.56
1.35
2.73
4.65
0.46
0.83
2.06
3.54
1.93
1.86
4.4
3.03
3.53
2.35
2.62
1.8
1.73
0.02
2.38
3.72
1.9
4.06
1.63
2.39
1.33
3.69
0.88
2.43
2.82
2.39
3.08
3.2
2.68
4.84
4.29
0.55
4.71
4.38
1.23
3.99
2.83
3.93
2.42
2.09
2.06
4.29
2.72
3.01
3.46
4.05
4.88
3.23
0.41
2.73
0.23
2.76
2.97
4.19
0.24
0.79
2.3
0.2
1.36
2.36
0.12
1.18
3.51
2.75
0.57
2.48
4.84
2.54
4.86
4.42
4.64
1.25
0.85
1.67
0.11
1.56
2.34
0.13
4.26
4.82
0.03
1.09
0.68
4.02
1.16
1.34
3.17
0.93
4.92
3.34
4.14
3.52
1.63
0.97
4.16
2.68
4.77
1.03
3.47
1.52
1.85
4.07
3.68
2.35
0.81
4.47
3.05
0.54
4.65
0.79
4.31
1.87
3
4.93
4.18
4.57
4.31
1.1
0.99
4.69
0.08
1.98
0.44
4.64
1.39
1.18
3.75
1.84
4.9
0.92
4.5
3.69
4.79
3.89
0.21
4.63
4.54
2.09
3.94
2.68
1.11
2.07
4.14
2.8
1.31
4.85
1.57
3.26
1.07
4.4
0.36
1.72
1.53
4.69
1.17
0.4
2.42
0.64
2.45
3.64
2.37
4.02
4.48
2.86
1.91
1.8
4.63
1.3
1.23
4.19
2.53
2.46
1.97
4.18
4.49
3.89
0.49
1.42
3.2
2.24
0.41
4.7
4.47
0.6
2.84
0.62
1.65
4.19
3.13
2.23
4.78
2.58
4.08
3.69
3.88
2.28
0.47
2.46
0.4
3.89
1.42
1.55
4.41
3.47
3.88
1.44
3.72
0.73
1.13
3.3
0.25
3.16
4.88
0.2
1.91
4.69
4.46
3.14
0.71
3.94
4.06
0.1
0.32
0.21
0.23
1.89
3.07
4.95
4.62
1
1.78
4.32
0.58
2.55
3.1
4.01
0.7
1.18
4.11
0.91
1.84
2.42
0.99
2.79
1.14
0.59
3.92
1.28
3.04
4.3
0.88
0.01
3.73
2.62
3.75
3.13
1.66
3.76
0.8
3.39
0.5
3
1.26
3.38
2.27
4.41
3.9
3.5
1.41
3.15
3.92
2.86
2.14
2.03
0.7
2.22
4.99
3.79
2.78
2.03
2.2
0.1
3.73
2.2
3.34
1.27
2.65
3.03
2.98
0.5
0.78
3.3
0.46
3.19
1.95
1.92
2.36
0.01
0.08
1.95
1.35
3.97
1.43
1.68
2.63
0.51
3.52
4.91
3.28
2.04
4.39
0.73
1.3
1.26
0.09
3.27
0.34
2.33
0.96
2.8
1.09
1.16
2.68
2.24
3.52
4.82
0.36
4.29
3.81
4.42
4.36
2.64
1.55
0.29
2.73
2.55
3.79
3.37
1.91
0.75
0.78
0.71
3.09
3.73
0.38
2.95
2.47
2.58
3.34
0.52
2.77
2.46
0.83
3.03
4.7
1.53
2.74
0.9
4.73
0.84
2.02
1.77
2.71
1.99
4.17
0.99
3.1
4.93
2.05
4.16
0.04
2.38
1.04
1.42
2.67
2.71
1.47
4.28
2.7
2.78
0.76
3.49
2.06
2.4
1.27
4.53
4.19
3.93
1.81
2.43
4.38
3.46
3.86
0.53
4.17
2.57
1.3
0.79
0.5
4.07
4.66
2.17
1.96
1.67
3.86
0.95
0.56
2.28
0.45
0.23
3.26
3.13
2.1
0.94
4.6
2.03
0.45
4.9
0.42
1.21
1.81
2.01
2.76
1.38
0.19
4.8
3.93
3.26
0.45
2.3
2.01
0.41
2.78
4.94
1.07
1.64
3.68
1.67
1.11
1.39
1.5
0.74
2.73
0.75
2.03
4.49
2.02
0.08
1.38
1.49
2.39
1.65
4.31
2.15
4.98
1.99
3.06
4.19
0.41
4.49
4.22
3.24
4.45
4.02
3.51
3.72
0.06
4.5
2.04
2.17
2.2
3.57
3.5
0.71
3.09
2.35
3.49
4.38
3.26
3.87
2.01
4.79
2.82
0.95
1.67
3.31
0.36
3.7
3.31
1.83
4.86
2.62
0.86
4.14
0.41
0.26
3.62
4.97
3.29
1.05
4.95
2.77
3.97
1.86
1.62
4.7
3.55
2.18
1.91
1.17
3.11
0.86
3.5
0.92
0.26
3.37
4.4
3.46
2.2
1.61
0.21
0.82
2.89
2.77
2.91
4.02
1.89
2.19
1.42
0.06
2.28
2.63
1.11
0.5
1.68
4.89
1.64
2.78
2.41
1.59
1.5
4.58
2.27
0.17
1.82
2.05
1.56
0.25
2.41
1.09
2.42
2.9
3.83
1.96
1.28
1.86
4.9
2.47
0.73
3.26
2.25
1.17
1.34
2.25
1.64
2.75
3.81
2.84
1.34
1.81
1.36
1.36
1.37
0.95
3.72
2
0.42
3.9
1.98
4.13
4.43
3.53
1.99
3.45
4.33
4.08
1.37
0.52
4.84
3.88
0.09
1.81
4.72
4.89
1.17
2.72
0.81
0.31
4.01
3.99
3.98
4.57
1.06
4.09
0.56
0.42
0.52
3.16
4.95
3.1
3.24
4.81
1.88
1.01
4.32
3.59
4.41
1.46
2.48
1.54
0.97
2.19
0.88
0.92
2.05
3.72
3.85
1.33
1.53
1.82
1.61
4.24
0.15
2.45
1.47
3.63
5
1.45
0.04
1.39
0.62
2.49
0.05
1.28
0.3
3.58
2.91
2.51
3.39
2.62
3.69
2.16
0.78
2.76
2.32
1.94
2.3
0.6
0.2
4.66
3.29
0.68
1.54
1.13
3.23
2.22
4.08
4.02
2.91
3.18
3.25
3.37
4.4
1.41
0.46
4.33
2.35
2.86
2.77
4.22
3.21
3.61
3.51
2.74
0.63
0.58
3.37
0.32
2.15
0.99
3.36
1.82
0.38
2.37
2.4
1.25
1.85
1.77
3.51
0.96
2.22
0.89
0.02
3.85
2.71
3.61
0.38
0.15
2.89
4.54
2.2
0.37
2.19
3.36
1.92
0.69
3.76
2.49
0.99
3.08
3.63
1.08
4.19
2.58
2.43
4.94
4.77
3.24
0.5
1
4.39
4.97
3.17
4.84
0.37
4.35
3.63
2.14
1.18
3.82
3.88
0.79
2.8
2.3
2.56
3.44
3.89
0.76
0.24
2.11
4.97
3.47
2.37
2.42
3.16
3.51
0.77
3.4
0.54
0.75
4.14
4.28
1.69
0.15
1.47
1.96
0.35
2.97
0.04
1.42
2.88
1.55
0.87
0.19
3.57
4.55
2.59
2.67
2.22
3.04
4.67
4.32
4.44
1.93
2.35
4.97
3.45
1.54
1.68
3.59
0.22
1.23
4.48
4.44
4.86
4.69
4.5
2.7
4.62
2.68
4.02
0.53
2.1
0.33
4.36
3.13
1.18
2.99
0.97
2.6
3.16
4.8
2.22
3.7
3.98
4.29
3.45
3.3
4.42
1.93
4.59
1.14
3.55
4.9
2.28
4.88
2.92
0.31
2.01
2.92
4.36
4.1
0.27
1.77
2.86
4.35
0.46
3.48
4.22
1.43
3.77
0.66
0.46
3.07
2.09
0.04
3.38
4.62
2.79
1.25
1.58
1.53
4.86
3.03
1.89
2.15
3.03
1.86
2.95
0.81
2.82
0.66
2.33
1.95
1.68
4.31
4.48
1.97
4.85
0.5
0.29
3.56
4.29
0.84
4.1
4.92
2.93
3.73
1.51
4.53
4.83
1.32
1.29
4.26
2.34
2.06
3.47
2.64
2.59
1.87
2.15
0.25
3.24
2.85
1.56
3.5
2.25
1
4.7
4.1
1.4
2.22
2.53
4.09
4.24
2.73
2.85
4.96
2.16
2.95
3.36
0.87
1.23
1.15
2.55
2.59
4.51
0.4
3.59
4.72
1.61
2.43
1.69
1.82
4.56
2.41
0.92
3.71
0.13
0.61
3.8
1.59
1.17
0.16
1.44
4.83
4.62
0.8
0.85
1.63
1.81
1.52
4.08
4.56
2.32
2.49
2.32
0.55
0.81
0.14
2.11
0.98
0.26
4.94
4.19
1.29
2.34
1.84
1.99
1.37
3.06
4.72
0.93
3.83
4.41
1.45
0.09
2.12
0.21
2.84
3.92
0.91
2.11
2.67
2.08
1.23
4.49
2.67
4.74
3.36
0.42
1.63
2.72
2.96
4.73
2.61
0.66
0.27
4.72
1.78
0.85
3.57
4.6
4.62
2.42
4.62
2.86
3.13
0.13
4.46
4.11
2.3
3.16
3.73
1.75
0.26
2.82
2.68
1.35
2.43
3.76
2.18
2.55
0.68
4.48
2.97
3.64
5
4.71
2.23
2.56
4.59
0.04
2.85
3.48
2.62
2.01
0.24
4.98
3.54
4.34
0.82
0.12
4.31
4.4
0.16
2.75
2.93
1.03
1.84
2.92
3.6
2.55
4.18
4.08
4.97
4.97
0.57
3.27
0.48
3.22
3.39
3.91
0.34
4.02
3.68
4.99
1.18
2.77
0.6
0.26
0.28
4.03
3.59
1.52
4.4
0.81
3.55
3.28
1.43
0.32
1.43
4.8
1.6
1.9
3.89
1.97
0.88
3.8
4.16
3.09
4.23
4.06
3.32
2.45
2.94
2.58
1.69
2.8
0.99
1.84
4.07
3.31
3.38
3.4
0.52
3.57
3.36
4.93
1.52
0.88
4.73
4.64
0.78
2.35
2.98
4.6
4.32
4.26
1.46
2.63
4.56
0.82
3.22
4.04
0.16
2.85
0.54
1.47
0.44
4.35
3.29
1.76
1.79
4.85
2.61
4.02
3.65
1.56
0.21
0.47
1.07
0.97
1.07
1.83
3.02
1.03
2.16
1.62
0.99
4.23
1.61
3.94
3.49
4.05
4.54
0.79
3.75
1.07
3.78
4.33
3.28
3.58
2.75
2.91
3.6
2.62
3.16
1.4
0.63
4.03
3.56
1.82
0.89
4.24
2.22
3.49
4.12
1.16
2.51
2.65
3.23
0.69
2.48
3.44
0.16
2.93
4.32
4.8
2.03
3.19
3.73
2.19
3.45
2.72
0.56
1.29
1.8
0.42
3.28
0.62
4.21
0.92
3.35
2.06
4.9
0.97
3.98
1.69
2.94
4.2
0.63
0.58
0.33
0.28
3.23
0.13
1.49
1.95
1.52
1.36
3.22
3.15
0.99
0.87
2.69
0.59
0.97
0.62
1.91
4.92
4.72
1.3
3.99
0.66
4.01
3.84
3.44
0.53
4.87
0.86
1.17
0.02
4.79
3.32
0.6
0.75
0.71
4.36
4.03
2
1.51
3.96
3.73
3.12
3.99
1.13
4.45
3.1
4.17
4.67
4.37
2.19
4.36
2.95
3.72
4.64
1.22
0.53
3.5
1.34
0.51
1.13
1.03
0.13
3.46
0.58
0.44
3.06
1.21
4.68
4.46
3.02
0.35
3.84
4.09
2.86
2.23
0.48
0.14
0.88
2.29
3.28
1.37
0.53
4.08
2.02
1.63
3.64
1.53
3.95
3.22
3.12
1.3
4.26
4.79
2.22
4.68
0.37
3.4
2.67
4.79
2.35
4.3
3.54
3.66
0.18
2.88
3.65
0.42
3.12
4.91
3.02
0.86
4.43
0.31
1.01
5
2.52
4.44
2.58
3.43
3.1
1.12
3.03
1.84
3.35
3.41
0.06
4.19
0.97
3.58
1.32
1.78
0.39
1.89
1.85
0.07
3.9
0.8
3.59
0.11
1.62
0.62
2.25
2.2
3.05
0.58
2.88
0.4
3.61
2.29
2.06
1.88
2.44
1.14
1.23
1.82
4.69
0.16
1.71
4.76
2.07
0.85
2.04
0.46
3.71
0.47
0.27
2.01
2.9
0.12
3.68
0.16
4.26
1.3
4.03
0.64
2.09
1.48
2.57
3.78
2.97
2.41
4.63
4.3
4.67
1.71
3.47
2.41
1.74
2.4
3.62
1.82
4.51
2.87
4.46
1.04
1.52
4.53
3.72
3.79
4.66
0.57
3.48
0.49
3.03
3.68
1.67
0.88
1.38
4.46
4.56
1.9
1.62
2.43
4.11
4.12
4.85
3.66
2.9
3.2
0.31
2.81
3.77
4.84
3.9
3.52
0.83
2.28
2.96
4.27
1.02
0.97
2.03
0.93
4.31
0.93
1
1.97
3.88
0.97
1.34
0.8
1.58
2.4
2.58
4.93
2.28
3.26
0.53
2.95
3.76
1.69
1.76
3.99
2.89
2.77
0.23
3.53
0.29
1.03
4.19
0.92
3.38
2.67
3.08
3.63
4.02
0.98
4.56
1.93
2.34
1.62
2.88
1.78
3.11
4.92
4.18
3.11
1.4
4.57
2.03
1.76
2.5
2.77
0.72
2.58
0.64
3.64
3.1
1.71
3.12
1.65
3.96
4.18
2.17
2.02
1.64
4.76
3.32
4.12
0.72
0.65
1.64
2.64
3.48
0.66
3.96
2.58
3.26
1.68
3.62
4.26
0.39
3.97
4.73
1.4
4.62
0.91
3.15
2.91
0.01
1.89
3.82
2.48
2.4
0.35
3.71
1.22
4.36
2.31
0.07
0.23
3.56
4.65
4.48
3.47
2.71
3.49
0.35
4.93
4.21
0.18
3.45
2.63
2.49
0.74
1.14
3.31
0.3
1.18
1.28
4.79
4.32
4.27
1.83
4.7
4.95
0.19
1.71
1.03
4.33
2.33
3.82
3.44
4.23
3.73
4.43
2.98
0.2
4.38
2
4.15
2.34
0.6
0.44
1.64
1.38
4.48
3.72
3.42
2.04
1.46
0.96
2.38
3.94
4.43
0.74
1.32
4.39
1.82
1.9
1.9
0.78
2.15
1.32
2.98
4.29
0.52
2.05
3.65
4.16
3.22
3.89
1.88
2.11
0.41
0.2
2.37
3.41
4.44
3.29
2.7
4.54
3.32
0.09
3.76
4.45
0.07
4.11
3.96
0.41
3.94
0.84
4.67
2.81
4.24
1.93
1.66
3.35
4.73
4.98
1.07
0.11
4.44
1.32
1.69
2.97
3.3
0.53
3.88
3.96
2.76
3.69
4.4
3.91
4.01
4.13
1.03
0.17
0.49
4.26
4
3.34
2.9
0.14
2.93
3.62
4.11
0.44
3.91
2.99
3.3
3.15
3.12
0.11
2.02
2.33
2.94
3.34
4.17
1.15
4.76
2.01
4.64
0.62
0.96
3.63
2.5
3.69
3.73
2.55
3.08
0.9
4.16
2.68
1.03
4.18
1.73
1.38
0.96
1.56
0.52
3.97
3.03
3.8
4.52
2.83
0.65
2.34
0.02
4.57
3.1
1.5
4.25
0.06
0.6
1.01
4.63
2.68
3
2.36
1.46
1.48
0.42
3.34
1.49
1.45
0.26
1.39
1.83
4.99
2.15
3.29
0.59
1.73
4.08
4.94
4.98
0.01
4.42
3.59
3.32
1.54
3.34
2.66
0.08
2.59
3.94
3.3
2.03
4.39
2.09
2.11
0.35
1.26
3.29
0.26
4.34
1
4.2
3.34
0.89
2.11
3.7
0.3
1.68
2.39
1.38
1.35
1.37
4.39
1.68
4.55
4.38
0.48
2.96
1.41
2.82
1.51
4.25
4.92
2.05
0.45
1.42
4.85
0.95
1.29
2.32
4.73
2.74
0.11
4.16
1.05
1.18
1.28
0.89
3.49
2.08
4
2.94
1.19
1.56
2.4
4.62
4.19
2.75
1.19
1.75
4.55
2.75
3.37
1.37
3.84
2.37
0.4
0.91
4.41
3.63
4.98
1.22
0.48
0.82
3.35
0.37
4.99
2
1.22
4.46
4.16
1.67
1.55
4.38
0.35
4.67
3.24
1.98
2.5
3.6
2.41
0.48
4.75
1.22
1.47
4.96
2.15
2.34
3.61
1.53
1.47
2.47
4.68
3
0.57
4.88
3.38
4.5
1.4
2.52
4.6
0.53
1.27
3.24
4.3
0.92
2.1
4.14
3.75
0.68
4.66
3.9
1.39
2.93
0.45
3.89
0.38
4.14
3.46
1.02
3.35
1.73
0.21
3.68
2.83
0.97
3.48
4.57
0.2
0.18
0.6
2.25
1.68
4.59
1.53
4.09
3.96
1.47
0.72
1.31
1.28
1.22
3.75
3.98
3.78
1.42
3.05
4.73
3.34
1.28
2.48
0.41
4.77
1.1
2.44
4.68
0.21
4.89
3.61
1.64
1.34
1.07
2.48
0.53
1.22
2.19
1.06
2.04
0.18
3.3
4.59
4.5
2.75
0.38
3.05
3.37
4.82
1.94
0.43
1.54
4.18
0.33
1.22
1.69
0.06
4.56
2.85
0.02
0.78
2.35
3.07
1.73
4.34
2.24
3.94
1.95
2.05
1.97
3.54
0.79
2.11
1.69
2.74
0.55
0.09
4.92
3.59
0.84
4.6
2.33
0.43
0.1
0.82
2.99
4.69
1.73
3.9
1.99
0.53
0.05
4.11
3.82
3.25
0.39
2.38
0.21
2.49
1.16
2.4
4.15
3.21
3.54
1.92
3.56
4.71
2.89
1.75
4.91
4.36
2.38
3.24
1.94
1.1
0.51
1.76
3.29
1.09
3.98
3.45
3.82
1.51
1.28
4.67
3.35
2.5
1.65
4.09
1.71
1.92
2.33
2.78
0.09
2.17
4.2
1.08
1.49
3.36
1.7
2.66
4.4
1.9
4.72
0.42
3.36
0.23
4.75
4.89
1.18
0.92
4.55
3.25
1.95
0.31
4.33
3.52
2.01
3.96
3.93
2.37
