3
2.77
1.9
3.47
2.1
4.54
4.56
0.66
2.63
3.06
1.57
2.74
0.33
4.6
1.38
4.26
0.42
3.92
1.2
0.54
0.78
4.07
4.33
0.11
2.8
5
4.8
3.97
3.93
2.8
2.4
4.62
3.28
1.3
4.07
1.27
1.75
1.27
4.27
2.42
2.55
2.96
3.96
2.22
0.21
2.47
1.66
0.91
3.5
0.42
0.49
3.39
1.67
0.33
2.85
3.36
2.44
3.42
4.43
3.2
0.49
3.76
2.79
1.04
1.34
3.42
2.17
1.93
4.84
2.17
2.48
4.19
3.31
3.35
1.42
1.71
4.45
3.36
2.52
1.32
0.2
1.42
4.14
2.35
1.91
0.34
4.44
1.35
4.46
2.9
4.12
3.99
4.99
2.97
0.2
0.39
1.5
1.11
3.19
1.24
4.49
0.56
2.81
3.48
1
1.83
3.52
1.36
4.64
0.13
1.93
1.67
3.79
2.89
2.74
1.09
4.91
3.13
4.85
1
1.49
4.84
2.79
2.18
3.77
0.65
2.59
4.38
1.55
3.98
2.66
1.19
3.88
1.14
4.45
2.81
2.55
1.08
4.41
4.42
1.11
4.2
1.66
3.76
1.57
3.45
2.31
0.16
0.64
4.36
3.85
1.01
0.43
0.53
2.95
1.68
4.21
4.36
3.67
1.38
1.46
1.56
1.65
1.76
1.45
0.46
1.64
4.62
0.41
3.63
3.83
2.83
0.4
3.82
2.63
0.91
2.14
2.32
1.04
4.03
4.02
1.17
4.32
4.48
4.6
3.82
4.12
3.85
0.48
4.28
2.75
4.6
1.5
0.43
0.36
2.41
4.01
3.86
4.61
3.69
2.2
0.96
4.32
4.64
4.47
0.82
2.84
1.91
4.02
3.78
1.93
2.53
0.67
4.48
2.17
2.41
1.34
1.31
4.97
4.57
1.09
1.45
4.59
2.77
1.99
3.06
0.64
0.27
2.77
4.17
1.44
0.75
3.09
4.38
0.43
4.34
0.12
2.86
0.33
3.09
1.86
1.95
0.11
2.53
1.48
2.81
3.87
2.17
2.86
1.67
0.13
2.52
0.22
4.57
2.55
2.76
0.1
0.51
4.29
1.03
1.68
2.2
1.2
2.55
4.5
3.25
0.84
0.45
0.58
4.64
4.37
4.85
1.51
3.53
1.14
2.83
4.9
3.79
1.86
3.89
4.92
3.86
2.38
0.59
4.25
1.7
1.53
4.3
1.84
0.47
3.37
3.39
0.63
3.8
3.28
2.97
4.85
0.24
4.36
2.15
1.23
4.44
3.16
2.71
1.04
1.98
4.8
1.48
2.62
0.01
2.91
2.29
1.62
4.19
1.56
1.18
0.52
2.05
3.11
1.48
1.94
2.19
4.56
3.93
2.8
0.25
0.43
1.83
1.07
4.48
2
2.11
2.14
2.89
0.9
0.09
0.31
2.91
2.89
3.92
3.42
1.07
3.93
2.04
2.02
4.43
4.35
1.24
2.7
1.07
2.01
3.16
1.34
0.98
0.04
3.2
0.9
4.03
3.3
1.68
1.84
1.78
3.98
0.31
0.3
4.81
2.36
2.65
0.47
4.88
0.94
4.5
3.13
2.18
0.19
3.1
2
2.88
4.05
1.43
1.1
0.45
2.24
4.89
2.03
2.32
3.34
1.27
1.13
2.95
2.9
2.55
1.8
2.52
4.5
2.59
2.61
1.36
3.25
0.75
1.23
1.5
2.59
1.57
2.98
3.34
3.18
0.11
0.78
1
4.3
3.8
4.63
4.91
3.33
4.41
2.87
4.39
3.56
2.33
2.18
4.55
1.75
1.91
3.37
0.05
0.07
1.75
3.7
3.71
4.66
4.33
4.7
0.59
3.17
0.58
3.07
2.91
3.42
4.05
1.17
0.07
0.33
0.07
2.85
0.65
2.85
3.03
0.07
3.6
2.86
0.74
4.71
3.93
1.66
0.29
1.81
0.79
4.04
4.19
0.69
3.42
3.11
2.3
3.64
3.66
0.82
0.63
2.2
4.56
3.06
2.98
1.01
1.18
0.46
2.47
0.42
4.19
3.25
4.77
0.69
0.1
3.24
3.46
3.66
1.73
2.39
2.99
1.99
2
3.76
4.89
1.04
1.98
3.26
2.65
0.15
3.5
2.93
1.73
1.84
3.02
0.78
2.41
1.41
2.31
2.05
3.13
1
4.5
1.79
1
0.11
2.45
2.43
4.41
0.86
1.89
0.7
2.76
2.32
3.45
1.28
4.23
0.7
3.9
0.22
0.78
0.31
0.4
0.42
2.97
3.01
3.25
2.69
4.2
1.03
4.35
1.75
2.46
3.71
1.24
3.46
3.71
0.2
2.09
4.72
4.64
4.3
3.9
3.53
3.58
0.26
2.48
0.31
1.83
4.81
4.33
2.15
0.85
4.86
2.61
2.53
3.14
0.88
3.91
2.3
3.05
0.28
3.77
3.41
2.65
1.03
4.18
0.69
4.01
2.58
0.84
0.61
4.69
1.49
4.34
2.55
3.35
3.01
2.35
4.92
1.93
0.49
2.52
2.82
0.69
1.83
1.83
3.72
5
0.91
3.88
4.08
4.43
4.58
1.87
3.84
1.28
4.85
2.34
4.35
3.65
5
4.68
0.18
4.51
1.87
1.11
3.35
3.67
0.7
4.29
2.93
1.9
4.85
2.95
2.24
0.49
3.13
1.23
4.66
3.97
3.68
3.39
2.77
0.18
1.63
0.25
4.1
3.66
4.06
1.73
0.27
3.43
0.5
2.25
0.87
3.54
3.47
1.42
2.07
3.14
1.53
4.16
3.38
2.05
4.89
3.01
4.12
3.08
0.09
2.73
3.11
1.39
2.41
3
4.4
1.94
2.97
4.41
4.54
2.4
2.3
4.49
1
3.63
2.98
1.52
1.82
3.54
2.95
4.11
1.91
0.53
4.61
1.48
1.27
0.61
3.81
0.5
0.75
0.83
1.61
0.55
4.35
2.63
2.09
4.46
0.79
1
0.97
0.35
1.23
0.42
1.93
1.54
2.97
1.55
1.47
2.65
2.33
0.27
1.82
2.03
1.67
1.53
0.19
3.62
4.54
1.3
2.47
3
3.46
1.08
2.49
1.78
0.13
4.53
3.91
3.3
4.11
0.12
3.51
4.36
2.12
1.39
0.47
1.23
3.9
4.14
0.04
1.94
4.43
3.68
0.97
2.17
0.85
2.55
1.89
3.96
3.64
0.7
2.59
0.01
2.8
3.53
2.85
1.01
3.09
0.12
3.37
0.97
1.63
2.99
0.14
3.97
2.04
2.49
1.71
3.41
0.91
0.23
2.26
0.84
4.43
3.88
3.96
1.55
4.54
0.36
1.3
2.24
3.1
2.43
3.96
1.1
3.87
0.93
1.37
3.77
4.59
1.01
1.49
2.49
3.39
0.24
1.44
3.9
0.78
0.67
4.47
1.69
2.02
3.82
0.13
0.73
4.17
4.83
3.19
3.38
3.36
3.8
2.93
2.96
1.84
4.99
1.33
0.39
2.17
1.52
0.54
0.17
1.77
3.43
1.14
1.68
1.85
0.05
4.41
1.48
4.47
0.91
4.62
4.89
2.95
3.33
2.31
4.64
2.11
3.57
4.43
2.21
3.33
3.61
0.75
2.97
1.69
3.22
0.86
4
2.11
1.9
4.15
0.33
3.44
4.56
0.41
0.42
2.93
1
4.97
0.4
0.98
1.16
0.27
4.08
4.04
0.75
2.54
3.74
0.98
0.53
4.32
4.95
0.52
2.12
1.27
4.65
3.49
2.48
2.01
4.06
2.98
4.01
3.59
2.74
3.9
0.83
0.63
0.43
0.87
1.25
2.39
0.95
0.16
0.94
2.06
1.1
2.93
1.38
0.7
3.66
4.82
4.05
0.15
1.46
2.03
1.85
1.96
0.1
4.72
0.23
3.11
3.49
4.12
1.34
4.22
2.28
5
2.56
0.1
0.76
4.47
3.15
0.31
2.29
1.62
1.07
1.02
2.95
3.54
0.7
4.25
0.06
1.06
0.04
1.78
3.14
4.85
2.84
4.84
1.89
2.27
4.08
2.6
2.18
1.13
3.88
1.52
1.71
0.23
4.02
1.99
0.46
3.7
0.03
4.92
4.18
2.03
0.2
2.66
4.05
2.86
1.07
1.18
4.08
4.37
0.61
2.51
2.96
4.98
2.64
0.23
2.13
1.29
1.95
2.97
4.01
0.25
4.85
3.2
2.8
1.87
3.14
1.55
0.05
3.57
1.07
3.2
2.41
2.5
0.9
3.87
1.55
3.48
0.88
0.85
4.12
2.26
0.96
0.67
2.85
0.79
4.64
3.89
1.93
0.32
0.58
1.08
2.54
1.91
2.14
0.18
0.49
3.96
1.2
3.85
4.68
2.5
3.51
1.18
2.14
1.92
1.14
3.84
1.43
3.42
4.75
1.57
3.31
2.89
2.21
3
1.06
4.86
1.52
0.65
0.82
0.96
4.14
4.44
3.03
4.53
4.28
3.62
0.58
3.73
4.61
1.69
4.56
1.56
4.3
1.9
2.26
0.38
1.32
2.92
0.02
4.03
0.45
2.75
1.23
0.36
1.14
0.06
4.56
0.46
3.5
4.3
3.86
2.38
3.61
0.25
1.47
1.8
2.74
4.61
0.73
1.26
4.54
2.47
1.61
1.31
1.55
3.53
0.19
1.61
3.67
4.72
1.95
1.48
3.93
4.44
1.93
3.5
3.98
3.18
1.37
0.76
3.9
0.66
3.18
0.31
2.7
0.55
3.29
4.4
2.77
3.65
4.96
1.98
4.89
2.7
4.97
0.21
1.65
0.1
4.27
4.62
3.37
4.2
3.36
2.95
4.06
1.62
2.89
0.65
2.58
3.13
3.21
4.94
2.11
2.08
1.32
1.14
4.83
1.95
3.52
4.3
3.01
0.13
3.05
0.2
2.48
4.88
1.91
2.77
1.29
5
3.04
4.52
0.05
2.99
2.65
0.58
0.91
3.25
0.8
3.81
3.5
3.55
4.57
1.63
2.89
0.68
2.36
3.72
4.99
3.82
2.25
3.92
1.74
3.29
1.58
2.49
1.44
0.86
4.83
2.71
0.11
3.29
4.32
3.14
0.03
0.49
0.58
1.33
3.83
3.61
1.59
0.29
0.83
4.72
3.91
0.73
3.46
0.81
1.07
2.45
0.94
3.85
3.48
2.6
2.86
1.81
1.97
1.72
2.75
3.14
0.58
1.38
1.75
1.55
4.87
0.65
3.76
0.85
4.61
0.31
0.49
2.98
0.27
3.96
0.07
0.93
1.94
4.48
3.28
0.48
4.62
4.55
4.5
4.58
0.03
2.67
2.41
0.71
1.11
1.75
2.18
0.92
1.98
4.82
4.56
4.34
4.26
4.53
0.48
2.87
0.14
1.38
4.8
3.78
1.27
4.53
2.84
2.73
1.95
0.21
4.49
4.18
1.57
4.92
0.71
1.17
4.2
0.23
1.09
0.86
2.67
1.76
2.07
4.37
4.45
3.38
4.54
2.17
4.55
1.26
0.3
0.91
4.75
1.82
1.83
0.06
0.55
2.32
0.34
0.4
2.5
2.78
2.28
3.2
1.29
3.95
0.48
2.09
2.64
0.17
4.05
0.78
2.54
4.06
3.8
1.43
0.83
3.85
2.4
1.64
1.67
1.03
0.46
1.01
4.79
0.83
2.83
2.35
3.63
2.89
2.8
4.46
2.23
3.33
3.74
4.66
2.94
4.39
0.7
1.01
3.36
1.56
3.31
4.63
0.2
2.86
0.81
3.84
3.33
1.02
2.49
2.72
1.05
3.42
0.55
1.75
1.9
0.29
0.2
2.92
3.07
1.13
2.87
2.79
2.29
3.21
2.74
0.89
0.1
2.96
2.6
1.06
4.45
0.9
2.1
0.28
4.03
4.3
0.95
4.08
0.39
2.46
4.29
2.81
1.74
3.92
4.95
1.59
0.28
4.55
3.6
0.53
2.45
0.78
1.55
0.2
3.64
0.32
2.19
2.63
1.05
4.9
4.74
1.43
0.7
3.74
0.68
1.16
2.8
1.61
0.01
4
2
4.88
1.58
0.39
3.37
4.23
4.31
2.22
1.26
2.8
3.11
3.77
3
3.46
4.68
3.5
0.09
1.75
2.9
3.11
2.31
0.77
2.09
0.68
0.5
4.68
3.88
4.73
3.1
3.95
1.92
3.99
4.15
1.98
3.15
1.71
2.47
4.55
2.55
4.58
2.55
0.47
0.43
4.31
0.58
4.7
1.13
0.02
4.55
4.95
4.88
2.08
1.25
1.02
3.62
3.73
3.9
4.5
0.85
2.24
2.72
2.4
3.52
4.96
4.1
0.16
3.68
2
0.06
2.9
0.27
1.77
4
1.87
0.96
2.37
2.45
5
4.85
1.3
0.12
4.73
3.94
1.3
3.54
5
4.45
1.91
3.45
1.55
3.29
2.84
0.74
4.47
1.85
4.05
2.44
0.33
2.17
4.12
2.54
1.78
2.63
4
1.25
4.29
1.49
2.52
4.38
1.22
1.7
4.25
2.97
1.74
2.32
3.88
0.07
1.62
4.75
1.42
2.99
1.99
3.74
4.29
4.11
4.41
1.8
4.08
4.48
0.21
0.53
4.81
2.16
2.22
2.37
2.86
5
3.66
2.38
3.47
2.33
4.71
1.22
2.42
0.22
4.1
2.27
3.94
0.88
1.23
4.53
4.17
0.06
1.92
1.17
4.75
2.31
0.38
2.95
0.75
3.74
0.78
1.41
1.55
0.53
3.9
3.96
1.71
3.95
0.42
4.19
0.32
1.61
1.21
0.14
4.18
2.56
3.24
2.82
1.99
2.79
4.63
3.92
4.71
4.89
0.91
0.6
2.53
1.16
0.89
3.5
2.2
1.04
0.28
4.35
2.8
2.15
3.4
3.38
1.42
3.99
0.26
2.28
4.09
1.84
2.38
4.14
4.18
0.95
0.13
1.08
4.18
4.89
3.32
1.16
1.18
0.66
1.9
1.24
3.6
3.89
1.44
2.37
2.14
3.52
1.01
0.76
2.09
1.69
2.47
4.48
1.49
2.44
2.26
2.74
3.66
1.3
3.83
0.26
1.17
0.48
0.33
1.06
3.83
3.98
4.22
4.03
0.2
2.7
4.62
0.44
0.83
0.2
1.36
3
2.75
0.43
2.02
1.8
3.46
0.21
1.25
2.62
0.75
0.19
4.72
4.27
0.33
2.76
2.38
1.06
0.89
0.04
0.66
2.23
3.6
2.02
1.69
1.86
0.07
1.97
1.16
4.64
0.58
1.64
2.18
2.96
1.26
2.65
1.03
0.72
3
4.67
3.02
3.8
3.26
2.9
0.12
1.98
1.3
0.76
1.81
0.54
4.91
3.45
2.3
0.88
0.79
0.79
4.77
2.99
1.08
4.46
0.76
1.09
4.17
1.81
3.27
0.16
1.4
3.99
3.78
3.74
1.77
0.84
1.57
4.2
3.87
0.04
1.55
0.84
4.48
2.32
2.49
1.31
3.33
3.04
1.23
4.08
0.01
0.06
1.75
3.02
2.03
0.75
0.62
2.48
1.01
3.81
2.6
1.24
1.43
1.45
2.78
0.23
1.99
0.48
0.53
1.3
1.08
4.08
3.82
0.14
1.27
3.05
4.51
2.61
0.63
4.45
3.93
1.34
4.91
1.99
4.65
1.39
4.98
1.86
1.85
1.04
3.51
1.11
4.38
1.94
1.45
2.94
2.22
4.02
0.14
0.23
3.68
0.51
2.66
1.41
4.68
4.25
2.31
2.96
1.39
0.12
1.94
4.03
3.33
0.54
1.6
0.86
1.86
2.71
2
4.13
2.22
0.37
2.56
0.4
0.39
0.98
0.57
1.12
1.71
0.65
2.59
2.35
0.5
4.09
3.04
3.18
2.11
4.08
0.07
0.06
0.13
2.1
0.13
0.44
4.09
3.42
0.81
2.43
3.55
0.28
0.99
3.8
4.02
1.67
1.96
3.24
3.11
3.69
3.79
1.3
2.18
1.25
1.69
2.4
4.81
1.36
0.65
2.69
1.99
2.83
4.19
1.86
0.51
1.4
3.5
3.5
4.98
1.1
3.65
1.85
0.64
2.1
4.92
4.99
1.87
2.78
2.88
4.32
0.57
2.53
2
2.53
0.15
4.85
2.3
1.38
3.03
2.07
2.26
0.97
0.06
1.13
0.88
2.32
4.99
1.57
3.85
1.76
1.6
4.65
2.04
0.85
0.6
1.38
2.49
2.47
4.33
0.39
2.04
3.43
3.05
3.97
2.01
3.67
0.78
3.83
1.2
3.04
1.96
4.42
2.73
1.93
2.25
0.94
2.44
2.49
4.86
1.56
4.88
3.66
1.41
4.08
1.25
0.04
1.84
4.48
0.98
2.35
2.71
3.62
0.34
1.27
2.94
0.58
1.49
3.14
3.84
0.84
2.72
3.96
1.84
3.89
3.07
3.42
1.14
1.37
0.38
2.76
3.71
2.96
1
2.65
3.45
2.98
1.16
2.71
2.48
2.58
1.36
2.5
2.43
2.85
2.27
4.41
2.97
1.4
4.71
2.42
2.83
0.68
2.96
4.15
4.96
1.63
1.56
1.55
0.69
1.42
0.21
3.2
3.11
4.25
3.72
0.72
4.09
0.76
4.36
1.97
0.94
0.98
2.41
1.94
2.81
4.08
3.44
4.83
3.02
0.86
0.07
2.09
0.9
1.74
4.61
2.05
0.35
2.91
3.68
4.04
2.71
0.84
1.28
4.76
4.42
1.82
2.78
4.02
2.08
3.59
4.35
1.46
4.65
2.17
1.21
3.76
4.2
1.35
0.08
4.61
2.05
3.43
2.54
4.48
1.82
0.72
3.24
1.01
4.19
3.38
1.54
1.41
4.68
4.67
0.9
2.2
2.66
3.29
4.97
0.55
1.35
2.7
3.76
2.86
2.16
3.36
4.95
1.11
3.32
1.33
0.81
2.64
0.11
4.7
2.85
0.28
1.51
0.37
1.68
1.82
2.34
2.64
3.81
3.86
2.9
0.61
1.25
2.66
4.28
1.52
4.81
4.15
3.43
1.31
0.1
3.76
2.91
2.67
1.16
2.21
1.19
3.1
1.32
2.83
4.02
2.23
1.97
2.16
2.93
1.11
4.12
1.3
1.45
2.57
2.6
4.07
0.37
2.41
3.48
4.24
4.3
1.41
1.04
3.65
3.92
3.6
0.48
3.14
3.43
4.38
0.96
4.48
4.81
1.43
0.48
0.02
3.23
3.18
1.03
4.82
1.81
2
0.68
4.85
1.16
3.48
3.82
3.9
4.12
2.11
4.44
1.01
2.78
1.93
3.83
1.93
3.52
1.48
4.6
4.94
1.8
4.8
3.92
2.53
1.39
0.05
3.15
4.76
1.82
0.16
0.71
3.18
4.77
2.99
1.38
0.63
3.47
1.66
2.46
2.98
1.74
1.5
0.83
0.03
3.57
4.86
4.7
2.66
3.74
1.78
3.89
0.17
3.96
2.31
4.07
2.5
0.73
5
3.37
2.14
1.56
3.65
4.3
1.47
3.99
3.98
0.81
1.53
0.25
4.78
3.13
2.41
0.86
2.26
3.15
1.92
1.75
3.45
1.1
3.86
0.36
3.85
2.08
0.1
4.17
1.58
4.49
0.41
0.17
2.85
2.26
0.6
3.18
4.57
0.08
3.19
3.72
1.27
0.11
2.12
3.38
4.24
0.86
1.95
3.8
0.35
2.49
2.84
1.69
1.16
3.89
1.17
4.36
1.29
1.38
2.08
1.21
2.27
0.55
1.54
2.19
4.65
0.37
3.94
0.24
1.16
0.22
1.26
0.29
1.55
4.5
3.87
2.65
0.16
4.9
0.25
2.23
2.74
4.64
1.15
0.14
2.02
3.08
4.59
2.25
2.6
0.31
2.64
3.48
0.8
2.38
1
2.17
2.69
2.18
2.97
1.31
3.5
0.31
2.4
2.86
2.42
1.9
2.09
0.11
0.11
1.79
0.26
1.68
2.63
4.43
4.2
4.5
2.95
2.39
1.78
1.68
0.04
4.41
3.15
3.31
2.74
1.37
2.88
1.28
0.1
0.17
4.86
0.08
0.41
4.63
0.26
4.12
1.55
0.44
3.71
2.28
0.82
4.6
1.66
4.65
4.05
1.94
3.61
3.06
3.77
1.98
4.06
1.46
1.55
3.63
1.17
3.81
2.88
0.57
4.3
0.6
2.86
3.82
4.27
1.96
0.64
2.32
3.2
4.96
2.01
4.86
3.39
0.23
4.3
3.4
5
2.24
4.05
2.78
0.93
0.57
2.8
4.26
0.07
4.87
2.63
3.82
0.33
2.86
1.72
3.9
2.69
1.82
1.79
0.23
0.41
3.63
2.31
4.33
2.37
2.43
3.41
1.44
3.41
0.78
4.49
1.33
1.73
2.66
0.47
4.48
2.59
4.07
0.27
3.06
2.08
2.29
4.34
2.16
2.86
1.37
0.65
0.58
2.02
3.06
1.63
1.22
0.33
0.76
2.11
0.95
3.35
4.88
2.47
0.06
3.86
0.2
2.47
2.51
0.41
2.28
3.21
2.47
3.84
0.12
2.1
4.55
1.86
0.34
2.96
0.32
1.54
3.71
2.17
2.14
3.06
0.02
4.15
3.08
4.84
2.56
0.57
1.19
4.09
0.49
4.2
4.9
1.43
0.43
2.06
2.97
2.76
3.57
4.35
1.79
3.44
2.21
4.8
0.56
3.45
4.96
3.92
2.61
4.52
4.2
4.5
3.48
0.22
4.2
1.56
4.08
4.45
4.68
3.65
1.71
4.27
3.1
2.52
2
2.85
4.02
1.21
4.91
2.7
4.34
0.74
4.93
3.53
0.36
1.02
