2.98
1.24
2.54
1.79
0.45
4.91
0.79
4.89
0.84
2.29
2.74
3.07
2.22
4.66
0.23
0.69
1.02
2.75
3.68
4
1.85
1.77
0.44
3.67
1.97
2.47
4.12
4.93
0.49
4.49
4.94
1.38
4.2
1.46
4.84
2.04
2.94
2.43
0.22
3.34
4.36
0.26
0.3
0.2
4.57
1.98
1.89
3.19
1.79
0.63
4.62
2.89
1.53
3.13
2.59
0.29
0.85
0.47
3.06
4.4
2.66
2.89
3.69
0.87
0.28
4.9
0.15
3.23
0.15
4.87
3.64
4.5
2.45
2.7
3.18
2.51
2.58
2.56
2.06
4.65
3.15
2.93
0.32
1.75
4.37
3.72
1.28
3.7
0.38
0.6
4.41
4.8
2.78
4.22
1.63
0.09
3.31
2.52
0.64
3.93
2.74
4.59
0.71
2.73
4.83
3.65
2.9
3.89
3.27
1.65
4.19
2.99
4.36
0.26
0.37
3.47
1.58
4.76
1.41
1.06
3.59
3.9
4.34
4.6
0.76
1.47
1.27
3.51
2.1
0.89
4.81
3.39
1.11
2.59
0.17
2.94
3.07
0.7
0.28
1.4
2.16
3.38
0.28
3.24
0.69
4.31
3.8
3.73
3.08
3.37
1.8
1.73
3.3
4.58
3.28
2.28
2.2
0.11
0.94
4.25
0.93
4.91
1.93
4.91
0.36
2.93
3.76
4.15
3.84
2.49
1.11
1.61
3.62
4.61
4.12
2.84
4.53
0.64
2.5
0.54
0.05
1.95
4.16
3.7
3.66
2.86
2.87
1.42
1.58
1.76
1.64
2.81
2.08
4.24
3.57
4.41
4.54
0.09
2.1
2.54
4.43
0.76
3.53
4.41
1.65
4.72
2.64
1.78
2.72
0.47
2.47
0.78
3.16
4.45
2.13
0.9
3.74
0.33
3.61
1.25
3.77
4.44
1.63
0.28
3.22
4.36
0.34
3.8
4.59
3.33
4.32
4.28
2.58
2.79
2.3
2.92
2.12
0.71
4.34
2.22
4.37
3.28
0.23
2.55
0.83
3.72
2.71
4.89
0.52
1.77
2.19
2.26
3.37
0.95
2
1.76
0.42
2.6
1.75
0.05
1.61
4.15
4.41
0.82
4.54
3.63
0.13
4.11
0.75
1.6
0.38
0.64
3.32
4.92
1.16
0.76
3.45
2.73
2.82
3.99
2.21
3.04
4.23
1.51
1.29
2.23
4.71
1.6
3.37
1.21
4.76
0.95
3.44
4.21
0.9
4.97
0.42
0.5
2.39
3.94
4.41
0.79
2.98
4.12
1.3
0.18
1.22
2.89
1.12
2.4
2.54
4.76
0.08
1.91
0.91
4.03
2.94
2.95
0.12
2.91
0.06
3.85
2.46
3.74
4.37
1.15
0.33
3.06
4.94
4.11
2.1
2.28
2.19
2.62
2.29
4.14
1.33
3.96
0.6
0.66
1.44
4.19
3.3
4.51
0.26
3.38
4.9
0.88
3.52
3.23
4.35
4.85
3.18
4.51
4.39
2.84
1.23
4.65
3.12
4.54
2.67
0.69
0.01
4.4
2.94
3.84
0.21
0.3
3.74
0.48
3.08
0.63
2.63
3.04
2.66
4.67
2.53
0.29
1.24
2.45
4.41
4.86
2.18
4.79
4.13
4.8
1.86
0.59
4.82
1.28
4.12
1.62
4.34
1.48
1.71
0.19
2.04
2.84
0.02
0.34
1.42
0.59
0.88
1.66
1.77
0.18
0.44
1.95
1.86
4.01
4.62
1.09
4.29
4.03
1.84
1.64
2.8
0.14
0.33
1.7
0.35
4.52
2.88
4.57
4.59
2.51
0.5
0.8
2.8
2.98
1.1
3.01
4.88
0.14
0.45
4.48
0.67
2.68
4.48
3.63
3.38
0.01
1.71
3.49
0.64
3.92
4.66
4.05
1.82
4.98
2.23
3.15
3.42
2.86
4.84
3.25
0.42
2.91
1.59
0.82
2.62
4.81
4.98
2.76
4.47
0.24
3.16
2.93
1.45
0.32
0.24
1.07
1.98
4.82
2.71
1.86
1.74
4.55
1.82
1.25
0.76
4.73
2.78
0.91
2.87
1.2
0.94
3.03
4.58
4.12
3.89
0.25
2.94
3.37
0.95
3.01
4.82
3.2
3.61
2.04
3.66
0.73
3.47
2.26
2.13
0.39
3.07
2.64
2.96
2.31
2.6
0.05
0.88
2.75
1.46
4.96
0.39
1.89
4.01
1.11
2.69
1.67
3.82
2.38
3.23
4.87
3
0.58
0.98
4.39
3.77
5
2.89
3.9
3.8
2.21
4.43
4.48
2.57
3.66
1.75
3.48
0.36
2.69
4.66
1.29
0.41
0.02
0.66
4.06
3.98
2.81
3.87
0.94
3.23
1.68
0.41
1.65
4.32
1.04
2.48
1.92
4.95
2.89
0.41
2.86
3.9
0.89
1.15
4.8
0.44
4.81
2.12
0.15
0.28
2.36
1.21
2.02
2.76
0.87
3.35
2.72
2.39
1.71
1.33
0.23
3.4
3.74
4.65
2.45
3.89
0.52
2.43
4.4
4.66
3.15
4.91
3.63
4.49
2.41
0.54
3.67
2.66
0.91
3
1.49
0.86
1.62
2.23
3.26
1.3
1.36
1.24
2.45
2.15
3.43
4.94
3.49
3.4
4.23
3.51
4.28
2.97
3.34
2.71
2.12
1.11
3.68
4.75
3.46
2.75
0.8
3.15
2
1.35
0.02
2.18
1.87
2.76
2.14
3.4
2.78
3
4.56
4.44
4.99
0.47
0.27
2.75
4.91
0.2
0.21
2.85
2.77
3.11
2.37
1.47
4.26
4.35
3.73
4.81
1.58
0.34
2.14
2.6
0.23
0.39
3.52
4.56
3.33
3.49
2.59
1.15
0.46
1.59
0.21
0.57
3.71
3.71
4.12
0.89
1.87
1.04
2.02
2.19
2.44
1.57
1.63
0.52
4.67
2.19
4.07
3.24
1.74
2.37
4.56
0.75
3.25
3.53
4.78
2.33
2.38
4.76
1.89
3.29
4.68
0.03
1.52
4.37
0.51
0.89
3.13
4.92
3.38
2.83
2.69
1.06
4.53
0.99
0.45
4.02
2.31
4.82
2.91
2.64
0.9
2.88
3.36
1.32
1.88
2.63
3.3
0.05
3.17
2.18
3.05
0.35
3.72
0.03
1.08
0.61
2.76
0.9
1.43
4.72
4.55
2.27
2.17
0.58
4.46
4.81
1.31
4.4
3.08
4.1
1.86
0.11
0.52
4.18
4.86
3.83
0.12
1.21
0.99
0.98
1.61
4.13
4.43
2.8
2.74
1.92
4.82
4.1
1.2
1.14
4.13
4.54
3.69
3.61
1.77
3.8
4.86
2.49
1.9
3.25
4.4
0.97
3.11
4.07
1
2.44
4.95
4.65
3.05
0.95
2.47
4.47
2.01
0.39
4.65
2.05
1.19
2.84
1.55
2.81
1.19
2.5
2.79
1.15
2.82
3.15
0.56
0.47
1.55
1.85
0.9
4.09
4.98
4.32
2.94
2.04
0.73
2.99
2.44
0.52
2.98
4.75
1.88
4.68
1.86
4.19
2.18
3.86
4.94
0.79
2.11
3.52
0.68
2.72
0.63
1.76
4.56
3.02
3.24
0.67
3.36
3.91
4.26
4.8
1.96
3.31
0.06
0.39
1.17
0.44
2.02
2.3
0.64
2.59
3.74
1.34
2.33
1.23
3.5
2.22
4.12
0.89
2.95
2.81
2.4
4.46
1.33
2.33
0.62
3.97
0.26
3.47
4.23
1.16
4.92
3.63
3.13
4
4.36
1.64
3.44
0.42
1.45
3.15
1.17
4.75
3.34
1.31
1.19
1.84
2.54
3.82
1.14
2.37
2.79
0.32
1.21
1.95
4.84
4.16
0.41
4.04
0.63
0.34
3.53
2.3
1.62
4.98
4.65
3.5
3.12
0.82
0.98
4.06
3.25
4.84
0.23
2.78
1.91
0.71
3.44
2.14
2.67
0.39
2.33
3.15
3.55
3.66
4
4.03
3.51
2.51
0.72
2.93
3.48
0.74
3.6
1.69
2.36
1.36
1.01
1.22
3.85
1.72
2.72
4.71
0.33
0.95
2.32
1.83
3.54
2.41
2.67
4.49
1.62
0.49
4.22
4.42
0.32
1.17
2.65
2.87
2.31
3.35
2.78
1.43
0.9
4.22
4.82
2.03
4.54
0.01
4.57
0.29
2.91
4.55
1.74
4.58
0.85
4.58
0.35
4.47
3.5
2.94
1.6
0.46
1.38
1.46
3.75
2.03
2.53
3.82
2.94
4.97
0.03
2.75
0.08
3.19
3.83
3.68
1.15
4.42
1.06
3.24
0.58
4.54
3.75
4.97
2.34
3.64
4.61
4.85
4.11
3.98
3.06
1.11
0.45
4.02
2.08
1.2
1.84
1.1
4.01
3.03
1.01
2.03
4.55
1.75
2.54
4.31
1.4
4.44
1.92
2.49
4.61
2.58
0.85
4.11
1.25
4.89
3.81
0.73
2.59
4.65
1.3
3.8
3.5
1.06
4.8
1.39
3.37
1.88
4.68
2.03
1.82
4.26
3.14
2.73
0.88
3.14
4.12
1.88
1.05
2.41
2.06
3.49
2.71
3.4
0.48
4.1
2.24
4.28
4.7
0.03
4.26
1.8
2.77
3.79
3.29
2.87
1.11
3.94
3.71
4.94
0.06
3.92
2.47
3.02
2.85
1.73
4.02
1.72
3.23
2.04
1.6
4.22
2.31
4.99
0.96
4.9
4.45
2.78
1.91
4.79
2.33
0.65
4.72
1.68
0.61
3.98
4.08
3.06
1.94
2.97
3.42
1.87
1.17
3.14
1.82
2.14
0.75
3.19
2.65
1.08
2.3
2.46
3.38
1.11
4.88
4.54
1.93
3.04
0.24
3.66
3.41
0.03
4.39
2.76
2.64
2.73
0.27
4.67
4.48
2.28
3.75
2.73
4.99
0.62
3.96
3.37
2.09
2.64
1.7
4.74
3.64
2.3
2.85
2.65
4.76
1.58
0.1
4.5
2.26
1.61
1.51
0.52
3.79
4.15
3.87
0.27
1.95
0.28
0.17
2.88
4.71
0.27
2.02
4.76
2.91
2.15
0.02
1.76
2.07
0.16
2.07
2.93
0.04
0.32
1.27
0.26
0.61
3.14
2.8
1.07
3.24
3.54
0.65
4.62
1.08
1.76
3.39
1.86
4.26
1.84
4.21
0.83
1.8
0.86
4.36
0.78
3.62
0.64
3.04
0.81
0.96
2.79
4.12
0.44
2.64
2.94
2.24
1.15
3.36
3.01
1.06
3.49
2.12
0.07
1.03
1.98
3.34
3.83
1.17
4.67
3.96
4.2
3.97
2.57
2.58
2.44
0.33
1.43
0.19
4.63
3.31
0.39
2.74
4.27
4.68
1.65
1.19
0.04
4.31
1.42
3.21
0.97
1.51
2.18
3.42
4.78
0.57
3.39
4.2
2.11
3.84
0.98
4.97
2.52
0.35
1.06
3.9
0.26
3.86
2.09
3.28
4.92
0.07
4.7
0.71
1.13
4.71
4.18
4.91
2.86
0.16
2.25
2.63
1.03
2.9
1.06
2.2
4.96
3.85
3.77
0.72
0.12
3.82
3.26
1.04
0.34
2.79
4.66
3.61
3.1
2.93
2.52
3.39
1.23
1.58
1.27
4.71
4.38
4.66
2.84
1.97
4.76
3.53
3.02
2.19
3.83
0.89
0.97
4.57
0.73
1.17
3.37
1.78
0.8
2.67
3.4
4.08
2.93
1.76
0.3
0.65
2.18
4.59
4.12
3.37
3.1
1.06
1.64
1.32
1.42
0.02
0.44
2.09
2
4.49
3.41
4.22
2.28
1.38
2.68
4.27
2.9
3.44
4.88
0.83
0.66
3.84
2.77
2.87
3.67
2.48
0.79
2.43
1.17
2.16
2.13
1.34
2.28
2.61
4.17
4.36
1.07
1.01
3.71
3.62
3.81
1
2.48
4.75
2.97
0.79
3.91
3.38
2.1
4.93
0.78
0.38
1.33
3.84
1.56
4.51
3.78
2.62
1.6
1.93
0.09
4.6
2.18
1.64
2.95
1.63
2.96
2.1
3.24
3.82
1.5
3.39
2.89
2.8
4.51
4.23
1.37
4.25
2.22
2.41
4.7
1.93
3.1
1.06
0.32
1.4
0.42
0.9
1.99
3.4
2.48
4.66
3.49
2.15
1.26
2.56
3.03
1.84
4.36
0.1
2.34
0.78
1.32
3.24
3.99
0.44
3.8
1.05
0.83
0.55
3.14
0.23
2.66
3.87
4.49
1.25
2.31
1.82
4.82
3.84
2.3
4.83
1.67
3.44
4.03
1.09
1.75
2.03
2.23
2.96
2.46
4.37
3.84
2.5
4.37
3.82
2.14
4.35
4.82
3.76
3.97
1.94
2.92
3.8
4.87
1.48
4.75
2.73
0.48
0.96
0.93
1.95
0.52
1.93
2.17
0.97
3.52
2.79
2.48
2.63
4.82
1.69
3.1
1.65
0.45
2.96
4.65
1.22
1.89
1.78
0.48
4.23
4.67
3.35
1.51
1.53
2.83
1.49
0.87
1.07
2.07
4.24
0.13
4.64
3.77
2.13
4.08
2.44
2.16
4.36
2.69
2.55
1.29
4.28
2.31
3.88
3.4
3.44
0.29
1.12
0.88
0.9
1.71
2.73
1.62
2.02
4.9
0.06
4.37
1.46
3.85
2.22
0.98
1.8
0.07
2.47
4.35
0.04
3.3
1.96
4.83
1.43
2.17
4.01
4.33
0.39
2.12
0.34
0.16
2.35
2.18
2.01
2.35
3.18
4.53
2.9
3.05
4.17
0.85
3.8
3.88
1.82
0.74
4.53
0.04
1.2
4.38
4.94
0.31
4.1
4.84
0.02
1.24
1.27
4.94
3.17
1.46
2.19
4.1
0.94
3.35
4.88
4.24
4.59
1.01
0.77
4.57
0.9
3.18
3.88
2.74
4.44
0.69
4.79
1.73
0.13
1.21
0.92
2.62
3.45
4.13
0.33
4.38
0.58
4.83
4.3
2.8
1.06
1.74
1.92
1.1
5
3.87
0.39
0.8
3.14
3.23
2.55
2.72
0.59
2.78
4.59
2.26
0.93
1.61
0.19
3.78
4.14
0.58
2.33
4.73
4.4
4.15
1.74
2.83
4.36
4.73
2.25
4.08
3.59
4.71
3.08
0.33
3.65
3.88
2.19
0.43
3.42
3.98
1.95
4.39
2.51
4.73
0.32
1.74
3.79
1.13
3.86
0.04
3.58
4.09
2.03
4.67
2.59
0.28
2.62
1.42
1.47
1.88
4.53
2.33
1
1
0.86
2.7
2.26
1.78
1.22
1.64
4.16
4.92
1.65
0.99
0.93
0.25
4.72
4.81
2.1
3.87
2.49
1.85
1.22
4.87
0.49
3.99
3.03
1.89
1.22
4.24
4.57
2.31
4.95
4.71
4.76
3.46
0.88
2.82
4.25
1.19
4.24
1.07
0.8
0.84
4.45
4.55
3.14
0.95
1.61
4.11
0.61
3.94
4.28
0.49
4.96
1.62
2.31
3.46
2.25
0.8
3.77
0.95
3.57
4.59
2.95
4.67
2.78
0.83
4.23
0.64
2.07
4.79
1.68
0.77
3.51
4.63
0.38
2.76
0.22
0.84
1.89
2.62
3.2
4.83
4.08
0.02
3.35
4.05
0.93
1.08
0.98
1.53
1.31
0.37
2.13
3.48
0.29
4.42
1.31
3.77
1.19
3.53
1.38
0.25
1.21
4.83
2.57
3.29
2.2
3.96
4.97
3.5
4.35
3.14
2.89
1.2
1.24
3.17
0.85
3.07
2.22
4.33
1.09
3.72
4.43
3.83
0.23
1.52
1.12
0.34
3.58
3.04
1.85
2
2.48
4.12
2.09
4.04
2.12
1.96
4.76
2.56
4.5
0.25
4.45
1.35
3.29
2.25
4.27
4.13
2.66
1.58
3.31
4.3
0.94
4.84
4.91
2.22
3.22
3.38
1.5
3.76
2.18
2.19
3.77
2.53
4.75
0.73
4.58
4.97
4.34
0.2
3.84
3.49
3.71
4.82
1.48
2.58
0.71
3.23
3.09
4.37
4.21
1.62
2.85
4.73
2.72
2.08
4.19
0.15
4.73
2.72
2.89
4.3
0.16
0.6
3.74
2.96
1.96
1.48
4.23
4.65
3.21
3.98
3.18
4.87
1.37
4.64
3.43
3.52
3.35
4.9
0.37
0.19
1.93
1.31
3.87
4.87
1.39
0.65
1.41
2.94
0.4
1.93
2.1
1.96
0.88
0.68
2.16
1.88
4.93
4.55
2.32
1.16
4.31
4.17
0.09
0.72
2.87
1.76
4.06
1.75
1.82
0.17
2.69
2.44
4.06
1.54
1.83
3.11
2.72
4.44
4.32
2.87
3.37
2.74
3.43
2.81
2.61
4.01
4.51
3.99
2.67
2.07
3.26
4.49
3.41
4.47
3.49
3.84
4.76
4.42
4.56
2.05
4.1
4.61
3.46
2.1
0.01
1.85
1.11
0.25
2.29
4.45
0.76
1.26
2.4
3.37
1.81
2.43
0.3
2.52
4.11
3.7
2.13
3.36
1.91
0.83
4.6
0.96
1.5
0.49
3.08
3.2
4.83
1.77
0.05
3.49
0.76
2.64
1.36
2.76
3.6
3.48
0.53
1.62
1.28
0.97
4.55
4.98
1.15
0.35
1.94
1.9
2.22
1.51
2.86
2.12
1.97
1.22
0.84
2.42
4.76
4.29
4.08
2.19
0.11
2.31
2.27
3.24
3.54
3.02
3.97
3.86
3.91
4.13
0.29
4.52
4.71
4.95
1.11
2.19
3.7
4.76
2.29
4.82
2.63
4.86
3.02
2.39
4.25
2.61
0.01
2.9
3.91
0.35
2.91
2.96
4.08
1.7
3.07
4.36
2.81
2.41
0.42
0.36
4.31
1.61
3.86
2.79
1.19
0.68
0.58
3.8
4.97
3.23
4.48
0.35
3.65
3.58
1.76
1.02
1.07
1.99
2.87
1.09
3.23
3.67
1.93
3.4
2.28
4.97
2.96
1.29
0.55
2.63
3.9
4.84
4.44
0.74
1.86
2.07
4.52
3.73
3.67
4.7
1.04
2.27
3.16
2.4
0.23
3.68
1.96
2.09
4.53
3.15
3.13
3.96
3.39
3.06
3.82
3.48
0.48
0.35
3.03
4.21
4.48
4.22
4.01
1.42
1.7
4.39
0.56
1.75
1.11
0.44
2.5
1.23
3.4
4.72
1.73
0.54
3.05
1
4.09
0.14
1.34
0.11
5
4.57
3.08
3.52
3.21
2.5
4.45
4.99
1.34
1.62
2.86
1.54
2.78
0.21
3.59
1.88
1.09
2.32
3.1
5
2.34
3.44
1.3
2.2
0.94
2
2.35
1.34
2.22
4.78
4.13
0.16
1.86
1.7
4.1
1.94
1.35
1.6
4.79
2.02
2.52
2.48
4.46
3.72
3.44
4.72
1.15
0.82
4.87
1.91
2.94
3.04
2.39
2.97
3.94
3.57
4.65
0.54
3.85
1.33
4.37
2.74
2.78
1.84
2.03
4.74
0.86
1.61
3.59
0.41
4.43
2.33
0.45
2.7
4.55
2.21
0.27
3.51
2.31
2.01
1.52
1.77
2.47
0.74
2.61
2.97
4.28
1.98
2.81
4.98
2.95
0.46
0.88
1.78
4.4
3.28
1.93
1.91
2.51
0.98
4.92
4.65
3.63
4.02
0.13
2.81
0.37
4.26
0.76
2.64
3.52
3.68
2.64
1.72
3.68
2.19
3.5
0.7
0.82
0.77
3.17
0.19
3.48
0.19
3.09
2.42
0.88
4.29
0.63
3.48
3.43
3.58
0.77
1.78
1.72
1.27
0.02
2.92
0.82
0.21
1.3
1.78
4.57
1.2
4.76
4.99
1.52
0.44
0.17
4.28
3.89
3.75
0.65
3.43
3.6
1.28
2.27
3.54
3.36
3.85
2.89
0.81
4.89
4.16
1.49
2.77
4.68
1.58
1.69
3.44
0.79
4.08
1.04
2.96
3.04
4.44
2.52
2.8
4.32
2.99
1.25
1.13
4.81
2.57
1.87
3.65
3.65
2.48
0.03
3.87
3.38
4.87
0.95
1.95
4.99
1.33
2.48
2.72
1.92
2.91
1.08
3.12
0.05
0.41
4.81
0.54
3.59
0.67
2.28
3.38
2.17
3.05
4.79
3.9
1.5
2.87
4.69
3.95
0.44
0.35
2.21
1.68
2.41
1.96
1.26
3.54
0.75
4.55
1.77
3.56
3.76
3.49
1.3
0.31
1.81
0.77
2.87
1.36
4.65
2.41
3.82
1.76
2.72
2.05
1.77
3.11
3.2
4.94
3.44
2.53
3.63
2.73
1.58
3.91
0.3
2.52
0.63
0.84
4.76
2.01
4.38
0.95
1.12
3.3
0.45
0.21
2.93
0.4
4.55
3.73
1.71
4.4
2.49
0.65
0.78
0.91
4.13
4.92
2.36
1.98
2.59
1.2
0.43
3.6
0.84
1.55
3.34
4.59
1.11
0.2
1.49
0.97
2.13
0.35
2.18
1.7
3.72
0.66
4.37
4.03
1.06
2.44
1.18
4.55
3.81
3.85
2.36
4.91
2.68
4.94
2.73
0.59
3.05
2.16
3.12
4.07
2.9
2.89
2.28
1.38
3.36
2.46
0.06
4.86
3.76
1.99
3.76
3.59
4.41
4.6
0.68
2.68
0.9
2.1
3.08
3.75
2.03
2.46
2.43
1.58
3.97
3.56
4.84
2.98
0.69
4.59
2.7
0.78
1.63
