4.03
4.54
1.92
3.59
4.76
4.87
4.31
0.44
0.19
3.48
0.63
4.41
3.61
2.76
3.38
4.67
0.9
2.9
1.95
0.25
4.42
3.82
0.95
4.84
4.11
0.07
4.56
1.46
3.55
3.26
1.7
0.55
2.62
0.39
0.7
2.69
0.87
0.74
4.03
3.99
2.65
1.76
3.71
3.06
1.22
3.44
2.29
1.47
3.4
3.33
3.41
4.83
3.06
2.18
4.01
2.01
3.52
0.51
0.25
1.98
1.79
4.18
1.1
2.74
0.03
4.89
3.73
4.03
4.63
3.91
0.16
3.97
3.26
1.58
2.82
2.03
4.81
0.7
3.28
4.99
4.11
1.45
0.76
2.05
2.49
3.09
3.42
1.13
3.81
0.7
3.32
0.82
4.57
2.65
1.41
0.84
1.55
4.11
2.66
3.3
4.52
3.31
4.42
2.04
2.07
2.98
4.5
3.68
3.22
4.24
3.72
4.24
4.5
1.41
1.64
4.65
3.38
2.47
0.74
1.55
2.1
3.23
2.83
1.3
2.33
2.61
3.68
0.08
1.47
3.61
2.17
1.76
1.77
2.04
1.2
1.09
3.39
2.8
2.01
1.73
4.71
3.21
0.78
2.31
0.99
0.08
1.34
3.98
1.31
4.4
4.82
0.28
1.62
4.35
4.5
4.65
0.62
3.15
0.06
3.39
4.64
3
0.74
0.1
3.61
3.77
3.75
2.58
1.14
2.3
2.75
3.91
1.95
2.03
0.41
1.95
4.54
0.24
0.11
2.35
0.93
2.51
2.91
0.74
3.43
0.8
0.9
3.2
2.79
2.28
0.4
3.74
1.55
2.16
0.19
3.91
1.17
3.38
3.69
4.86
2
3.19
1.99
1.91
4.35
0.54
4.41
1.54
4.58
0.4
1.99
4.17
4.39
4.74
2.67
4.4
0.21
2.23
2.63
1.03
1.01
2.35
1.28
3.36
1.34
3.78
0.09
2.04
1.5
3.85
1.6
3.26
0.24
1.52
4.91
0.88
0.59
3.6
2.67
0.23
4.67
1.83
4.46
1.4
2.14
4.97
2.32
1.32
2.54
1.19
0.77
1.14
2.4
1.96
0.91
3.97
2.6
2.43
3.68
1.78
1.09
0.17
4.67
2.54
4.01
1.33
1.93
1.68
3.95
3.42
4.73
1.76
4.48
3.07
4.73
0.2
4.97
3.58
4.17
2.24
1.83
3.79
3.01
1.47
2.81
0.13
0.77
0.79
4.47
0.54
0.18
1.86
0.26
4.69
0.75
3.03
1.89
3.59
1.11
0.42
1.03
1.79
3.92
1.03
3.15
1.88
2.67
0.87
4.52
3.89
2.41
2.99
2.59
1.7
1.92
4.35
0.36
4.96
2.82
4.71
0.64
3.95
4.7
4.46
3.95
2.91
1.54
3.41
4.45
0.35
2.13
4.49
0.29
2.02
2.58
4.77
4.88
0.86
1.15
3
2.1
0.43
1.81
2.29
3.41
2.58
0.71
4.44
4.11
0.57
2.11
3.55
1.1
2.48
0.72
2.44
2.97
4.68
0.75
0.59
4.2
0.09
0.12
3.24
0.38
2.49
4.82
2.53
4.03
3.97
4.33
3.28
1
1.83
2.18
4.45
3.88
4.96
1.97
3.67
0.45
2.9
0.86
2.25
4.31
4.54
3.77
0.38
3.77
1.53
2.62
0.25
3.08
1.92
2.43
0.08
3.84
2.29
1.27
2.18
2.36
0.05
0.29
4.8
4.63
1.34
3.01
3.5
2.85
0.36
1.46
4.68
4.25
1.3
0.86
0.48
2.37
4.56
4.72
0.73
3.14
2.27
4.27
4.66
1.62
2.18
1.87
4.64
2.28
1.53
0.52
2.67
3.61
4.11
4.68
1.1
3.06
2.49
4.37
2.75
2.6
0.88
4.14
4.1
3.71
0.08
1.36
1.2
2.88
0.71
2.87
4.25
2.59
3.14
2.05
1.95
2.69
0.84
3.55
4.29
0.19
4.66
0.88
1.39
0.89
3.18
1.14
2.1
3.9
1.41
0.99
4.99
0.88
0.47
2.13
1.11
0.79
3.36
0.38
4.24
1.17
3.04
0.1
3.58
4.46
4.76
2.65
3.38
4.25
3.92
4.14
3.91
4.54
4.16
3.47
4.03
0.75
4.81
1.71
1.18
4.43
2.55
2.98
1.55
2.29
4.86
2.25
4.06
4.24
3.31
1.27
3.93
4.89
2.47
1.59
0.53
4.04
0.24
4.77
3.96
0.22
3.2
1.72
3.12
0.95
4.67
4.85
4.42
1.01
2.12
3.31
3.71
4.6
1.08
4.67
2.13
1.69
0.51
3.13
1.44
0.9
0.24
0.19
0.8
0.14
2.54
2.48
1.96
1.62
0.11
1.87
4.61
3.29
2.89
3.48
2.63
2.42
2.58
4.82
2.32
2.74
3.39
3.33
1.76
1.46
1.16
2.43
3.28
0.84
1.65
1.56
4.02
4.73
3.62
3.66
2.26
1.09
0.5
0.14
1.77
4.74
4.29
2.25
2.98
2.89
2.85
1.49
0.79
2.73
3.8
2.03
3.63
0.77
1.52
2.12
2.94
0.37
2.42
0.41
1.83
4.03
3.3
3.17
2.25
1.17
1.31
4.2
2.78
0.98
4.62
2.5
2.06
4.63
0.83
3.19
1.89
0.85
2.28
0.14
0.82
2.15
1.45
4.35
1.71
2.88
0.84
1.99
4.78
0.27
1.25
4
4.76
1.37
0.09
0.62
1.67
4.74
2.18
4.38
3.82
0.45
4.9
4.02
0.68
2.2
1.18
3.04
2.88
3.18
1.12
1.67
3.93
2.69
3.18
2.24
3.39
1.63
2.36
2.97
3.31
4.02
3.45
1.87
0.2
2.58
1.34
2.88
1.04
0.44
1.64
2.46
1.21
1.8
4.85
4.94
2.97
0.3
2.44
1.65
1.37
3.46
1.61
2.62
0.04
1.83
4.9
1.68
2.89
4.89
4.49
2.93
1.04
1.14
1.16
0.51
0.29
3.95
1.82
0.25
0.85
0.91
4.45
3.7
2.21
3.78
4.44
3.59
0.61
0.41
3.22
2.76
4.54
0.28
3.06
2.65
2.26
1.05
1.02
2.17
0.15
0.43
4.5
4.05
1.76
1.61
3.54
3.52
3.56
4.77
3.22
1.81
3.02
3.99
4.96
3.82
4.75
2.37
3.81
3.35
4.99
1.85
3.06
2.66
2.73
2.21
2.43
2.29
1.92
0.57
4.07
2.74
3.33
0.07
4.93
1.62
4.5
0.61
4.5
3.53
2.05
4.75
1.29
0.75
0.55
1.87
0.8
4.58
2.5
1.53
1.06
3.63
1.2
4.55
2.43
3.54
4.14
3.49
2.91
0.12
2.88
4.78
2.06
1.38
2.07
4.71
0.88
1.63
4.32
2.72
1.67
0.13
1.92
3.6
0.19
4.98
1.78
4.24
0.07
0.15
4.81
4.74
1.1
4.72
2.49
0.13
3.27
3.87
3.12
2.94
4.74
2.58
2.76
4.16
4.63
1.35
0.17
0.72
2.61
2.74
2.1
0.96
4.54
3.67
4.78
4.13
3.31
4.53
1.06
3.43
1.76
2.48
3.3
4.47
3.34
3.53
0.94
2.59
0.66
4.28
0.39
1.53
3.36
4.31
3.03
1.58
2
4.15
2.24
4.21
1.65
2.5
3.17
4.25
3.79
4.78
4.5
3.95
0.47
4.02
3.91
1.05
0.22
0.51
1.83
3.41
1.6
2.65
3.52
0.14
1.44
2.88
0.2
2.81
4.75
4.44
4.29
1.25
1.72
2.74
0.44
2.51
3.07
3.84
0.07
3.89
1.8
4.38
3.29
1.48
4.53
1.23
1.96
3.37
4.42
3.11
3.1
2.98
0.06
4.88
0.15
2.99
0.06
3.87
2.52
4.03
0.58
2.45
2.2
0.78
0.89
4.43
2.7
0.37
3.44
1.93
1.28
3.03
1.55
1.82
1.34
3.3
1.24
2.99
2.27
3.86
0.79
4.86
1.77
0.17
3.22
2.56
4.86
4.86
4.52
3.62
4.65
1.58
1.5
4.55
1.67
0.53
0.94
0.34
2.34
0.12
1.35
1.55
1.03
0.68
3.75
4.54
0.98
2.43
0.91
0.09
1.12
0.97
0.64
0.99
3.03
3.86
0.02
1.87
3.52
3.28
1.24
4.1
3.47
2.63
1.12
2.21
0.65
1.15
1.82
3.71
1.63
4.86
4.57
1.06
4.2
3.33
2.59
4.49
2.88
0.48
0.14
4.57
2.05
0.32
1.29
2.25
0.68
4.36
3.43
2.71
3.16
2.79
1.55
1.77
1.25
2.51
0.21
3.9
1.81
2.06
0.26
1.22
2.91
2.76
0.78
0.57
2.48
1.47
4.57
2.17
4.36
3
1.92
2.62
1.21
3.77
2.27
1.58
4.98
4.88
3.83
3.22
1.67
2.93
3.16
3.48
0.15
4.53
2.02
2.87
1.18
4.62
0.66
2.72
1.87
2.23
4.14
4.73
1.39
0.57
4.88
1.86
2.52
4.12
4.8
2.44
2.37
3.32
1.57
1.78
1.5
3.31
0.86
2.04
0.96
0.91
4.85
4.62
0.46
3.61
1.64
0.41
4.18
5
1.99
2.87
0.25
0.39
1.3
0.19
0.66
1.7
2.88
2.89
0.29
3.38
1.43
1.58
3.26
4.16
1.99
3.6
4.4
0.88
2.59
1.9
2.92
1.07
4.86
3.21
2.39
3.02
4.34
1.98
2.88
1.38
2.68
1.13
3.9
3.23
3.26
2.33
4.01
3.47
1.65
0.45
2
1.09
2.39
1.36
4.4
3.49
4.59
0.8
4.07
0.79
4.03
3.14
2.54
4.91
3.54
3.17
3.89
3.04
1.41
3.09
2.22
2.01
2.88
0.31
4
3.99
0.14
4.76
1.16
4.96
4.65
3.79
1.58
2.66
2.09
4.95
2.96
0.75
4.9
3.29
3.42
0.46
2.15
1.88
3.11
3.04
2.72
0.66
1.89
2.5
3.93
4.7
2.56
3.66
0.39
0.27
1.07
3.37
0.93
3.69
2.29
3.11
0.59
4.79
3.27
2.89
0.53
1.33
3.33
1.38
2.77
2.02
3.18
1.12
3.53
3.68
1.57
0.53
3.44
2.72
3.7
4.78
4.69
2.01
0.6
1.22
4.9
4.8
2.22
2.67
0.87
0.4
1.67
1.16
3.86
3.22
1.22
3.9
4.17
3.48
3.66
3.7
0.94
0.19
0.67
4.4
4.39
1.84
0.22
0.32
4.96
4
2.97
1.7
1.46
3.93
3.99
4.89
1.07
2.64
4.58
3.53
1.67
1.51
0.06
3.34
0.12
4.83
3.29
0.9
2.53
2.3
2.76
3.21
2.71
4.22
1.55
0.69
4.34
3.3
3.83
3.84
3.06
1.09
1.71
1.86
3.85
4.01
3.77
1.95
3.35
4.88
0.87
4.24
2.41
3.06
3.21
0.27
2.34
4.8
3.52
4.9
3.67
2.7
0.97
0.31
3.35
2.03
3.94
3.56
1.26
3.65
2.69
1.63
0.39
0.52
2.56
4.62
4.97
0.65
2.14
2.72
1.47
1.57
3.03
0.62
4.16
1.46
4.06
3.73
3.84
0.97
1.61
1.58
3.53
3.21
3.3
4.68
2.25
2.78
1.85
0.88
3.08
2.23
3.08
1.48
1.65
4.41
0.11
1.97
4.13
4.01
1.6
3.09
4.6
1.68
3.82
2.3
1.77
0.39
3
0.73
4.67
2.85
0.4
1.54
2.26
4.35
1.82
0.9
1.61
0.67
3.61
4.22
3.78
2.65
3.23
2.65
1.8
2.17
2.08
2.29
0.33
3.47
2.05
4.42
3.32
2.72
1.81
3.49
4.25
3.29
3.49
0.94
1.47
0.85
0.65
0.92
0.07
3.91
2.81
4.95
1.1
4.39
0.13
4.1
0.22
2.76
4.6
1.9
1.36
1.94
2.42
2.37
2.67
0.01
0.68
0.49
4
3.28
2.57
2.45
3.67
3.4
0.13
4.26
1.37
3.08
3.91
2.56
4.84
3.14
2.78
3.04
0.34
4.5
0.41
0.68
4.12
0.58
1.73
2.22
1.02
0.01
4.43
0.02
1.93
2.13
2.89
1.83
1.85
0.69
1.02
4.04
4.88
4.37
3.05
2.76
0.14
2.58
4.69
2.19
4.93
3.88
2.58
1.75
3.85
4.04
0.99
3.79
0.31
1.65
3.01
4.6
2.18
4.8
3.23
2.42
3.86
1.71
0.44
3.9
3.82
1.17
3.34
2.66
0.46
3.14
0.27
2.89
0.85
2.96
1.03
0.79
3.58
0.82
0.44
1.97
1.53
3.05
2.45
0.79
2.19
4.62
0.09
0.03
2.33
0.98
3.89
3.61
0.41
0.59
2.51
2.61
3.37
1.53
2.75
2.68
0.89
1.26
4.18
4.32
2.12
3.18
2.62
4.13
4.98
2.26
1.89
2.19
4.72
4.27
0.58
3.63
0.06
2.92
4.28
4.23
2.08
3.32
3.32
1.14
2.25
2.29
4.56
2.96
1.74
1.13
3.24
4.17
0.26
1.08
2.25
2.89
0.93
2.46
4.84
3.71
4.05
0.63
4.04
2.45
3.86
3.22
0.88
2.56
2.74
0.31
4.07
3.86
2.29
2.63
2.2
4.91
4.4
3.97
4.26
4.95
4.42
0.27
4.33
2.45
1.05
4.67
4.39
3.49
3.8
1.51
3.48
0.61
4.19
2.91
3.37
4.21
1.26
3.45
2.1
0.54
4.33
4.07
0.17
3.56
4.43
1.14
0.95
1.23
4.53
0.25
2.98
2.67
2.02
4.2
2.11
0.32
3.11
0.57
3.44
4.39
3.15
0.65
0.72
3.27
4.27
0.56
4.51
3.74
4.34
2.17
1.1
3.27
2.36
2.23
1.73
3.47
3.21
0.27
4.24
4.96
4.27
3.3
0.18
1.28
4.22
0.25
0.28
4.15
0.33
1.87
0.04
1.07
3.59
1.3
1.76
2.6
0.16
0.73
3.67
0.98
2.76
2.68
4.05
3.88
4.97
2.37
0.54
0.66
4.93
3.37
3.26
2.96
2.25
0.47
0.29
2.53
0.07
2.24
3.76
1.61
4.94
2.91
3.97
3.74
1.83
4.41
0.76
1.03
0.14
0.64
4.62
1.99
2.85
0.15
4.9
2.67
2.54
1.64
3.38
4.97
2.68
1.77
0.41
1.35
4.01
0.53
1.65
2.96
2.98
2.52
4.56
3.19
3.67
1.31
1.39
2.96
4.05
3.72
2.52
4.18
3.28
1.21
3.36
2.14
0.49
1.78
4.48
1.71
4.3
3
1.43
0.21
0.27
0.32
2.36
0.11
1.39
0.68
2.66
1.83
1.81
3.5
0.04
4.12
4.5
2.84
4.45
4.03
0.44
2.81
3.41
2.11
2.13
3.48
3.43
4.46
3.25
0.33
4.33
4.71
0.25
3.11
4.67
3.46
4.89
1.47
2.54
1.05
0.87
4.26
0.96
0.81
0.27
4.12
4.6
0.73
3.66
1.35
4.66
3.86
4.71
1.64
1.7
2.47
4.36
1.43
0.43
3.01
0.71
0.75
4.62
0.85
0.53
0.2
3.64
4.23
3.78
3.17
1.03
0.58
0.35
4.44
1.24
1.62
2.09
3.16
0.32
4.37
4.74
1.81
0.07
1.42
4.48
3.45
4.38
1.43
0.76
4.16
0.02
0.94
3.84
4.72
4.01
1.98
1.12
3.72
4.87
4.03
4.32
1.68
3.28
2.88
1.56
1.62
3.1
1.97
2.17
3.81
3.73
4.4
1.07
1.64
2.38
2
4.53
2.84
1.06
1.94
2.46
3.23
4.92
1.85
1.6
3.42
1.76
3.34
1.99
3.79
1.84
4.5
3.67
1.75
1.05
2.55
1.51
4.43
3.87
2.43
0.08
3.59
1.34
1.48
2.43
4.83
3.25
1.74
1
3.52
0.18
2.58
0.2
4.34
0.21
0.68
1.64
1.16
0.44
1.28
2.78
1.49
2.56
4.98
3.68
2.96
4.65
1.57
3.22
3.19
0.87
1.29
3.88
0.24
1.14
0.81
2.88
2.36
1.5
3.47
0.78
3.13
0.63
4.06
4.87
1.7
1.26
3.25
0.93
4.84
4.39
1.8
2.7
4.73
0.39
2.67
0.92
2.55
0.44
3.66
0.59
4.45
0.76
0.79
1.43
4.22
1.02
2.05
3.88
4.72
1.65
0.9
2.08
1.25
1.95
1.34
2.34
0.69
0.08
2.77
4.46
3.16
3.94
2.99
3.97
3.62
4.16
0.41
2.94
3.02
2.34
1.09
1.22
3.19
3.85
3.24
0.42
1.06
3.89
4.16
2.37
2.85
1.45
2.69
1.24
3.67
2.58
4.98
0.77
1.68
0.54
0.78
3.86
3.83
3.64
3.73
4.98
4.04
1.43
3.07
1.47
0.67
3.06
4.84
1.21
1.94
4.84
1.39
1.58
1.61
0.97
1.55
4.44
0.5
4.72
2.14
4.18
2.3
3.68
4.54
2.72
2.04
0.33
1.29
1.21
2.38
3.36
0.97
2.12
3.86
0.3
2.32
1.29
0.17
1.84
4.19
0.13
1.82
0.3
4.18
4.83
1.4
0.41
0.07
0.51
0.58
1.08
4.6
3.56
3.91
4.56
3.06
4.25
1.82
2.45
4.32
2.38
0.86
0.29
4.72
4.75
3.04
3.7
0.11
4.42
4.56
0.03
4.82
3.95
3.61
4.33
1.82
3.81
2.82
1.22
3.58
2.7
2.3
4.54
1.77
0.05
0.56
3.45
2.76
3.74
0.5
0.25
3.73
4.33
0.97
1.62
1.56
1.59
0.95
1.51
4.08
4.49
4.94
3.66
0.67
4.74
4.36
4.27
0.91
0.59
1.56
2.38
2.06
3.7
1.56
3.64
0.3
4.46
1.62
1.85
1.4
0.01
1.39
0.21
4.71
4.27
1.84
0.76
2.05
2.34
1.33
1.87
2.58
0.18
0.99
2.51
0.68
4.34
2.16
2.31
4.06
4.55
0.54
1.41
2.14
0.29
3.82
4.96
0.48
4.11
1.26
2.99
2.93
3.29
3.75
3.99
2.23
0.01
0.81
3.37
0.73
0.32
1.38
0.98
3.34
1.17
4.71
3.35
1.47
0.69
4.63
3.25
3.5
0.02
4.66
2.54
3.22
0.67
4.61
4.05
3.57
1.09
1.99
1.68
2.24
1.64
4.55
2.46
4.07
0.34
0.77
3.79
2.48
4.45
2.55
3.24
0.38
0.18
1.63
1.04
3.81
3.47
4.23
1.61
1.56
2.5
2.77
0.61
0.8
3.13
2.36
0.41
3.09
1.02
4.52
1.13
0.49
4.16
2.96
1.64
1.94
3.23
2
3.12
3.26
2.57
3.65
4.61
1.26
1.29
1.43
3.24
1.24
0.48
3.62
3.54
1.45
0.1
0.14
3.32
0.77
3.16
4.03
1.64
2.76
4.03
2.33
0.09
3.95
1.57
4.81
1.59
2.45
2.53
4.67
3.83
2.94
3.41
0.53
4.5
1.59
2.6
1.04
1.71
1.12
4.13
3.28
1.58
2.3
4.77
1.01
1.64
0.71
0.24
2.49
2.4
1.53
4.63
0.3
4.73
4.39
1.22
1.07
2.73
4.77
2.67
2.36
2.82
4.02
1.28
0.19
0.72
3.64
4.55
2.09
2.99
0.19
3.63
4.29
3.46
0.45
2.37
2.54
4.61
4.4
0.87
4.91
4.88
0.74
1.83
4.83
3.16
2.97
0.69
1.06
1.16
3.44
4.2
3.37
2.8
3.61
4.95
2.11
4.27
1.51
2.64
3.01
0.46
2.5
1.06
3.57
2.42
1.52
1.66
3.92
0.77
4.11
1.76
2.95
4.62
0.86
1.82
1.91
3.03
4.8
4.99
4.59
0.14
0.05
4.97
0.98
3.09
0.12
4.21
2.75
0.36
3.65
3.82
2.77
2.71
1.74
1.45
2.91
0.59
1.17
1.52
1.55
3.12
3.82
4.43
0.64
0.4
4.39
0.79
2.1
0.22
3.82
0.97
2.08
1.15
3.45
1.49
2.13
4.83
4.67
2.87
1.27
2.95
4.65
0.5
0.86
2.34
4.29
0.58
3.51
4.99
4.29
3.46
3.53
0.62
4.25
4.02
3.63
0.48
4.39
3.02
1.85
3.13
0.94
0.02
3.76
4.69
0.74
4.42
1.14
3.5
0.03
1.84
3.78
2.62
4.79
0.67
4.55
1.92
1.08
3.11
1.65
0.01
3.6
4.7
0.49
3.37
4.54
4.7
2.38
0.68
1.69
4.87
3.55
4.29
2.76
2.28
2.27
4.13
2.73
4.13
3.18
0.62
1.68
1.14
1.54
2.48
0.31
3.05
3.93
2.19
4.6
4.66
4.4
3.93
0.64
1.52
0.69
3.33
4.82
4.48
3.64
1.78
2.07
3.75
2.13
1.13
2.58
3.86
4.56
4.54
4.98
4.99
1.11
2
0.85
4.08
0.22
2.49
2.16
2.5
4.61
4.51
4.35
1.27
2.69
1.07
3.01
0.51
0.07
2.54
4.66
1.92
4.95
3.45
1.94
0.56
0.66
0.28
0.34
3.36
4.61
3.29
1.46
3.07
0.99
1.25
1.4
2.8
3.7
0.17
0.75
2.24
3.81
3.09
1.17
0.38
2.13
4.12
3.26
0.92
2.2
2.94
3.43
1.05
3.86
0.85
3.6
2.06
0.17
4.82
0.19
2.13
3.07
0.09
0.93
1.42
3.04
1.44
3.24
1.72
4.71
0.05
