2.81
3.59
2.55
2.25
2.74
1.28
0.58
4.76
2.04
3.88
1.86
2.72
3.02
5
1.98
1.75
4.28
1.77
3.42
3.05
0.16
2.72
2.84
1.37
2.05
0.84
0.51
4.91
1.52
1.46
4.93
2.17
4.07
0.82
0.73
2
4.95
0.5
3.1
2.6
4.92
3.68
4.05
4.35
4.12
0.55
2.07
0.08
3.1
3.57
0.59
4.22
1.5
3.62
1.71
4.97
1.73
0.43
3.67
1.63
4.84
1.58
3.46
0.64
1.46
0.41
2.07
2.91
3.63
1.18
0.09
1.84
2.32
4.55
2.83
3.78
0.1
4.78
1.87
0.33
4.18
2.91
0.55
3.89
0.67
0.8
2.4
4.17
1.49
3.47
0.23
0.17
4.31
2.55
2.45
2.76
4.01
1.71
3.26
3.58
4.87
2.2
2.15
1.95
1.54
0.87
4.98
0.82
4.73
4.85
2.32
2.24
1.37
4.4
1.03
3.02
4.94
0.83
0.02
1.06
1.14
2.26
0.16
3.89
3.08
1.67
2.13
4.72
0.12
4.36
0.85
3.69
1.91
3.89
4.8
3.2
0.62
4.88
4.67
4.01
1.02
2.17
1.58
1.61
1.79
1.77
2.13
2.96
0.06
3.57
3.51
2.4
3.86
1.5
3.94
3.48
1.1
3
1.56
2.73
0.83
3.65
0.11
4.42
0.87
1.06
2.85
3.9
0.49
0.76
3.92
1.28
4.74
4.22
3.36
2.8
1.7
0.97
2.28
3.14
4.21
2.79
3.09
3.01
1.84
2.89
3.24
2.94
1.34
3.06
4.93
3.33
0.74
4.24
4.95
3.52
1.23
1.99
3.08
3.13
0.13
4.12
1.79
0.45
0.73
0.7
0.15
1.71
0.05
0.08
3.82
3.18
0.42
4.81
4.94
3.91
1.33
1.62
2.31
0.84
0.68
1.32
2.7
1.07
2.33
1.02
3.08
2.27
0.39
3.88
0.22
1.73
2.44
4.58
0.93
2.76
4.64
1.16
4.77
3.15
2.7
2.95
1.73
0.7
3.88
1.27
2
1.8
3.33
3.11
3.25
1.46
4.32
4.41
0.9
1.09
3.14
3.76
2.04
0.88
0.3
1.43
1.24
0.09
2.59
3.11
0.08
0.87
4.11
2.92
1.78
1.05
3.63
1.25
0.15
4.69
4.13
1.01
2.62
3.24
1.8
4.79
2.55
2.35
0.07
3.59
4.72
3.63
4.52
1.85
1.02
3.69
4.31
3.89
2.78
3.06
1.51
0.33
3.84
0.6
0.65
4.75
1.8
2.77
2.61
3
1.74
2.14
3.78
1.97
0.28
2.83
4.34
4.25
1.49
0.82
3.85
2.64
1.61
4.76
4.74
3.73
3.15
1.27
2.43
3.11
3.69
4.86
0.88
1.65
1.33
4.54
4.58
4.58
3.59
0.66
1.2
3.34
4.17
4.56
3.23
2.89
3.67
4.06
0.06
1.8
1.35
3.73
0.09
2.18
2.12
2.08
0.05
4.49
1.2
0.97
4.26
4.96
2.37
4.74
3.95
1.86
1.76
0.05
0.72
4.84
2.11
4.6
3.11
1.39
1.37
3.43
2.43
1.49
2.69
2.56
3.8
3.8
0.91
3.38
0.31
1.53
4.95
4.95
4.79
1.08
0.61
2.34
1.25
0.66
2.89
4.31
2.2
0.65
1.27
1.3
4.61
2.32
2.55
0.97
1.24
4.13
4.41
4.3
4.23
2.88
2.52
4.42
3.84
0.94
4.32
1.86
4.14
3.3
1.76
3.6
4.38
3.59
2.41
2.23
2.61
3.51
3.45
2.82
2.83
0.56
1.98
4.2
3.09
1.74
3.28
2.2
3.77
1.88
2.38
1.59
0.52
3.14
3.14
0.3
0.91
4.8
2.85
3.04
3.12
1.92
4.71
2.9
0.35
3.72
0.59
3.72
2.68
3.49
4.73
4.21
2.1
4.1
4.88
0.51
0.89
3.02
4.49
1.71
0.47
0.99
4.78
2.02
2.83
0.58
3.5
2.8
0.93
0.48
1.34
1.67
4.12
2.87
1.58
4.11
4.52
4.16
0.56
2.78
2.8
2.91
4.09
0.85
3.51
0.04
1.76
0.6
0.14
3.46
4.9
4
2.51
4.08
0.61
2.05
3.9
2.42
2.44
4.18
1.03
1.73
3.77
1.88
1.76
2.65
1.61
2.35
0.91
0.58
1.46
2.47
2.43
3.1
1.12
1.73
2.49
3.42
2.8
1.95
1.31
2.26
4.44
4.15
0.96
4.2
2.25
0.23
3.64
2.29
2.52
4.19
4.74
3.62
4.45
4.8
4.79
4.71
0.16
3.95
0.39
0.21
2.03
4.86
4.64
3.23
3.3
0.83
3.16
1.77
0.32
4.94
1.6
2.47
2.99
4.09
1.64
1.72
3.25
0.7
2.26
2.64
2.57
3.61
0.52
3.53
2.98
0.4
4.13
4.54
2.34
4.89
4.08
3.35
0.27
1.83
0.17
1.27
0.46
0.38
0.06
0.66
2.08
1.23
2.6
0.4
4.42
0.55
0.87
0.25
0.53
2.99
3.67
2.69
1.45
3.39
2.05
4.59
3.37
3.68
0.05
2.93
2.86
2.84
4.59
3.32
0.17
1.52
2.93
1.74
3.47
2.71
3.99
1.65
2.16
1.44
1.18
2.42
2.08
0.7
2.35
2.53
2.76
1.44
1.41
2.21
1.73
4.45
0.39
1.47
4.41
4.03
0.37
2.75
1.29
4.69
1.7
3.89
1.06
0.24
2.29
4.76
1.12
1.98
2.45
3.42
1.96
4.51
4.22
2.65
3.74
1.39
2.98
2.93
2.65
3.77
2.63
1.08
0.37
1.9
0.24
1.17
2.91
4.72
2.22
1.36
1.03
4.88
0.39
3.99
2.41
2.92
2.64
4.18
3.2
0.71
4.71
4.51
0.25
3.19
2.75
1.22
3.45
2.27
1.45
4.7
0.11
4.46
0.34
3.04
1.81
2.34
2.83
1.89
4.72
1.7
2.69
0.88
2.14
4.4
1.48
0.63
3.82
4.21
3.88
1.49
1.23
4.88
3.47
4.17
1.19
0.22
2.76
0.51
0.5
2.2
1.74
0.06
3.83
1.44
1.52
4.47
0.05
3.94
1.57
1.49
0.38
0.1
2.76
2.84
3.56
3.67
3.28
0.97
1.57
2.22
3.28
2.85
1.59
2.34
1.74
4.25
2.73
2.58
2.65
3.35
1.15
4.4
0.59
2.17
1.09
0.46
1.75
0.76
0.69
2.92
3.89
3.1
3.89
4.55
1.19
4.26
0.3
4.3
2.33
0.03
1.49
2.61
0.27
1.52
4.09
0.13
1.84
2.53
2.96
1.8
2.55
0.09
4.43
4.98
2.02
0.01
2.01
3.16
2.39
1.26
3.96
2.23
0.01
3.63
3.28
2.42
2.06
2.66
2.78
1.56
0.02
1.99
1.97
4.18
2.64
1.97
4.73
4.41
4.16
1.84
4.79
2.76
4.8
4.28
2.82
4.54
4
3.73
2.42
2.31
3.19
3.05
0.81
3.22
4.39
1.98
0.54
1.09
4.69
0.66
2.19
2.09
2.59
2.5
0.6
0.41
4.99
4.5
2.63
2.76
4.55
4.82
1.92
4.64
1.6
3.56
4.48
0.13
0.03
3.83
2.29
2.97
3.66
0.75
0.16
2.43
3.35
0.43
4.41
0.39
0.4
3.29
3.21
4.62
1.93
1.5
3.2
4.74
3.95
1.64
0.76
4.72
2.42
1.49
3.55
3.36
4.97
2.13
3
0.55
0.64
2.78
3.23
4.28
1.01
0.61
4.63
1.83
2.97
2.63
3.06
2.77
0.98
4.27
3.48
2.48
0.93
3.38
1.11
0.83
2.37
0.12
3.43
1.83
2.67
1.2
0.35
3.94
3.3
3.19
4.45
4.9
1.35
2.58
2.87
0.49
0.19
3.45
2.93
2.81
3.96
1.94
1.95
1.46
1.36
4.19
4.95
2.53
2.04
3.72
0.58
0.75
3.46
0.29
3.18
3.74
4.41
0.48
3.25
1.44
3.84
0.3
1.25
4.42
4.42
2.73
0.22
0.45
4.58
0.43
4.47
3.69
4.07
0.88
2.52
0.44
1.26
0.39
3.22
0.19
1.17
1.92
3.38
1.36
4.3
2.07
0.2
2.74
3.96
1.52
2.03
3.8
1.47
4.74
1.38
0.37
2.68
3.86
0.14
0.79
3.54
0.17
4.43
3.06
3.93
3.72
3.7
1.67
0.97
0.8
4.08
1.91
3.33
1.57
4.76
4.23
0.16
1.47
0.36
4.7
1.01
1.92
3.08
2.2
1.28
0.09
2.6
0.95
3.71
0.16
4.95
0.8
3.65
0.11
1.3
3.3
4.28
4.56
3.48
1.4
4.8
2.76
2.15
2.64
1.73
4.42
1.73
4.99
3.96
4.46
2.85
3.4
0.06
2.63
1.7
0.32
0.54
3.45
4.9
0.4
4.76
3.97
0.46
1.61
0.14
2.75
2.73
1.03
1.13
4.06
1.37
0.34
3.12
0.66
4.57
4.73
2.51
4.09
0.39
2.39
0.55
1.28
3.98
1.37
0.96
3.65
2.23
3.87
2.57
0.81
0.74
0.78
0.26
3.03
0.19
2.42
2.27
1.67
1.25
0.74
0.92
1.16
3.53
3.13
4.35
3.66
1.07
4.53
4.02
0.65
2.09
0.72
0.01
2.77
2.45
3.19
2.99
1.84
2.71
1.76
3
1.25
2.63
2.77
4.95
0.63
1.03
3.07
3.16
3.45
3.94
1.89
1.74
1.97
2.91
2.98
4.27
4.84
2.88
2.1
4.69
4.06
1.85
2.49
0.79
4.23
0.81
2.9
0.53
2.56
3.7
0.38
1.53
3.1
0.28
0.9
0.78
1.68
3.41
1.31
4.52
3.64
0.3
3.86
2.95
2.61
3.19
1.32
0.21
2.05
1.11
0.69
2.71
4.44
2.1
4.67
4.28
2.6
2.2
3.9
0.2
1.91
0.78
1.75
1.94
4.28
2.32
1.22
4.8
4.49
2.35
1.1
3.12
2.34
0.67
1.91
3.69
3.57
3
4.48
3.38
1.29
3.86
2.19
2.26
0.33
3.16
3.28
3.81
1.76
3.18
0.35
0.85
1.83
2.99
1.33
3.71
0.3
3.79
4.26
3.05
3.71
2.63
0.5
0.18
2.32
0.64
0.89
4.31
4.6
4.2
4.48
2.79
3.51
1.12
3.1
0.02
2.71
0.42
1.84
4.51
0.72
2.49
1
3.48
4.45
3.48
5
2
2.09
1.18
3.23
4.98
2.72
2.82
4.89
1.92
0.31
3.13
3.93
1.38
0.03
2.67
1.5
1.5
3.07
0.66
0.22
1.34
2.88
2.07
2.61
4.89
1.81
2.74
3.37
3.43
4.56
2.59
3.54
2.57
3.26
3.41
2.33
2.55
1.36
3.58
1.56
3.36
0.93
3.36
2.47
0.43
2.4
1.17
3.21
4.11
3.9
3.97
2.24
0.56
0.73
2.14
1.08
3.7
1.32
0.34
2.88
1.37
4.83
1.35
4.54
1.58
2.53
3.01
0.11
3.64
1.68
3.57
1.49
2.68
3.86
2.39
2.91
1.73
4.03
3.8
1.48
1.2
4.98
1.36
3.65
4.63
1.19
4.73
0.35
3.98
0.39
3.35
4.09
0.61
3.16
4.39
0.11
0.67
1.85
3.09
1.94
2.12
0.76
1.06
3.06
0.63
4.41
3.38
2.61
0.6
1.92
2.97
1.39
2.39
4.96
3.38
0.39
4.39
2.64
3.04
3.32
1.86
1.88
1.24
3.99
1
1.61
3.15
0.44
3.93
4.68
3.3
3.68
1.11
2.07
1.61
4.48
1.85
3.75
1.3
2.95
3.07
4.05
3.32
3.07
2.47
2.43
3.08
3.63
0.28
1.21
0.27
4.69
4.89
1.47
3.37
3.67
3.14
3.89
0.96
1.9
3.9
1.21
3.88
0.4
4.53
1.99
4.11
0.87
0.55
0.48
0.26
0.45
1.82
0.4
2.03
2.19
1.1
3.7
4.83
4.45
4.92
0.82
4.79
0.68
3.44
0.36
4.69
0.38
0.18
0.79
3.87
2.48
3.52
4.13
1.18
2.93
0.41
0.63
0.49
0.44
0.08
2.87
4.25
1.95
1.28
4.84
2.54
4.05
2.42
2.73
2.1
3.66
0.93
1.12
1.98
1.87
4.65
4.99
4.64
0.41
1.39
0.12
1.14
2.32
1.24
4.76
2.82
2.06
0.1
3.4
2.04
0.78
2.8
4.79
4.05
3.72
0.04
1.19
4.06
2.05
2.53
4.88
1.05
2.09
1.47
4.51
1.19
1.72
1.3
2.17
2.56
3.7
2.72
1.36
0.32
2.51
2.45
4.85
2.98
4.64
2.38
1.7
2.16
1.28
3.22
3.67
2.1
3.81
4.14
2.13
4.88
2.83
1
0.44
3.12
1.02
1.91
1.03
2.5
0.22
2.62
3.55
4.79
0.82
4.27
3.38
1.14
4.6
2.04
4.1
0.2
1.87
2.81
3.61
2.87
3.73
4.16
3.77
1.56
1.68
2.28
1.62
3.56
2.52
2.36
1.54
0.49
3.03
0.02
4.21
3.48
2.36
0.55
2.23
4
2.72
4.59
4.17
1.81
2.9
1.82
1.16
1.8
4.37
0.45
1.79
2.57
0.79
3.77
2.04
3.11
2.61
3.06
0.26
3.89
0.66
3.62
3.29
4.86
3.84
0.87
4.1
4.48
2.46
3.72
4.75
3.47
0.53
4.84
4.9
3.32
3.48
0.04
0.69
3.3
1.49
3.7
1.18
0.85
1.45
3.4
2.56
4.13
0.04
4.93
1.71
1.96
4.96
4.77
3.27
2.39
0.13
2.97
2.06
0.2
2.03
1.41
0.68
3.25
2.06
4.9
0.73
0.08
3.78
4.19
0.25
0.93
3.01
2.94
2.1
1.75
2.36
2.95
1.02
2.83
3.34
4.37
0.73
4.21
1.95
1.32
2.54
4.83
3.81
3.72
3.19
0.76
3.5
0.55
0.03
4.2
2.23
3.2
4.98
3.44
0.35
0.7
2.99
2.32
4.93
2.49
3.07
3.27
0.07
0.44
0.97
0.7
3.33
0.81
1.69
1.91
2.94
1.32
0.62
0.98
0.57
4.9
1.48
0.66
4.26
0.01
3.3
0.07
3.69
0.69
4.94
4.46
3.77
2.79
0.63
2.81
4.09
0.68
2.03
1.26
1.08
2.77
3.82
1.63
3.45
0.42
3.69
4.18
2.62
0.88
3.89
2.02
1.21
4.92
1.02
3.79
1.15
1.05
2.46
3.33
1.13
1.19
2.78
3.47
3.93
2.37
1.65
4.24
2.66
2.21
1.22
2.92
4.04
4.13
3.46
4.08
4.93
2.65
1.81
0.54
0.25
3.51
3.78
3.53
3.97
1.38
1.56
0.71
4
3.32
2.05
2.74
3.32
1.66
3.69
0.15
2.43
3.13
4.74
2.47
3.72
0.64
4.68
2.86
0.44
2.43
1.98
0.16
4.89
4.01
2.34
3.99
3.74
1.24
1.93
3.54
1.38
1.18
4.51
4.13
2.63
0.43
0.09
4.64
1.11
3.5
4.74
5
3.65
3.92
4.44
3.79
4.47
4.67
2.56
0.34
3.85
1.8
3.09
2.56
4.08
4.97
4.82
0.63
2.72
1.06
3.29
3.32
3.23
0.54
3.03
2.73
3.32
4.11
0.56
4.67
4.27
4.63
2.19
2.48
4.44
0.84
3.15
3.23
4.49
2.03
1.87
1.69
4.13
2.82
1.75
1.45
3.57
3.02
0.92
3.35
4.47
4.19
3.69
0.3
2.15
0.54
2.88
2.41
2.64
4.08
0.74
0.62
4.73
2.05
3.81
1.05
0.56
3.15
0.32
1.46
4.08
1.25
0.7
4.91
4.66
4.55
1.79
4.84
2.47
4.66
3.78
2.4
3.1
4.83
2.87
2.97
1.77
4.41
3.31
1.55
1.05
2.7
3.63
1.53
4.49
3.77
4.64
3.33
1.04
4.91
2.82
1.55
1.34
0.56
0.59
0.54
4.61
1.3
3.4
0.21
1.59
0.76
4.61
2.5
1.08
3.23
1.3
0.03
3.55
0.35
2.79
3.04
1.47
4.49
0.6
3.15
4.31
0.31
4.74
2.97
4.43
3.04
4.5
2.67
3.57
0.34
2.08
0.54
0.85
1.38
1.91
0.73
3.27
0.53
2.39
2.15
0.33
3.94
4.58
4.89
3.12
4.27
4.2
1.22
4.31
4.45
0.4
4.82
2.82
1.54
0.23
4.29
3.55
0.88
1.8
1.1
4.49
2.23
1.81
3.29
0.97
2.57
2.84
0.61
0.36
1.92
4.58
3.1
0.82
2.07
4.76
0.33
2.94
1.7
0.07
3.3
2.08
0.55
1.38
2.93
1.94
1.07
2.23
2.72
1.27
1.1
4.01
2.51
3.29
1.53
1.4
3.56
3.18
1.86
0.56
3.08
0.87
4.68
0.58
0.24
4.73
2.46
1.58
1.32
1.42
3.69
0.17
0.3
0.02
2.73
4.63
2.63
3.34
4.24
2.81
3.16
0.16
0.85
1.6
4.86
0.71
3.63
0.05
0.34
4.2
0.44
0.79
0.15
4.32
3.47
2.22
4.33
2.2
3.74
1.69
0.74
0.24
3.61
3.7
3.65
3.57
1.59
3.82
4.38
3.61
3.93
3.29
4.37
0.15
2.24
4.45
0.7
3.18
4.52
2.58
2.77
1.81
3.06
3.37
3.78
0.11
2.8
0.26
1.47
0.98
1.78
0.47
1.11
1.89
3.78
2.12
4.44
1.84
0.15
3.9
2.64
3.45
4.46
4.96
1.6
2.72
2.53
1.91
1.85
1.14
1.76
2.46
4.91
1.81
3.22
2.51
1.59
4.68
0.93
3.03
3.36
3.88
2.94
0.51
1.43
4.83
4.07
2.68
2.19
2.06
3.83
2.92
2.24
4.85
2.76
2.31
2.47
0.71
3.35
4.96
4.39
0.26
4.31
1.46
1.56
4.44
1.04
3.38
2.93
2.07
0.95
3.42
1
4.8
1.05
3.49
4.13
1.33
3.95
2.09
1.85
4.84
0.22
3.44
2.54
1.72
1.55
2.3
2.68
0.18
1
3.77
1.75
2.25
3.54
0.87
0.45
3.47
3.51
3.97
3.06
2.41
4.5
3.3
3.85
0.22
0.01
1.29
4.19
3.86
3.24
1.57
3.8
1.96
4.94
0.89
1.46
4.53
1.82
1.58
2.24
2.19
2.65
0.74
3.4
4.22
2.33
2.6
2.85
1.3
4.93
1.53
4.04
1.4
2.29
0.13
2.48
1.53
1.19
0.52
1.02
3.93
4.01
2.77
3.33
2.95
3.85
3.98
0.96
0.19
1.32
4.62
3.03
3.99
3.36
4.18
3.8
3.08
3.02
2.38
2.99
2.51
3.1
1.61
3.31
1.54
4.09
1.89
3.72
1.45
3.22
2.65
3.59
3.97
0.16
0.49
4.65
0.68
3.98
2.8
1.21
3.92
4.53
4.61
2.74
3.46
2.38
2.51
3.94
3.99
2.15
3.68
0.29
0.23
4.8
4.16
0.9
1.17
2.32
0.58
3.23
4.24
3.61
3.78
2.56
3.85
4.12
3.88
1.8
3.11
4.47
2.26
2.45
3.94
2.56
0.93
4.47
4.86
1.52
2.74
0.78
1.43
3.23
1.2
1.78
4.06
3.68
4.72
1.41
1.52
4.27
3.27
3.22
3.2
4.41
0.36
3.89
0.09
0.27
3.37
1.22
0.24
4.4
0.66
0.91
3
1.05
0.62
3.84
3.83
4.21
0.07
0.25
0.07
0.34
1.72
4.22
1.74
1.23
3.46
2.16
3.74
1.44
4.81
1.43
0.11
0.02
3.54
1.94
0.92
3.17
4.69
4.86
0.23
1.51
4.42
4.51
0.48
3.22
4.66
0.6
0.51
4.09
4.59
0.69
4.6
4.51
0.7
4.79
2.57
3.82
1.56
2.68
2.7
0.73
1.65
3.11
0.26
2.85
2.75
4.5
4.53
3.88
1.18
2.14
4.04
4.93
0.68
1.98
4.11
3.14
0.47
0.08
1.53
3.94
0.23
3.01
4.31
3.86
2.26
1.64
2.98
0.17
0.45
1.1
4.68
0.14
0.03
2.96
1.67
4.9
3.26
3.33
0.3
1.2
4.89
0.02
1.8
1.25
2.69
1.37
3.12
3.21
1.67
3.74
3.49
3.01
4.25
3.61
2.97
3.93
4.55
2.35
3.83
2.41
4.64
0.12
1.63
3.35
3.11
3.55
4.51
1.64
0.4
3.71
0.22
1.53
3.47
1.53
4.99
4.05
0.9
1.13
3.16
2.9
0.37
4.65
2.84
2.78
1.77
2.68
0.98
0.99
3.64
1.21
2.07
2.14
0.63
2.6
1.7
0.11
1.99
3.54
2.05
4.07
2.46
0.53
0.52
0.11
0.25
3.84
4.47
0.87
0.14
4.66
1.68
0.42
1.69
4.29
1.35
0.7
1.11
0.33
3.5
2.54
3.69
3.68
4.41
3.75
1.76
2.89
3.12
4.43
1.74
4.03
1.34
3.97
2.27
4.08
3
4.78
3.9
0.88
3.01
0.58
3.62
0.04
1.76
3.66
1.66
1.12
2.16
3.76
2.62
4.59
0.91
4.86
3.4
1.46
2.46
4.83
1.84
1.21
3.52
0.74
4.18
1.81
1.5
0.36
3.17
0.77
3.96
4.44
2.08
2.5
3.75
