0.75
1.15
0.68
3.01
3.73
4.75
3.96
0.43
3.56
0.91
2.28
1.73
2.34
1.45
3.22
4.54
1.76
2.07
3.54
3.97
0.7
2.68
3.7
2.65
2.67
3.05
1.67
3.05
0.74
2.24
2.66
4.93
0.52
4.46
0.42
4.33
0.15
2.16
2.54
1.8
3.49
2.36
1.07
2.82
1.41
1.24
3.34
4.27
3.02
3.35
4.25
1.96
0.01
4.52
2.15
2.96
3.66
1.51
0.2
2.9
3.17
3.05
0.95
0.44
0.93
2.83
2.93
1.86
4.8
1.35
1.51
4.96
2.23
3.82
0.62
4.91
0.59
1.49
0.05
0.94
2.25
0.76
1.12
2.72
3.51
1.19
1.23
4.74
3.5
1.38
4.72
3.01
2.14
0.67
4.82
3.84
0.5
2.8
4.48
0.35
2.7
4.94
1.4
4.8
2.97
0.74
0.4
2.04
1.81
2.91
0.74
3.22
3.34
2.05
1.25
0.95
3.37
3.43
1.7
0.69
0.01
3.09
4.45
3.37
2.87
2.54
0.31
0.15
3.73
4.89
0.64
2.85
0.17
4.65
0.7
3.91
0.92
3.09
1.96
3.45
2.83
0.68
4.62
1.15
3.69
1.83
4.61
3.28
2.26
2.65
0.52
4.07
2.9
3.6
2.82
1.63
4.35
1.13
1.6
3.62
4.5
1.52
2.62
3.35
4.52
1.68
3.26
2.24
0.72
2.16
4.82
4.23
4.08
2.13
3.6
4.51
2.5
4.72
3.55
0.49
2.45
4.53
3.56
2.25
2.16
2.64
2.37
2.55
2.9
3.33
3.46
0.28
4.84
0.89
0.93
3.06
3.74
1.65
0.9
3.71
0.42
3.41
2.66
1.39
0.75
4.56
0.94
1.43
0.02
0.94
1.73
2.83
4.34
4.96
4.39
4.83
0.42
2.91
3.89
3.98
3.63
1.47
1.25
2
1.19
2.36
3.87
0.28
0.33
4.22
3.89
0.33
4.15
4.78
3.59
1.73
3.86
2.65
1.59
0.82
2.72
4.59
2.1
3.81
0.72
4.31
2.99
3.83
4.97
2.51
3.51
1.51
3.14
0.16
1.61
4.51
0.6
1.05
3.45
2.13
1.14
3.42
3.07
3.49
2.72
4.81
3.67
2.99
0.78
1.1
1.57
2.64
0.66
0.58
4.8
1.28
4.42
0.16
1.19
2.8
4.38
3.25
0.14
0.84
0.41
1.07
0.83
4.62
0.7
1.92
1.13
4.28
1.23
2.52
4.76
2.44
2.12
0.01
2.81
4.67
2.43
0.57
4.03
0.09
3.85
2.62
4.8
2.46
1.89
2.45
1.84
4.68
4.44
4.47
4.86
2.25
0.91
0.49
1.25
1.26
1.27
2.47
3.74
0.23
0.55
2.79
3
3.44
2.68
1.1
1.71
1.27
1.18
3.2
1.47
1.25
4.99
0.79
4.05
4.44
3.91
2.38
4.79
1.85
3.84
1.55
1.41
2.23
0.58
0.99
2.36
3.88
4.33
1.76
1.32
3.73
1.42
0.44
4.87
1.46
1.43
2.56
3.17
1.05
3.02
2.27
4.98
0.04
3.12
1.57
2.57
3.7
4.18
3.9
2.55
1.48
0.61
2.25
2.51
4.73
4.16
2.52
4.22
4.22
2.18
3.39
3.34
1.86
3.96
1.02
1.68
3.14
3.43
0.96
0.42
4.75
2.54
1.86
3.16
3.78
3.4
0.42
2.79
0.45
2.24
4.89
2.88
2.59
2.72
0.22
4.44
1.92
4.27
2.26
2.64
0.72
1.54
3.13
2.49
4.65
2.98
2.79
1.85
1.98
1.34
1.08
4.66
2.37
1.07
3.5
1.85
0.08
2.87
1.39
2.68
3.43
2.88
4.04
2.52
1.52
1.87
3.68
0.96
4.8
3.91
0.09
0.61
4.23
4.1
0.15
1.54
4.52
1.85
1.76
0.81
2.97
1.5
2.95
1.7
1.18
1.13
3.6
0.44
4.23
2.48
4.79
3.16
4.96
4.29
1.28
1.95
3.78
3.68
3.65
2.97
0.23
1.97
1.72
2.81
0.25
2.76
4.06
3.18
2.93
2.94
0.51
2.62
4.13
0.06
3.67
4.41
4.99
4.79
1.02
0.59
1.93
0.27
3.5
0.7
4.2
4.53
3.57
4.25
2.31
2.88
1.45
2.49
0.51
0.12
0.86
2.38
2.89
1.81
3.23
3.61
2.91
0.36
4.01
1.59
0.02
0.11
1.15
4.68
4.98
0.94
3.24
0.36
1.11
4.57
4.79
2.3
0.91
0.68
0.81
0.32
1.8
4.86
1.24
4.07
3.52
2.18
2.51
1.1
3.35
0.3
3.37
2.68
3.94
1.08
1.51
3.22
0.82
3.99
2.42
0.2
1.75
4.42
3.39
0.71
3.69
0.67
2.24
2.97
1.57
4.15
2.55
1.17
3.77
0.75
4.02
1.49
3.08
1.14
1.74
0.4
4.55
2.46
1.44
3.72
0.41
2.7
4.14
4.19
3.3
1.26
3.47
1.6
3.7
1.16
0.61
0.84
2.8
1.02
4.11
2.22
3.09
2.9
3.98
0.07
3.26
1.64
1.54
0.98
2.81
3.84
0.27
4.09
1.18
2.62
2.49
2.4
4.74
1.35
0.87
3.34
4.03
1.99
3.87
3.77
3.76
2.85
2.32
1.89
2.06
3.39
2.94
4.82
4.54
1.31
0.9
2.5
4.7
3.58
4.42
4.21
0.88
0.02
1.34
0.88
2.44
1.59
3.73
2.71
2.54
1.45
4.57
1.59
4.12
0.42
5
1.1
1.7
2.17
1.15
3.68
2.24
0.84
4.96
2.4
1.32
1.42
4.05
1.96
4.04
2.42
3.18
2.19
3.24
1.84
2.89
3.64
2.15
0.8
3.34
3.06
0.91
2.72
2.1
0.74
0.78
4.89
3.82
4.57
0.06
4.14
0.05
2.59
0.26
2.79
4.08
2.33
0.7
4.03
2.74
1.89
4.58
0.61
0.26
2.48
3.8
2.66
3.73
4.2
0.12
2.63
3.71
3.94
2.69
0.94
1.56
1.12
0.74
0.14
2.53
1.72
0.74
1.35
4.6
0.12
5
2.21
2.81
4.51
3.49
4.26
0.63
0.15
2.55
0.74
2.98
3.3
3.17
0.82
0.71
2.23
1.85
3.92
2.34
0.2
1.82
2.87
4.34
0.49
1.96
0.61
2.22
2.31
4.41
2.65
1.66
4.71
1.84
2.43
2.66
2.16
0.23
3.19
3.17
2.98
4.68
4.84
4.23
2.89
2.25
4.37
2.53
1.69
1.28
2.02
3.17
4.44
2.33
1.62
0.79
1.99
2.06
2.82
0.31
0.83
3.74
2.15
1.81
4.21
0.54
1.3
3.2
1.15
4.63
4.89
3.87
1.34
1.36
1.45
4.12
3.17
1.37
0.15
1.5
1.27
0.18
3.09
0.24
3.1
1.39
3.11
2.12
3.49
3.79
1.31
0.47
4.76
4.22
3.29
1.18
1.62
4.89
4.9
1.56
2.31
1
2.33
3.97
1.54
3.15
4.09
2.69
4.63
3.43
2.39
0.9
0.12
0.66
2.77
3.25
2.44
3.63
3.24
2.17
4.44
2.08
3.1
3.83
3.38
2.68
0.21
2.2
4.84
2.51
4.06
4.39
1.33
4.07
2.37
4.41
3.01
3.53
3.72
4.14
2.97
4.64
3.34
0.28
0.57
4.41
3.75
4.15
2.05
3.84
4.77
3.07
1.23
2.55
2.52
0.52
4.71
2.51
1.81
0.15
3.86
1.76
3.25
0.61
4.44
3.82
0.43
4.77
4.55
0.65
0.23
2.77
0.92
3.28
0.15
1.01
3.05
0.38
4.31
4.88
1.66
4.12
2.16
1.94
3.36
0.65
1.94
4.79
1.89
0.65
3.92
4.22
4.52
4.97
1.86
1.97
2.57
0.12
2.12
1.07
2.71
4.88
3
4.02
1.91
2.91
1.84
1.32
2.7
4.57
1.06
3.7
1.83
0.2
3.73
1.34
2.17
0.88
3.02
0.24
4.36
1.01
3.55
1.66
4.19
1.4
1.27
0.14
2.39
4.26
0.84
0.86
2.18
4.51
0.89
4.92
1.64
3.16
3.9
1.02
4.76
3.51
4.47
4.15
4.3
1.94
3.31
3.04
1.38
3.89
5
4.92
3.21
0.48
0.27
0.87
4.3
2.73
1.27
1.22
0.23
4.75
2.28
3.53
0.88
2.99
3.08
0.75
4.25
2.86
3.36
2.26
0.37
0.55
4.84
0.51
0.56
3.29
2
4.39
2.38
4.68
1.48
1.06
3.77
1.67
2.94
1.2
4.35
2.96
2.15
4.89
4.46
0.82
3.39
1.55
3.24
4.02
0.12
0.72
4.84
3.08
3.3
2.94
1.11
2.91
2.19
2.05
1.84
3.66
4.97
3.25
2.11
1.56
1.83
3.49
2.23
0.04
1.25
2.42
4.73
0.34
2.07
4.77
0.43
4.74
2.74
3.87
0.95
2.05
1.1
4.37
4.42
2.78
3.8
1.99
1.47
0.96
4.71
1.09
2.03
4.61
1.78
2.19
2.41
3.49
4.81
4
4.67
1.32
2.81
2.71
1.84
4.94
1.2
1.39
0.46
0.98
3.94
4.33
1.69
0.61
0.9
4.04
4.56
2.26
0.59
4.71
2.17
3.38
4.06
2.14
4.75
2.52
4.69
1.99
4.37
4.84
3.19
1.59
1.56
3.88
1.37
4.58
1.01
1.74
2.95
4.66
3.89
0.2
2.86
0.5
2.58
3.8
4.33
4.23
2
0.18
3.61
0.55
2.47
1.25
2.96
2.26
0.41
3.19
3.09
4.4
3.98
3.34
3.41
3.03
1.52
2.82
2.32
1.98
1.92
0.19
1.45
0.46
1.31
4.62
4.95
1.91
2.16
4.5
0.71
1.94
0.51
3.95
0.66
2.77
3.61
1.24
3.44
2.9
0.5
4.96
3.03
0.02
1.27
4.15
2.37
1.06
0.63
1.85
3.81
1.59
4.86
2.88
3.55
0.74
2.5
0.46
0.46
3.77
4.06
2.76
2.8
3.9
0.28
1.7
4.25
1.86
3.57
4
3.21
3.55
0.18
0.58
1.22
1.36
1.96
4.49
4.96
3.39
4.45
1.95
2.58
2.86
2.67
1.76
1.62
1.79
2.63
1.37
1.75
0.14
1.45
0.73
0.62
4.77
0.09
1.76
3.86
2.03
3.85
4.92
1.41
2.89
1.68
1.68
1.58
4.44
3.39
3.01
4.53
4.17
1.69
1.04
2.67
1.72
2.41
3.86
4.31
0.58
0.03
4.29
1.92
2.54
3.17
2.63
1.47
0.23
1.26
2.44
1.32
3.01
1.93
0.36
0.05
3.72
2.81
2.51
3.86
1.26
4.53
0.71
1.49
1.6
2.6
0.51
3.63
1.08
3.17
3.16
0.23
2.53
1.64
0.44
3.53
2.88
2.49
0.63
3.64
4.25
3.46
0.12
0.55
2.23
1.87
2.72
2.59
3.96
4.55
1.52
4.92
3.64
0.45
1.52
3.79
4.56
0.16
1.21
1.04
4.44
0.19
4.56
4.83
3.11
1.77
3.1
3.48
3.36
1.59
1.53
2.32
4.36
1.15
4.66
0.78
2.29
4.4
0.91
3.79
4.83
1.88
2.35
1.7
0.19
2.68
1.46
2.41
2.39
2.71
1
0.97
0.85
0.16
3.65
3.68
1.93
4.33
2.08
2.41
4.6
4.77
4.7
3.9
3.57
4.56
1.36
1.94
0.71
2.34
2.3
2.39
0.31
1.4
2.2
1.65
1.1
3.4
3.71
4.93
0.01
0.57
0.33
1.71
1.24
0.39
3.54
1
2.24
3.91
0.71
2.12
3.75
3.89
3.95
3.59
0.56
4.27
1.41
3.5
3.83
1.74
2.55
2.3
2.87
2.7
2.09
3.8
0.83
4.52
2.76
2.51
4.49
1.6
2.78
1.81
2.45
1.44
1.43
2.89
4.96
2.39
0.9
0.8
4.55
4.31
0.49
0.3
2.03
4.19
1.41
1.47
4.81
0.58
1.3
2.03
2.17
2.2
2.23
1.5
3.99
1.07
3.57
4.11
1
1.32
0.8
4.92
2.47
4.42
2.45
0.36
1.99
3.3
0.74
4.25
1.76
1.7
3.46
4.91
0.39
0.99
2.26
4.54
3.73
3.36
0.68
3.34
2.76
4.92
2.06
2.09
3.62
4.45
2.02
1.59
4.9
0.32
3.54
4.16
2.47
0.21
2.99
0.82
3.44
2.02
2.93
2.63
0.68
3.7
0.89
0.42
0.44
4.57
1.15
3.78
3.83
3.47
3.95
1.22
2.54
2.69
3.47
4.17
0.02
2.88
2.92
1.82
3.32
0.26
1.2
0.02
2.29
0.08
4.29
0.12
4.76
1.84
3.77
4.96
3.03
0.18
4.28
2.72
4.55
0.85
3.38
4.32
0.88
3.37
1.03
1.76
2.89
1.85
2.83
2.6
1.26
2.59
0.58
1.38
0.56
1.78
3.46
0.66
1.95
2.84
0.86
2.85
1.94
4.45
1.98
2.34
3.63
3.38
3.92
0.49
1.55
1.99
2.58
2.12
0.64
1.5
2.14
2.59
1.84
3.13
1.9
2.88
4.4
0.36
3.02
3.89
1.66
4.2
1.91
4.2
3.92
3.8
0.08
2.89
3.35
3.17
4.87
2.74
0.78
1.49
4.02
0.14
0.81
2.1
3.36
0.07
0.5
1.03
0.64
3.26
4.12
0.52
1.02
0.38
3.82
4.01
4.4
4.45
3.77
0.62
3.08
2.5
3.39
3.51
0.59
4.62
4.24
4.07
1.98
3.91
1.63
2.74
3.93
1.94
4.8
2.43
3.7
2.14
0.2
0.07
4.96
0.25
3.21
1.52
2.12
3.37
2.56
3.26
3.64
1.33
3.53
0.08
0.45
1.41
4.5
3.11
2.04
2.66
2.08
0.44
2.3
1.58
0.12
0.74
1.6
1.08
0.53
2.24
0.12
2.27
3.29
0.99
3.65
1.65
3.58
2.68
3.34
4.55
2.84
0.61
2.52
1.81
3.6
4.54
4.28
2.96
2.43
4.29
0.08
1.04
1.62
2.03
4.64
3.84
2.71
1.82
2.58
2.09
1.53
4.93
2.77
4.84
1.17
2.08
4.73
2.04
1.72
2.2
0.05
4.23
2.78
0.23
4.94
1.24
3.99
4.88
3.39
0.3
4.57
0.99
3.29
1.42
0.72
2.58
3.71
4.78
3.83
4.52
0.9
4.9
2.53
1.62
2.93
4.43
0.4
4.29
3.15
3.64
1.98
1.41
0.81
2.87
4.4
2.53
0.72
2.13
1.93
1.72
4.56
1.49
4.16
2.13
2.48
0.7
4.04
4.8
0.46
3.91
1.64
0.67
0.63
1.01
0.6
1.32
4.82
4.61
1.34
2.31
0.63
4.31
1.27
1.28
3.43
0.25
3.52
0.84
1.9
0.56
1.99
0.42
4.65
4.03
3.81
2.94
2.48
3.07
4.21
4.94
0.17
0.89
3.96
2.56
3.52
2.7
2.36
0.48
4.32
3.63
1.22
4.78
0.05
0.47
3.76
4.37
2.28
0.21
0.4
1.13
2.79
5
3.01
3.16
4.41
1.08
2.8
3.28
3.44
0.21
2.5
1.59
4.35
2.74
3.34
2.1
1.91
2.33
4.18
1.7
1.88
4.09
4.58
1.64
4.43
3.92
4.84
1.69
4.33
3.02
4.2
0.07
3.74
2.71
1.63
1.46
0.6
1.33
1.34
1.27
1.49
4.86
1.92
2.03
3.15
2.86
3.12
3.6
1.08
2.08
4.35
1.93
3.2
3.03
1.68
2.18
0.4
0.91
2.89
3.05
2.65
0.28
2.87
2.4
0.14
4.15
3.36
4.22
4.79
2.38
3.92
3.49
4
3.65
3.69
3.84
2.6
4.36
4.55
1.04
1.22
2.91
4.58
4.84
0.17
3.37
3.57
0.17
2.83
1.25
0.67
4.06
3.31
3.81
4.31
4.72
4.42
3.11
3.07
0.17
0.32
3.66
3.33
2.78
0.49
1.95
3.04
0.3
3.6
0.17
4.01
2.25
3.3
2.35
1.16
3.96
3.06
4.09
4.77
4.23
4.24
4.29
2.89
3.79
2.06
3.41
1.56
1.17
0.64
3.3
1.1
0.27
0.22
2.34
0.78
0.68
2.16
0.24
2.3
2.14
3.11
4.25
2.23
3.06
4.95
0.33
1.71
3.26
4.69
3.02
3.31
3.26
1.61
4.77
3.44
0.38
1.66
1.7
1.35
2.95
1.64
1.01
3.94
4.06
2.29
4.9
3.23
0.03
2.26
2.36
3.26
1.83
1.92
3.1
1.81
3.43
4.77
0.16
0.77
1.79
1.24
3.88
2.7
1.27
1.91
4.84
2.66
4.65
4.3
2.14
1.32
1.77
0.12
0.99
1.15
2.09
3.03
3.3
4.11
3.34
4.78
4.29
2.19
2.33
0.86
2.97
0.68
1.7
2.47
3.46
1.12
3.02
3.33
4.44
2.15
0.36
1.67
0.25
1.16
3.35
3.71
0.69
1.67
0.55
1.28
1.63
3.4
2.03
1.61
1.62
1.51
4.24
4.02
2.78
3.94
3.41
3.8
0.22
4.18
0.72
0.63
2.41
2.88
3.27
3.58
0.09
1.23
3.11
3.88
0.37
4.78
3.39
1.39
0.02
3.27
4.67
4.64
2.53
0.33
0.07
3.48
3.03
4.45
0.18
0.19
1.22
3.23
1.59
3.29
4.67
1.92
4.51
4.66
2.97
1.87
2.88
4.15
4.02
1.15
1.42
4.76
0.67
3.28
0.89
0.38
4.52
3.13
0.21
2.3
4.63
4.06
1.11
4.85
0.6
4.35
0.42
2.59
1.12
3.14
4.79
1.78
3.88
3.63
1.06
0.91
0.68
3.01
4.6
0.42
0.08
4.66
4.57
2.29
2.11
3.12
3.98
2.55
4.49
3.42
1.9
0.62
4.15
1.53
2.86
3.86
3.52
3.26
4.53
0.84
0.81
0.22
0.73
0.01
0.96
4.74
0.81
2.76
3.28
0.36
3.09
3.67
2.05
0.71
0.6
0.1
4.48
2.08
2.42
1.65
4.89
0.78
2.99
0.01
1.49
0.5
1.73
4.5
0.9
4.75
3.15
0.38
1.07
3.74
0.6
3.62
3.16
0.41
2.74
3.62
4.98
3.99
4.58
4.04
4.61
1.9
1.87
4.16
4.34
3.14
0.9
1.04
3.27
4.48
0.57
4.09
4.61
4.03
2.18
4.87
1.48
1.94
4.34
0.75
0.68
1.19
0.1
2.6
1.87
4.37
0.26
0.81
4.18
1.07
1.66
3.21
2.06
4.05
0.93
0.53
2.94
3.14
0.6
2.57
3.07
4.22
1.13
0.7
0.98
0.82
2.28
0.12
3.75
4.64
2.77
3.82
1.88
0.25
3.95
4.16
4.06
3.82
2.38
3.31
2.33
2.98
2.35
0.21
1.86
4.58
1.5
3.44
0.06
1.45
1.79
4.01
3.4
0.37
1.63
0.28
1.34
4.02
2.24
2.33
2.51
3.3
1.58
2.85
4.35
3.63
1.22
4.37
3.97
1.55
3.26
2.71
1.32
4.95
0.01
2.64
1.69
4.88
0.29
4.75
3.74
1.42
1.44
0.44
2.74
0.86
4.43
3.85
1.05
2.26
3.86
4.9
1.33
0.68
1.14
2.43
2.76
0.65
4.96
4.14
4.34
0.92
3.33
0.26
4.08
4.61
4.82
3.85
3.6
4.05
1.76
2.1
0.15
2.68
3.28
3.22
4.19
4.63
0.74
3.08
1.41
2.04
4.03
0.17
3.77
0.81
4.77
0.15
0.85
2.7
0.28
0.45
3.48
3.33
2.19
4.39
1.9
3.57
3.02
0.57
5
1.16
1.43
0.5
4.45
4.35
4.19
2.77
0.36
2.74
0.01
4.92
0.48
3.54
1.74
0.27
2.93
2.51
4.87
0.47
2.56
4.22
0.53
0.64
2.88
2
1.32
1.92
0.09
3.69
4.83
0.92
2.85
1.11
4.4
0.27
4.14
2.04
3.42
3.49
0.47
2.42
3.97
0.61
1.57
2.2
1.1
1.27
4.83
4.57
2.33
3.81
3.53
3.94
1.85
4.35
0.68
2.63
2.34
1.63
4.98
4.73
0.79
4.44
3.33
2.18
3
2.63
0.8
0.58
1.09
3.43
4.43
2.3
3.24
1.55
2.49
2.98
2.33
0.63
0.95
0.49
1.53
0.03
1.51
2.35
3.19
4.24
4.09
0.05
2.74
3.67
4.19
3.53
2.79
1.79
0.27
2.7
1.91
1.39
0.46
0.11
4.1
3.62
3.97
4.93
2.89
3.79
4.84
4.63
2.5
1.64
0.12
0.87
2.08
4.59
3.12
4.76
1.45
0.03
3.75
1.03
0.28
2.84
3.1
2.6
2.72
4.17
0.69
4.19
2.18
2.96
4.72
1.35
4.28
3.21
2.1
4.38
0.53
1.06
3.33
3.2
4.85
4.89
1.24
3.14
2.57
0.38
2.01
1.03
4.29
2.8
2.98
2.92
0.61
4.35
1.79
2.26
0.1
4.3
4.22
3.38
1.17
3.41
3.14
3.47
2.97
4.13
0.24
2.32
3.02
2.5
4.77
0.16
3.88
3.31
2.18
3.76
1.08
0.04
3.36
4.65
4.54
1.83
4.94
0.61
4.55
0.5
1.89
0.29
2.58
3.49
1.11
2.03
3.13
0.03
3.53
0.81
1.94
3.84
