3.56
4.35
3.22
0.41
3.07
3.56
4.02
2.11
1.43
1.92
0.24
4.59
0.97
1.2
1.63
4.85
4.62
4.86
3.2
4.14
0.66
2.92
2.05
0.76
0.73
3.75
3.53
3.3
0.57
4.65
4.22
4.13
3.22
0.73
0.72
2.55
2.74
0.79
4.37
0.6
4.83
2.37
4.51
1.33
3.79
2.24
0.12
1.93
4.67
4.83
0.44
0.62
0.65
2.5
3.66
3.55
1.39
3.19
2.6
1.12
3.41
0.79
4.84
3.63
1.62
2.21
1.43
3.56
0.13
1.54
4.35
1.59
2.36
1.63
1.84
3.55
4.1
1.1
3.24
1.98
4.48
1.56
0.4
0.07
0.85
0.47
2.88
3.69
2.79
4.15
0.8
2.02
4.5
4.49
0.83
3.03
1.39
2.07
1.41
4.09
4.45
1.78
3.52
1.87
4.56
3.05
4.6
4.31
2.7
3.94
3.75
0.54
4.77
0.39
4.5
2.09
3.9
4.87
4.36
2.06
1.76
0.52
4.67
0.74
0.68
0.86
0.72
4.58
1.29
4.94
4.71
3.79
2.6
2.51
4.87
0.1
4.03
2.54
1.51
4.76
0.62
0.29
0.4
2.95
0.5
2.1
4.06
1.55
3.03
3.46
4.12
2.3
2.95
3.9
1.13
3.91
0.33
0.56
4.31
3.69
0.85
3.86
1.88
4.76
4.3
3.81
1.71
1.54
3.15
1.54
2.24
3.04
2.45
3.17
2.5
3.34
2.84
1.74
3.76
3.78
0.08
1.07
3.75
4.91
2.72
4.6
4.92
2.09
4.96
0.75
2.21
3.05
2.37
1.12
1.92
4.48
3.19
2.23
4.86
0.31
2.99
0.55
4.29
1.76
0.09
2.26
1.29
1.17
0.74
3.96
1.56
4.15
4.51
1.43
3.9
3.44
4.64
4.33
2.2
5
4.29
2.06
2.3
2.73
4.03
0.71
3.54
0.89
2.31
4.03
0.06
4.08
1.23
5
3.23
2.25
2
1.17
2.5
4.18
4.46
3.54
4.8
2.88
2.22
4.38
1.94
4.45
3.73
4.11
4.44
3.25
4.1
2.04
2.93
1.7
2.82
0.88
2.91
0.95
4.77
4.18
4.27
0.01
4.82
2.74
2.91
4.42
1.61
1.84
3.52
2.78
2
3.89
0.71
3.29
2.29
3.94
1.83
3.16
3.83
2.3
1.33
2.86
1.79
1.88
1.42
4.73
4.49
0.69
2.61
1.86
1.37
2.58
1.17
0.87
3.24
3.1
0.65
3.87
2.02
2.88
3.43
0.88
2.68
1.11
1.65
1.85
5
1.6
1.64
2.85
3.04
2.65
4.85
2.83
2.24
1.56
1.65
2.46
1.2
4.89
2.94
4.03
3.94
3.29
0.08
0.38
2.05
4.2
1.07
0.33
3.4
0.99
1.3
4.95
3.93
0.09
2.73
0.1
2.88
2.91
3.24
4.17
3.88
2.12
4.38
4.3
2.04
3.3
3.93
3.79
0.26
0.31
4.05
2.57
3.98
0.59
1.17
0.87
2.3
2.76
2.83
4.47
1.26
0.18
1.26
2.02
2.62
4.3
0.43
1.96
0.6
3.17
3
0.15
4.86
3.12
1.73
3.45
1.32
4.34
1.33
1.58
4.51
4.08
0.16
0.99
3.48
4.47
2.02
1.65
0.18
2.45
2.14
2.52
0.23
2.69
2.68
2.09
0.69
1.76
1.8
1.15
0.83
0.05
0.43
4.49
1.41
3.42
4.57
4.72
2.35
2.29
0.9
4.79
3.25
0.57
4.78
4.25
3.18
3.25
3.21
1.1
3.39
3.21
4.36
4.89
3.41
1.6
0.62
1.46
0.8
1.39
2.41
0.03
2.25
3.01
3.41
3.5
3.89
1.28
0.52
4.84
1.99
4.95
2.07
3.1
1.7
3.23
0.28
3.42
3.43
0.15
0.74
3.94
0.35
3.66
4.46
1.24
2.05
1.17
3.88
1.31
4.95
1.75
2.6
2.29
1.52
4.76
4.31
2.35
3.98
3.54
4.36
0.76
1.92
2.22
3.07
0.89
1.4
4.42
0.84
1.7
0.06
2.76
2.58
0.91
1.07
4.09
1.36
3.06
1.69
0.15
2.47
4.89
2.68
3.17
0.89
4.39
2.88
0.12
2.46
2.11
2.37
4.69
0.29
0.58
2.83
4.29
2.47
1.69
2.36
2.37
3.6
2.94
4.18
2.41
3.26
2.59
4.45
2.7
0.26
4.19
3.8
0.54
4.32
0.45
4.82
4.37
3.06
1.5
0.04
4.79
4.62
3.24
0.14
1.66
0.95
4.67
4.54
0.74
1.45
1.83
0.82
4.51
2.95
2.47
3.31
2.79
1.21
0.38
3.18
0.91
0.02
1.49
4.2
4.43
2.03
0.9
2.57
4.8
0.23
1.18
4.4
1.85
4.74
1.45
0.46
4.19
2.87
3.2
1.13
1.58
1.97
3.67
3.98
2.04
3.96
1.43
4.85
2.62
4.68
0.74
0.8
2.04
4.04
1.3
3.9
1.83
0.47
0.47
0.98
4.02
2.73
1.01
1.34
3.75
2.59
1.78
0.73
2.87
4.2
1.82
2
0.64
3.66
4.78
3.52
4.49
1.2
3.21
0.54
1.96
3.59
1.84
4.33
0.68
2.21
3.8
3.23
0.49
2.55
3.28
4.1
3.31
4.14
3.36
4.77
2.21
4
4.81
4.25
2.81
3.23
3.8
4.27
2.38
4.49
4.88
0.87
3.39
4.07
0.84
3.21
1.88
4.83
1.55
3.61
0.6
2.1
4.66
4.15
1.88
0.64
0.29
0.46
2
3.07
4.66
0.86
2.31
1.58
3.89
4.08
1.47
2.95
0.38
3.72
1.73
3.09
3.8
0.81
3.83
0.16
0.07
2.12
2.94
0.51
4.11
1.41
2.75
2.35
3.21
0.1
1.19
2.25
3.36
4.79
0.74
3.31
1.53
4.79
0.6
3.87
0.88
2.4
3.87
4.88
1.96
1.12
0.71
4.12
1.55
2.68
0.61
0.58
0.43
2.11
4.09
2.01
0.19
1.52
1.86
4.54
3.78
1.81
3.35
4.53
4.64
1.32
4.74
1.76
1.14
3.11
4.74
0.26
3.23
2.03
1.64
1.64
4.47
0.12
0.43
2.31
0.66
2.36
3.2
2.48
0.85
4.96
0.41
0.85
2.27
4.17
4.71
4.73
1.82
0.49
2.7
1.19
1.25
0.05
3.99
3.78
4.88
4.82
4.87
4.81
4.39
0.29
3.95
0.58
3.13
3.35
4.62
3.66
2.95
0.34
4.37
0.38
2.06
0.51
0.16
1.16
3.01
2.53
0.64
2.61
1.05
2.08
0.31
3.04
4.53
2.38
0.31
2.63
2.27
3.53
0.43
0.96
2.27
3.2
4.34
0.93
0.46
1.99
2.02
3.31
1.94
3.92
4.91
4.23
2.34
2.7
3.12
4.48
3.76
3.47
0.75
0.23
3.71
4.18
0.23
4.93
4.02
0.89
3.02
0.61
2.15
4.15
1.75
4.94
1.78
1.31
1.99
3.74
2.08
4.22
2.97
3.3
4.75
4.43
3.89
4.46
2.86
1.49
4.4
1.04
3.94
3.26
3.63
2.94
0.87
1.16
3.36
3.8
1.43
1.74
1.48
0.17
0.45
2.43
1.38
3.06
4.25
1.64
3.6
2.08
3.75
4.56
2.41
3.99
3.62
1.37
2.37
2.62
0.74
3.49
1.93
4.53
1.65
0.61
1.17
0.47
2.53
1.63
3.75
3.76
1.15
0.73
4.05
3.93
4.84
0.92
4.34
4.43
0.99
0.49
3.03
3.89
4.69
1.11
2.47
4.42
4.63
4.85
3.3
3.08
1.5
4.08
0.55
3.4
1.09
1.46
4.51
4.8
2.94
1.99
1.11
1.42
1.82
3.31
0.08
4.17
4.47
3.89
1.91
3.33
0.37
4
0.5
3.03
4.75
1.9
0.62
0.38
0.36
1.26
0.34
3.66
2.38
0.71
1.84
1.05
0.28
4.15
0.21
0.72
2.63
0.72
4.93
0.17
1.05
4.87
3.07
4.8
1.9
4
4.03
4.46
2.4
4.59
1.09
0.06
4.95
4.96
2.73
1.83
1.83
4.97
1.17
3.49
0.24
2.19
4.41
4.33
2.66
4.19
3.91
1.04
1.68
3.42
3.69
2.52
0.28
2.22
2.12
4.4
3.26
4.57
1.67
3.38
3.02
0.05
0.17
0.08
4.29
3.89
4.43
4.03
0.81
1.7
2.05
0.31
0.02
2.76
1.44
0.22
2.3
1.23
0.94
4.46
2.18
0.85
3.79
0.19
3.29
2.99
1.31
4.9
1.99
1.92
3.2
3.86
4.03
4.82
4.85
0.98
4.21
0.23
3.38
0.27
4.64
0.48
2.77
2.88
4.14
2.18
3.17
0.98
2.32
1.48
0.06
0.23
1.45
0.73
1.45
1.39
4.65
1.54
2.91
2.59
3.59
0.92
1.92
1.24
4.68
2.96
2.67
1.14
2.34
3.08
0.38
3.4
4.14
2.43
3.6
1.56
2.84
2.62
3.05
3.46
0.31
1.35
4.26
4.07
3.61
0.2
1.45
1.42
3.05
4.06
3.88
3.33
1.1
0.35
0.04
3.04
3.31
1.71
4.6
1.29
0.27
3.48
2.35
2.46
4.2
3.7
3.78
4.47
3.33
0.86
4.38
4.49
4.3
4.14
1.22
3.69
3.84
0.86
4.5
1.48
4.19
3.76
4.39
2.5
3.76
3.7
1.02
3.29
1.15
0.37
1.39
1.29
0.43
0.63
1.49
4.11
3.93
3.46
2
2.17
1.31
4.68
1.4
4.28
1.67
4.08
3.32
0.54
3.46
2.18
3.63
0.72
0.31
2.55
4.38
3.22
4.69
4.64
1.87
4.14
0.8
1.37
3.22
0.2
1.54
1.63
4.56
1.35
3.5
0.95
0.81
2.35
2.17
0.37
0.39
0.95
4.55
2.11
2.13
3.59
4.92
3.5
1.69
4.51
3.55
0.74
2.96
2.34
4.69
1.82
2.73
1.5
3.68
2.59
1.94
0.99
4.47
2.72
0.48
4.78
0.73
0.48
0.02
4.46
1.75
1.63
4.14
4.72
3.3
4.5
3.62
2.18
2.86
0.11
0.08
1.96
4.68
4.1
0.74
4.13
3.77
3.93
0.71
1.92
1.3
3.69
0.51
1.46
0.65
4.5
2.7
2.19
4.2
2.26
0.55
0.63
0.95
2.52
3.24
1.81
4.62
4.43
4.6
2.47
2.54
3.73
2.09
1.37
2.92
4.23
4.56
4.75
1.92
1.05
2.36
1.51
1.48
0.52
3.83
1.35
4.63
3.47
1.33
4.94
0.84
3.25
2.18
2.23
4.52
0.73
0.32
2.18
2.71
3.18
0.03
4.28
0.4
4.2
3.13
0.02
3.1
4.67
3.18
2.65
3.08
3.09
3.8
3.51
4.3
2.46
3.77
0.29
0.43
2.52
2.9
4.91
1.92
0.2
0.49
2.46
3.99
1.27
3.07
1.96
4.76
4.32
1.74
2.38
0.86
3.63
0.14
4.9
1.98
1.81
0.36
4.5
4.85
2.19
0.32
0.3
0.97
3.58
0.94
4.17
3.36
0.16
2.61
2.22
4.66
0.94
2.21
2.17
2.99
3.9
0.5
0.44
2.22
1.95
4.46
3.71
4.05
1.66
0.52
1.16
0.88
1.87
4.39
3.8
1.33
2.68
0.88
4.85
1.88
0.56
0.91
0.42
1.33
2.3
2.17
1.97
2.55
0.52
0.28
3.97
4.86
4.46
2.52
4.93
2.05
2.14
0.72
3.89
2.64
1.42
1.11
1.99
2.62
1.82
4.91
4.82
0.55
2.75
3.27
0.51
4.93
2.39
2.05
2.83
3.71
3.01
4.89
1.93
3.54
3.79
0.83
0.11
3.82
2.79
4.59
0.62
1.47
1.33
4.7
4.19
2.1
3.89
2.34
0.18
0.27
0.89
3.29
4.92
4.66
1.63
0.23
1.69
0.55
3.97
1.49
3.22
2.1
3.71
3.6
1.92
0.29
0.5
1.97
4.05
1.85
3.3
3.66
1.72
1.73
1.2
0.62
3.67
3.31
1.94
2.74
0.97
4.63
4.93
4.34
5
2.93
1.83
4.27
1.74
3.15
4.69
3.56
0.97
2.67
4.66
0.45
1.94
1.86
3.23
1.94
1.65
4.19
2.04
1.51
0.58
4.12
4.46
2.96
1.81
1.18
0.7
4.96
0.35
3.73
0.89
2.84
2.65
0.55
2.93
2
0.09
1.1
2.67
1.66
0.45
3.48
1.78
1.87
1.92
4.88
2.35
0.58
4.5
0.92
2.03
3.85
1.15
4.92
2.82
2.31
0.39
3.84
1.47
0.51
3.51
4.29
4.37
2.58
4.43
0.24
0.59
2.87
4.77
0.41
2.3
3.69
4.7
4.55
3.04
2.03
1.13
3.77
1.63
1.35
0.77
4.07
0.41
2.63
3.92
3.52
0.73
2.71
2.92
4.29
1.64
3.71
2.3
1.53
1.98
0.45
1.52
2.57
2.9
1.68
0.7
2.09
4.4
0.11
0.19
2.15
2.58
2.1
1.06
1.95
1.68
2.24
3.53
0.32
3.78
1.68
1.73
1.31
4.3
1.64
4.95
2.46
0.12
2.11
4.05
3.81
3.18
0.93
0.16
0.47
4.44
3.71
0.26
2.42
2.73
2.52
3.9
1.73
3.98
4.15
4.58
2.53
4.1
0.03
0.83
4.48
1.41
3.01
0.76
1.63
0.76
0.5
4.8
0.83
3.22
0.31
0.13
4.13
3.43
2.16
2.16
3.51
4.1
3.46
1.87
0.63
3.36
2.37
1.25
2.87
1.28
3.62
0.45
0.21
2.47
4.31
4.49
3.39
1.86
0.67
4.66
2.5
2.88
4.96
0.22
1.85
2.66
2.22
4.14
2.35
3.01
2.27
4.53
2.82
2.5
3.63
2.38
1.55
3.35
3.42
4.43
2.66
0.68
1.67
0.63
3.4
1.65
1.6
0.76
3.69
3.45
0.36
2.26
1.61
4.79
0.55
0.52
3.17
0.79
2.84
4.4
2.01
3.85
3.97
1.77
0.28
5
2.27
1.95
4.52
3.14
1.17
3.97
2.9
2.64
1.42
1.48
4.25
3.62
4.68
3.79
4.18
2.99
0.6
4.15
4.41
2.6
3.71
3.07
4.6
2.41
0.42
2.64
0.15
1.18
4.87
2.49
0.79
1.07
4.33
0.7
1.09
1.56
1.11
2.42
0.39
0.9
4.07
1.07
4.24
3.09
3.71
3.48
4.67
3.69
0.15
4.48
1.19
2.12
2.2
4.48
0.87
2.32
0.69
4.73
1.82
0.05
2.65
1.05
0.06
4.19
4.41
3.67
4.35
4.79
2.45
1.64
4.58
1.77
0.61
4.24
4.85
3.62
4.77
2.37
4.38
1.73
3.27
3.75
1.73
3.62
3.31
4.74
0.97
0.65
1.4
0.51
4.09
4.36
1.04
2.79
3.35
1.16
3.6
4.64
0.9
2.21
3.75
1.33
0.46
3.87
4.75
4.77
4.49
4.28
0.13
2.47
3.92
4.25
3.75
0.25
1.04
1.03
1.18
3.33
3.7
1.46
2.22
3.3
4.63
3.05
1.4
1.41
4.46
4.94
1.04
3.74
0.31
2.22
4.54
0.67
2.06
4.28
2.28
4.73
1.97
1.36
3.06
3.61
2.26
2.05
0.37
3.78
2.44
4.15
2.94
3.96
0.61
0.51
0.36
1.02
2.57
2.86
1.89
3.04
1.84
0.67
3.99
2.62
4.32
4.26
2.29
2.35
3.8
3.04
2.99
0.41
1.49
4.69
1.62
2.39
3.5
3.95
2.07
3.58
2.91
0.09
1.69
3.39
1.59
0.22
3.63
2.81
4.38
0.61
3.51
2.82
1.85
2.87
0.61
3.71
3.03
2.87
0.88
4.43
3.18
1.04
3.92
0.42
1.14
0.43
3.42
0.56
3.47
2.42
1.15
3.51
2.94
2.49
3.06
2.43
2.84
2.08
3.02
2.78
1.52
3.45
0.41
2.48
0.84
2.26
2.13
2.32
4.91
1.45
0.05
0.17
1.45
4.64
4.43
1.81
0.32
3.43
4.69
0.76
1.36
4.29
1.74
1.62
2.8
4.37
4.04
3.02
1.62
4.75
3.69
0.68
0.61
1.37
1.62
4.61
2.56
1.32
4.77
4.66
1.44
0.38
2.44
0.85
4.15
3.93
2.27
1
4.8
0.38
1.77
2.67
1.24
3.45
1.73
2.57
4.16
4.05
4.53
3.83
4.1
3.24
0.67
1.73
2.01
4.51
0.39
0.94
0.28
1.87
2.48
2.13
1.4
4.38
3.59
2.86
1.95
4.45
4.83
4.59
2.95
3.22
0.71
3.7
0.29
0.24
2.74
2.92
4.04
4.1
0.3
1.59
4.45
0.9
1.4
4.41
2.58
3.71
3.08
4.24
3.71
2.2
1.91
5
2.07
4.34
0.75
1.83
4.84
3.46
3.59
3.4
1.65
1.09
4.33
3.39
3.13
4.76
0.98
4.09
0.15
4.91
1.19
3.67
0.92
3.33
2.93
0.03
1.78
0.9
2.75
1.1
3.07
0.66
3.94
4.58
0.65
3.22
2
3.32
1.25
4.58
0.86
2.41
4.03
0.72
2.45
4.8
3.14
0.67
0.69
1.24
3.42
1.07
1.18
4.86
2.01
0.67
4.71
4.01
4.49
4.58
4.06
1.68
1.92
1.12
1.65
0.42
2.33
4.54
2.46
3.56
1.52
0.04
0.4
0.75
4.38
1.37
0.94
0.16
0.3
2.67
1.44
0.02
1.48
2.72
1.87
0.85
4.62
2.64
2.93
4.77
0.1
2.92
0.39
1.82
0.9
2.39
2.29
4.74
4.59
3
0.02
4.96
1.88
2.08
1.85
4.57
0.58
4.19
2.91
4.96
2.88
3.96
0.41
0.13
1.09
3.67
2.21
2.72
3.92
2.55
2.61
4.28
3.69
2.64
0.11
2.94
4.7
3.4
1.99
4.83
3.52
0.43
4.81
1.12
0.47
1.34
0.09
4.95
4.13
1.96
1.57
2.67
0.75
2.37
4.8
4.4
0.57
4.27
3.12
1.67
2.89
1.18
2.67
2.04
0.76
0.29
2.34
2.55
3.7
3.81
2.07
2
2.73
0.74
2.03
1.81
2.91
4.79
1.95
0.14
1.79
2.38
0.92
2.14
4.5
1.37
4.21
4.54
2.36
3.41
3.06
3.86
0.64
3.55
1.39
0.31
3.19
0.37
0.67
1.17
4.14
3.69
3.52
1.95
1.53
3.59
1.44
2.35
3.36
4.81
0.07
4.67
1.83
0.05
0.15
4.88
0.43
0.83
4.71
4.62
0.99
1.02
1.82
1.04
4.5
3.6
0.86
2.42
3.47
2.35
0.93
2.56
4.48
0.62
4.36
4.63
3.13
1.51
0.61
2.79
5
0.59
1.49
0.42
0.9
2.82
1.31
3.62
0.1
0.03
0.44
1.44
2.15
1.62
0.31
3.11
2.84
2.04
0.54
3.09
0.37
0.42
0.33
3.47
2.82
0.65
4.96
0.45
1.41
4.9
1.2
3.66
0.67
3.09
4.48
1.01
3.04
2.77
1.4
1.31
0.53
4.03
4.53
1.59
3.3
4.2
2.94
3.83
3.61
2.79
4.63
1.89
2
4.43
0.83
4.88
2.61
3.73
4.56
0.35
1.5
2.89
3.27
0.95
3.76
0.42
3.58
1.23
1.94
0.39
4.44
0.6
2.46
2.34
1.25
1.27
1.06
1.33
2.18
2.41
4.69
3.22
2.16
1.37
4.15
3.95
3.09
4.46
0.47
4.87
4.8
0.6
4.33
3.65
3.83
1.88
3.82
4.03
3.61
4.19
2.38
1.85
4.77
4.92
4.71
2.66
3.98
0.69
1.56
2.02
1.39
1.5
3.61
1.56
3.64
3.04
3.36
4.68
2.74
2.91
2.62
0.45
3.58
2.48
0.13
2.23
4.04
4.67
3.4
3.01
0.3
0.28
0.66
4.15
1.49
4.44
4.01
1.46
4.13
2.61
0.82
3.98
4.44
2.7
4.11
2.39
3.93
2.78
1.49
1.52
3.71
4.43
0.93
3.36
4.12
4.32
3.08
2.99
1.15
0.95
3.52
0.54
3.94
4.39
4.6
3.83
4.83
0.34
2.1
0.27
3.14
0.05
4.3
2.33
1.6
1.71
2.69
0.39
4.61
4.06
3.95
0.65
3.29
4.18
0.33
3.34
2.59
1.05
4.9
3.66
0.41
0.37
0.96
1.25
0.39
3.34
2.49
1.32
3.87
4.76
3.46
0.96
2.36
2.24
3.57
4.62
2.89
0.41
2.99
0.69
4.38
1.72
1.18
0.72
3.82
1.85
1.51
1.39
4.48
1.07
4.17
3.57
4.84
0.94
1.77
2.79
4.97
2.05
2.17
4
3.67
0.65
0.12
4.54
4.76
3
4.91
4.35
4.36
4.92
2.34
0.53
4.46
3.53
3.39
3.78
3
1.53
4.43
4.52
4.76
1.11
2.31
2.92
4
1.36
0.82
2.17
0.7
1.39
2.59
1.49
4.83
3.82
1.64
3.8
1.63
4.35
0.27
1.48
0.12
3.62
2.77
0.6
0.6
2.71
4.62
1.31
1.8
4.96
0.68
1.69
2.49
2.79
1.94
3.43
4.8
3.46
0.06
1.9
4.63
4.22
2.35
1.47
4.51
2.74
0.12
