1.71
4.54
0.05
2.04
2.13
4.89
1.9
2.46
3.32
4.56
4.24
2.32
2.49
4.41
3.85
0.68
4.54
4.12
2.2
3.61
0.71
0.1
4.96
2.21
1.98
2.41
3.19
2.86
1.13
1.95
3.6
3.96
4.24
3.38
3.4
1
2.45
2.77
3.79
2.54
3.08
2.58
4.08
1.31
4.82
4.67
4.34
2.36
1.36
2.59
4.44
0.1
2.83
4.47
4.51
2.09
1.49
0.91
4.37
0.98
1.35
0.66
3.27
0.51
4.32
4.16
1.93
4.94
2.39
4.85
0.53
2.17
0.51
2.68
2.28
1.67
1.63
4.84
1.95
2.54
1.67
3.57
4.37
1.95
2.19
3.92
2.81
0.93
1.13
0.82
0.19
2.3
4.46
4.11
1.31
1.07
1.03
3.44
0.94
4.16
2.14
4.97
0.67
1.38
4.5
0.62
4.86
4.6
0.41
4.49
1.03
3.19
2.41
2.02
1.67
2.44
3.54
1.55
1.31
0.8
4.02
2.36
3.01
0.76
3.95
2.63
0.23
3.18
3.01
4.82
5
3.23
4.13
4.98
0.88
1.59
3.53
0.49
1.07
3.53
1.74
3.31
2.05
1.21
1.39
3.77
4.86
0.74
0.79
0.91
3.75
0.37
1.08
4.32
2.91
1.67
4.77
2.78
3.84
4.02
4.48
3.2
1.77
2.99
3.02
3.07
2.59
4.99
3.25
1.94
4.07
4.2
0.08
2.47
1.82
0.6
2.25
2.34
4.7
3.86
0.5
3.43
2.33
1.5
1.04
3.63
2.75
4.24
4.31
2.55
1.85
3.99
1.47
2.74
0.49
2.81
4.08
0.72
4.24
3.84
0.44
0.88
3.37
1.56
1.24
3.29
0.02
2.96
1.85
0.25
0.52
4.3
2.17
4.85
0.95
0.46
1.64
3.93
1.84
4.27
2.35
2.26
2.42
3.88
0.04
4.76
4.23
4.35
3.21
2.58
0.45
4.78
2.53
3.58
3.17
2.73
4.91
0.27
3.4
2.13
2.45
2.42
1.72
2.26
0.82
1.16
0.65
4.68
4.41
0.12
4.7
3.48
3.43
1.45
0.94
5
4.55
0.44
4.75
0.43
0.09
2
2.01
4.98
2.02
0.39
0.45
2.45
2.32
0.97
2.92
4.65
1.25
2.53
3.09
4.48
2.93
3.21
1.42
4.87
0.05
0.06
4.64
4.86
3.15
0.39
0.19
3.79
1.02
3.91
4.64
4.89
2.64
4.67
0.78
1.25
2.63
1.69
0.46
0.5
4.89
3.19
2.39
4.91
0.08
0.25
4.16
4.5
1.83
2.41
0.51
3.39
4.3
2.4
4.61
1.98
3.4
0.66
4.71
2.21
2.45
3.01
3.56
3.81
4.57
4.73
4.94
3.63
1.09
2.29
4.85
1.73
4.31
4.67
4.93
2.77
2.61
0.59
3.25
0.02
4.21
3.52
4.75
1.03
3.47
4.98
3.57
0.17
0.91
2.93
0.59
3.68
3.53
4.16
3.02
1
3.14
0.1
0.98
1.19
4.81
0.09
0.53
3.26
0.5
2.58
1.61
1.48
4.33
1.39
2.27
0.98
2.43
1.27
4.3
4.32
3.15
3.96
2.28
2.86
1.43
4.65
1.35
1.83
1.65
4.96
4.06
4.84
3.72
1.37
2.58
0.89
0.26
1.02
0.27
0.95
4.97
1.47
1.02
3.31
2.31
0.38
0.72
4.16
2.04
0.37
4.43
1.55
4.75
0.28
3.67
2.98
2.47
4.5
0.71
2.82
2.02
2.66
0.53
2.33
3.81
4.03
1.15
0.03
1.02
2.56
0.62
4.64
3.71
1.59
4.3
4.82
0.33
1.66
2.95
2.59
1.42
0.32
2.93
1.77
3.9
4.47
4.5
2.96
1.97
2
3.35
3.02
0.31
2.52
0.51
2.61
0.68
3.82
3.85
3.21
4.72
0.39
0.6
4.07
3.25
4.26
3.73
1.23
0.14
2.93
4.24
3.36
1.89
0.45
2.44
4.03
1.61
2.74
2.01
0.44
1.85
1.68
2.59
2.15
0.01
3.61
4.57
2.36
0.35
1.76
2.71
2.22
0.02
4.65
3.8
4.93
4.9
2.6
0.82
3.99
1.41
4.03
2.16
3.32
0.46
2.46
4.94
2.57
0.33
0.23
3.72
3.26
4.13
4.6
3.55
4.75
1.87
1.82
4.2
2.03
0.04
0.25
0.88
0.03
1.31
3.77
2.15
2.46
2.99
4.36
0.74
1.56
1.02
3.18
2.41
4.32
3.95
2.53
1.83
2.17
0.65
3.31
2.93
4.84
4.9
2.25
3.88
2.99
0.13
0.56
2.06
2.53
4.03
3.89
3.29
0.59
1.24
4.17
4.01
0.47
1.2
3.81
4.75
4.15
0.99
1.67
1.99
3.57
1.6
1.07
4.77
2.81
1.2
0.32
3.6
1.9
2.33
2.86
4.55
2.63
2.03
4.12
1.25
0.77
3.81
1.4
0.55
3.15
2.36
2.39
3.21
0.57
4.94
0.84
4.74
4.02
1.14
3.7
1.14
4.74
0.18
0.22
0.76
3.18
3.38
0.07
4.6
1.55
1.7
4.46
2.05
4.97
3.01
4.57
3.53
4.92
0.85
4.11
2.07
2.56
2.95
2.1
3.58
0.88
4.58
4.6
1.49
1.52
2.91
2.32
1.64
1.95
3.61
3.65
2.42
0.54
2.17
0.17
1.76
3.99
3.66
1.5
1.43
3.06
4.76
4.78
0.84
4.79
1.15
3.84
4.81
2.31
4.95
4.4
1.69
1.38
0.25
4.1
4.54
2.72
4.57
4.21
1.76
3.48
3.22
1.07
4.7
2.09
1.6
0.05
1.69
4.16
1.92
0.73
1.74
1.27
1.24
4.43
2.41
3.22
1.91
2.45
3.05
1.13
1.43
4.72
0.77
2.92
2.38
2.42
0.23
2.73
3.15
1.61
1.95
1.99
4.96
0.89
4.49
3.28
3.52
4.34
3.7
3.48
0.23
0.72
2.49
1.65
3.22
0.22
0.39
0.54
1.3
0.17
1.56
3.43
3.93
4.6
0.41
4.68
4.25
2.9
1.81
2.91
3.77
2.66
4.11
0.01
3.7
3.98
4.58
0.88
2.7
4.02
2.82
4.72
4.97
1.95
1.01
1.49
2.65
2.53
0.56
1.59
4.01
4.76
2.02
3.04
2.59
2.06
1.6
1.57
2.83
2.23
4.03
4.16
3.66
0.26
0.9
2.85
4.1
1.42
0.89
1.79
2.02
4.81
4.41
3.02
4.62
3.02
3.04
0.6
1.42
2.26
1.07
2.54
4.39
0.53
0.87
0.6
2.13
1.26
2.68
0.34
2.17
2.27
0.61
3.89
1.52
4.99
0.27
0.43
0.37
4.17
3.6
3.56
3.01
2.8
1.06
3.92
3.11
3.13
0.48
4.53
4.36
0.13
3.83
4.92
2.16
0.46
0.89
2.28
1.93
2.4
2.17
3.41
1.23
4.26
2.08
3.94
2.37
4.81
1.26
1.22
4.36
0.11
1.18
4.43
0.58
0.21
0.47
2.07
4.15
1.48
0.51
0.36
1.92
3.65
0.07
1.59
0.77
1.57
0.95
1.39
1.83
2.2
2.03
1.17
4.73
1.17
4.63
3.17
1.62
4.57
3.21
4.59
0.64
4.34
2.32
0.18
4.09
0.13
1.65
2.71
2.03
0.87
3.02
3.9
4.53
2.37
0.74
1.72
3.43
4.99
1.05
3.5
4.67
4.7
4.12
3.28
3.7
1.87
3.76
0.8
0.88
3.39
4.11
0.41
2.09
4.52
0.11
2.21
1.74
3.56
4.34
3.57
3.56
3.07
1.13
2.31
1.43
2.98
2.25
2.04
4.38
3.87
4.3
1.05
0.33
0.3
1.14
4.87
2.41
3.1
3.97
2.98
2.34
2.23
0.01
4.54
2.2
4.28
4.05
0.77
4.28
3.9
1.48
4.63
3.25
4.3
3.61
0.68
3.66
2.56
0.32
2.79
1.1
1.64
1.94
3.38
1.03
2.82
3.14
3.43
2.11
1.93
0.87
1.06
4.1
3.63
3.91
0.1
4.09
3.87
0.33
4.88
3.59
1.51
3.03
1.35
0.75
0.07
4.22
3.61
0.63
0.75
4.26
4.05
2.02
0.27
2.2
1.41
1.21
0.34
2.84
1.12
3.58
3.13
0.26
1.07
3.7
1.15
1.65
3.88
2.64
2.68
0.6
4.46
4.37
1.36
1.21
3.96
1.56
2.92
0.83
2.17
4.41
0.47
4.06
0.34
3.36
3.48
0.66
2.09
3.84
1.14
4.69
2.8
4.53
0.49
3.62
3.95
3.26
0.62
0.17
1.03
2.71
3.97
3.51
4.31
1.33
0.53
3.74
0.66
2.41
4.94
3.52
4.47
1.72
0.33
3.69
1.45
4.95
1.07
3.51
2.93
3.43
0.94
2.61
4.51
4.67
3.16
0.01
0.72
4.16
2.61
4.74
3.79
2.96
3.9
0.83
2.3
3.71
2.07
4.22
3.98
3.71
3.53
2.42
3.06
2.33
1.18
3.07
2.82
4
2.55
2.36
3.02
0.63
2.66
4.37
4.69
4.45
2.97
4.7
4.26
0.17
2.44
3.62
4.83
0.3
1.25
1
1.36
2.21
4.99
4.76
4.45
3.68
2.54
4.58
0.05
4.47
2.22
0.76
3.99
1.46
4.43
4.95
0.3
2.42
1.65
0.47
3.78
0.68
0.81
1.76
2.28
4.1
0.77
3.99
1.45
1.27
1.41
1.46
4.02
4.37
0.61
1.21
1.99
3.12
2.55
2.47
4.19
0.41
2.48
4.65
2.03
2.17
3.49
3.21
1.81
0.32
3.08
1.45
4.37
3.18
3.83
4.75
3
5
3.19
0.54
2.44
1.28
2.41
0.92
3.1
3.91
1.34
1.97
3.27
1.36
2.33
1.4
1.43
2.54
2.14
4.41
1.48
2.35
1.71
0.64
2.08
0.58
1.55
2.18
1.97
1.15
0.22
4.47
0.75
3.79
4.39
1.88
4.28
2.53
0.12
2.19
3.49
2.4
0.58
2.73
3.29
4.54
4.12
0.63
1.78
4
0.55
1.87
0.93
3.14
3.06
1.25
2.5
2.78
3.23
2.76
1.13
4.07
4.48
3.22
3.8
2.99
2.14
0.58
3.74
0.62
0.64
1.36
0.45
0.98
0.87
2.2
1.71
0.56
4.37
2.49
0.09
4.65
4.73
0.36
0.39
1.24
2.03
4.85
4.51
2.29
1.28
1.98
0.53
0.83
3.31
1.83
0.09
3.09
0.3
0.6
3.63
4.98
4.17
4.91
0.29
3.35
4.09
1.99
4.26
3.21
3.92
0.98
1.08
0.93
4.99
0.99
3.36
2.3
4.01
1.27
2.65
0.47
3.27
1.48
0.75
0.88
4.95
3.58
0.62
1.68
4.37
3.64
2.08
3.57
1.39
1.3
0.6
4.96
1.03
4.64
2.46
0.64
0.32
3.62
2.1
3.97
1.91
2.6
2.51
1.5
0.79
1.28
0.25
1.33
4.44
0.16
3.63
2.09
3
3.07
0.85
4.52
0.52
0.04
1.49
4.19
3.22
1.57
1.78
2.32
3.11
3.44
1.27
1.27
0.96
3.89
0.01
3.46
4.79
3.64
0.01
1.15
4.78
0.79
1.77
1.66
0.77
0.2
4.05
2.29
1.79
0.44
3.57
3.53
0.29
0.07
3.93
3
3.73
1.8
4.69
3
1.05
0.07
3.46
1.51
1.86
3.95
0.95
0.83
4.94
0.55
3.75
3.04
2
4.38
1.51
3.61
1.97
4.83
1
3.25
1.09
0.65
4.44
2.26
0.13
0.88
0.34
1.24
3.95
3.1
3.55
3.22
2.75
3.71
0.12
2.32
4.04
0.88
2.15
1.72
0.02
2.14
4.68
1.95
4.13
4.97
1.93
0.04
0.77
4.51
0.18
3.08
2
0.46
4.89
0.98
3.09
2.97
3.77
4.72
3.36
3.96
0.83
3.33
0.79
0.12
2.96
0.34
4.74
2.04
0.12
0.54
2.76
0.9
1.16
3.15
1.08
1.63
2.93
0.41
2.74
0.31
3.65
3.22
3.6
2.57
1.33
3.44
2.64
3.8
4.54
0.48
3.45
4.16
4.69
1.41
2.38
0.02
0.74
4.11
2.89
3.62
0.85
4.94
0.65
2.59
1.18
2.51
2.92
3.32
2.68
2.11
4.36
2.23
3.59
0.1
2.36
1.22
0.51
0.24
2.48
0.14
0.17
3.08
4.65
4.34
1.72
0.95
3.08
1.56
2.79
1.16
2.4
3.43
1.74
2.37
1.5
1.87
1.56
4.97
4.61
3.31
0.53
1.98
3.82
1.91
3.95
3.14
4.48
1.23
0.59
3.63
3.59
4.96
1.5
2.33
4.46
0.93
2.12
4.16
3.82
0.44
1.06
1.36
4.75
3.06
3.02
2.41
2.1
3.79
4.09
1.95
1.35
0.56
0.57
0.69
1.73
2.07
0.79
4.47
4.53
0.19
2.78
4.3
4.52
4.29
1.67
1.17
4.82
1.41
1.53
3.73
4.44
1.93
4.31
2.51
3.56
3.7
3.11
4.16
4.51
3.37
4.35
1.56
1.93
4.38
1.83
2.08
3.08
4.96
0.71
1.27
0.74
2.69
1.87
3.73
1.43
2.86
4.8
2.65
1.96
3.48
0.88
3.18
2.16
4.15
2.84
2.38
1.87
3.76
2.28
2.84
1.44
2.86
1.21
2.3
0.84
3.61
3.41
0.12
4.01
1.41
4.06
3.69
2.82
1.95
4.25
3.9
4.72
3.8
0.86
4.45
4.06
1.81
2.22
1.58
4.84
4.38
3.56
1.04
3.16
1.29
2.37
2.28
2.74
3.57
2.45
2.04
1.31
1.5
2.69
1.06
1.13
2.4
1.15
4.39
1.02
4.03
4.34
4.3
0.84
4.52
0.85
2.52
2.35
0.76
1.17
3.81
2.83
4.69
1.42
1.42
3.01
1.98
3.64
2.21
0.48
3.41
4.24
0.01
4.48
2.83
1.07
0.32
1.93
1.88
2.67
1.29
2.67
2.42
0.98
3.5
0.98
2.66
3.82
2.13
1.52
3.76
2.43
4.03
0.73
4.66
3.23
1.65
2.87
1.01
3.29
0.77
2.36
2.87
0.71
1.93
4.09
4.12
4.57
0.46
0.95
3.98
4.31
0.92
0.16
0.16
1.45
4.57
1.78
1.55
2.45
1.61
3.63
2.04
2.58
4.61
0.72
4.71
4.18
2.17
3.17
3.09
2.86
0.33
2.66
2.32
4.61
3.17
0.5
1.71
4.99
2.16
1.37
3.53
0.75
0.46
4.22
2.84
1.61
1.44
4.25
1.33
0.54
3.45
4.54
1.98
4.41
0.3
3.14
2.54
3.48
1.69
3.17
0.37
3.96
3.96
2.76
0.43
0.85
2.62
4.84
0.42
4.17
3.11
2.7
3.53
4.99
4.82
1.23
1.67
1.72
2.03
4.69
1.47
2.67
4.58
2.42
2.28
0.87
2.68
3.68
1.08
0.51
0.93
0.25
0.26
2.76
1.48
3.26
4.44
0.05
3.42
0.86
4.18
1.67
4.3
4.07
3.53
4.57
0.33
4.4
3.4
3.33
0.54
3.49
0.81
4.05
1.45
3.07
1.73
3
3.2
0.03
2.04
3.17
0.36
0.1
4.06
2.15
2.44
3.97
0.44
1.36
1.31
0.83
3.27
2.21
3.18
1.96
2.08
3.56
2.88
2.94
3.99
3.05
0.64
4.92
0.45
3.61
2.11
2.62
4.07
0.15
0.25
1.33
2.52
2.89
1.44
3.71
3.31
3.26
1.39
2.49
3.59
2.64
4.19
3.16
0.53
4.31
0.21
1.15
4.34
0.18
2.21
2.08
4
0.36
0.79
1.01
2.05
1.36
2.11
4.69
3.61
1.89
4.93
2.91
0.25
0.99
1.97
0.59
4.06
1.26
4.33
0.79
1.58
4.16
2.37
3.42
4.07
3.94
3.7
1.76
4.93
2.49
0.06
3.51
1.91
4.8
1.9
1.78
2.06
4.63
3.69
4.15
2.99
3.23
1.49
4.36
0.65
4.57
1.34
3.23
0.47
0.34
2.38
4.14
1.76
2.96
1.78
0.51
1.34
2.12
3
3.46
3.26
2.25
0.48
2.05
0.8
0.38
2.81
3.22
1.14
0.53
2.87
3.4
2.96
3.75
2.03
1.42
0.91
1.27
4.69
3.2
2.1
2.54
0.82
4.83
4.82
4
2.84
2.92
2.57
2.61
2.14
4.23
0.93
1.98
2.08
3.35
4.01
2.85
1.76
1.12
3.65
1.41
4.35
3.61
1.49
0.56
2.01
4.42
4.35
1.7
2.03
2.62
2.04
4.4
4.37
2.37
3.89
0.05
4.58
3.89
2.72
0.2
2.99
0.88
0.32
0.36
4.29
0.28
3.22
4.58
4.08
1.99
4.33
4.66
0.11
0.46
3.91
1
2.33
0.74
2.51
1.78
2.06
1.54
0.51
4.76
4.24
2.97
3.27
3.36
4.93
0.64
2.64
2.33
4.8
4.51
2.46
1.73
2.04
2.55
0.49
1.74
4.51
4.46
1.08
3.05
4.48
1.66
0.69
4.42
2.67
4.2
2.7
4.39
3
3.46
2.66
0.31
0.04
2.94
3.61
0.41
2.51
3.8
0.82
1.11
0.68
3.38
3.66
4.51
3.91
4.82
0.36
0.23
2.88
4.46
1
4.34
3.88
2.93
2.48
5
3.22
0.41
3.69
2.53
3.82
2.69
4.5
3.13
3.78
3.05
4.79
1.72
4.55
4.49
1.94
3.35
1.9
4.83
1.84
0.92
4.71
1.19
4.76
2.92
0.23
0.84
1.49
3.24
0.8
0.57
3.32
2.76
2.69
2.27
4.08
3.26
4.5
2.07
2.18
3.21
2.98
2.9
0.59
4.15
2.57
3.89
2.97
0.76
2.36
1.07
4.37
2.72
2.58
4.56
1.86
1.77
2.13
1.71
1.81
1.73
0.68
1.71
4.46
4.15
4.4
4.96
2.37
1.44
0.98
4.93
1.35
1.1
4.59
4.7
4.2
0.13
0.61
1.74
3.94
4.05
2.06
3.89
3
1.39
1.05
2.62
0.61
2.6
0.23
3.73
3.26
3.11
1.22
2.03
2.06
4.19
1.23
3.35
0.93
1.66
3.59
0.24
1.18
2.08
3.1
3.01
2.45
3.25
1.02
3.44
2
4.82
2.51
3.3
0.97
0.96
1.07
2.73
1.96
3.66
0.72
4.34
3.67
4.33
4.67
4.05
4.8
1
2.12
0.1
3.1
2.16
5
3
4.2
3.04
1.25
2.5
3.61
2.34
2.94
3.9
4.42
1.34
2.75
1.14
1.07
1.15
3.34
2.86
0.6
1.05
3.24
0.63
0.38
4.15
1.14
2.66
0.71
0.15
3.95
0.32
0.83
0.39
1.02
3.2
1.81
3.4
3.21
3.22
2.75
2.73
3.96
2.72
2.21
2.7
1.68
2.19
0.84
1.13
1.28
2.45
3.44
2.88
2.2
3.43
1.55
4.3
1.76
4.37
3.76
3.37
4.42
2.49
1.18
2.43
2.72
3.14
2.18
4.05
4.23
2.48
3.41
3.18
0.08
0.41
2.14
3.68
3
4.58
3.43
1.28
2.76
1.3
1.28
3.99
3.84
2.51
2.03
3.1
1.02
0.12
4.69
0.24
2.85
0.53
3.46
0.47
0.27
2.81
4.15
3.14
3.45
4.26
4.7
2.73
1.38
4.96
2.11
3.41
2.46
0.97
1.25
0.56
1
3.2
3
0.62
1.79
3.32
0.08
1.47
4.3
3.14
4.91
0.35
1.27
1.91
0.01
3.11
0.56
3.76
2.46
2.45
4.91
1.56
3.51
4.29
3.91
3.53
0.78
2.55
0.14
0.5
3.05
2.23
3.47
1.18
1.69
2.68
2.09
1.66
1.69
2.16
4.87
4.72
4.44
4.01
1.92
1.42
3.11
3.3
0.16
4.63
3.6
2.09
0.61
4.06
4.87
3.5
1.11
1.18
4.35
0.4
4.44
0.96
3.3
3.78
0.57
2.69
4
2.64
3.2
3.14
3.79
4.21
2
4.58
2.5
4.32
3.67
2.36
0.65
1.66
3.43
1.36
2.86
4.2
1.49
3.6
2.75
1.08
2.93
1.69
4.57
4.08
1.76
1.03
0.81
3.77
1.61
3.36
2.05
2.99
3.55
2.44
0.53
3.87
0.21
1.17
1.72
2.93
1.63
4.64
0.48
4.41
4.1
2.91
1.88
1.05
4.38
2.73
2.48
1.96
3.37
3.53
3.76
1.56
3.08
3.13
2.15
3.33
3.08
1.87
3.78
1.63
3.17
0.66
4.34
2.87
2.25
3.17
1.01
0.34
0.66
1.86
3.97
4.7
3.5
1.86
1.7
1.21
4.62
2.28
4.5
2.08
3.45
3.83
3.78
1.74
4.34
2.21
0.89
0.75
1.79
1.08
2.39
0.78
2.12
3.02
4.47
1.29
4.33
0.42
3.31
0.81
1.91
4.88
0.77
4.67
0.36
1.15
4.68
4.73
0.61
1.08
1.83
0.63
3.35
1.43
2.36
0.18
3.82
1.83
0.33
1.99
4.12
2.54
1.06
1.74
0.36
1.29
0.34
0.75
2.86
0.02
4.68
1.07
1.37
1.22
3.69
3.57
4.04
3.35
0.5
0.57
4.95
1.68
1.88
0.4
