3.27
3.33
3.05
2.1
1.18
2.78
4.9
1.49
0.52
4.77
1.64
4.78
0.54
2.92
4.38
2.42
2.91
4.37
1.93
3.19
4.91
2.52
0.51
4.56
4.04
1.63
0.16
0.92
4.44
2.89
4.48
3.53
0.56
2.72
4.82
3.25
3.73
0.75
4.03
1.91
2.08
4.34
2.68
4.72
4.2
4.92
2.9
3.85
3.5
2.14
2.15
4.46
2.61
4.88
0.49
1.03
0.35
4.38
1.83
1.02
4.21
2.76
0.1
4.4
2.84
2.81
3.64
1.05
1.27
2.58
4.67
1.52
0.49
4.37
1.68
2.99
4.08
4.93
2.42
3.07
3.23
4.02
4.52
2.42
1.02
0.88
1.28
1.36
1.74
2.99
1.59
0.72
3.86
1.19
0.85
2.21
0.4
4.22
2.92
4.37
2.16
2.54
4.93
0.93
4.69
2.79
2.15
3.38
3.75
3.17
1.37
4.6
3.72
2.86
4.13
4.4
1.92
3.56
2.93
2.76
2.87
1.38
4.64
2.21
0.14
4.39
0.01
4.68
3.81
4.86
0.21
4.41
4.51
0.83
4.31
2.31
0.1
4.52
0.69
4.96
1.33
2.04
2.2
3.84
0.65
0.06
3.03
0.75
2.21
4.23
4.39
4.16
0.92
2.05
0.68
3.06
0.33
0.26
4.98
2.33
2.42
1.36
2.3
0.94
3.08
0.45
3.26
3.43
2.98
3.32
0.5
3.79
1.19
1.24
1.53
4.76
0.8
0.11
0.8
0.37
1.53
3.54
2.99
4.95
4.4
1.3
2.46
1.82
2.39
4.63
0.21
3.7
4.42
0.34
3.71
4.67
2.53
0.34
4.81
1.46
3.56
1.34
1.17
0.23
1.11
3.51
2.04
2.92
2.42
4.2
3.43
0.73
3.66
3.58
2.64
2.73
0.22
3.21
4.58
1.21
1.81
1.07
3.54
1.52
1.81
3.03
2.3
4.67
3.93
4.48
1.68
4.01
2.03
3.59
1.02
0.31
3.66
3.57
3.7
4.73
2.85
1.18
3.69
3.13
2.78
4.93
1.35
0.86
2.84
0.8
3.51
1.92
1.56
0.96
4.74
4.48
1.48
0.44
1.28
2.7
3.35
2.65
3.65
2.64
2.23
3.02
3.22
3.04
2.98
1.65
2.24
3.56
4.64
0.09
3.01
4.14
2.07
2.77
2.65
0.94
1.94
4.16
4.35
2.18
0.51
4.72
1.37
3.73
4.68
3.07
0.41
3.89
3.58
2.83
0.54
4.3
3.41
0.07
4.91
2.02
0.88
3.88
0.66
4.7
4.11
2.45
1.82
0.9
1.53
1.54
3.12
3.64
3.19
2.44
0.93
4.96
0.88
0.05
1.7
4.34
4.75
2.45
1.78
4.54
3.07
3.56
0.74
2.6
0.1
1.33
3.46
1.42
3.29
1.99
3.64
1.15
0.39
2.5
4.34
3.71
3.13
2.63
4.53
0.03
4.6
4.03
2
0.33
1.05
4.7
0.82
2.2
3.13
0.41
0.07
1.71
4.75
0.66
4.61
2.85
2.43
1.44
1.09
2.48
4.05
2.62
1.16
2.34
2.78
3.34
1.06
2.82
2.8
2.45
3.3
0.5
4.32
4.77
1.78
4.28
3.81
2.11
3.92
4.33
2.15
3.95
2.03
1
1.36
0.52
4.52
4.07
4.5
3.32
3.8
0.8
2.14
1.48
0.81
3.08
1.28
1.86
1.66
3.13
1.25
2.72
3.06
4.31
3.54
0.46
2.08
3.37
2.66
0.95
1.41
4.74
4.55
4.06
3.05
0.54
2.27
1.01
1.22
4.35
2.69
4.22
4.25
4.63
4.59
3.99
1.6
3.01
2.64
4.84
2.27
3.14
2.33
0.92
1.97
3.56
4.64
4.22
1.02
3.72
0.31
1.18
4.88
3.77
2.32
1.95
4.23
1.03
1.28
0.09
4.27
3.76
2.97
3.63
3.99
0.54
2.6
3.84
0.32
0.62
3.73
2.5
4.06
2.11
3.78
4.66
3.02
4.81
0.44
3.81
0.93
2.02
3.8
2.45
0.55
3.04
0.92
0.46
3.11
0.75
2.43
4.82
4.16
4.16
2.22
0.84
3.62
0.28
3.17
0.7
1.98
2.69
2.48
4.26
0.03
3.79
4.14
3.88
3.48
3.32
3.73
2.38
4.17
0.96
4.27
3.49
3.82
4.83
3.14
1.56
2.2
0.16
4.38
4.46
1.02
0.03
1.84
0.78
0.44
0.48
4.72
0.05
3.06
4.73
2.78
3.58
3.67
3.36
0.18
4.5
4.83
0.78
3.24
1.01
4.25
0.06
1.57
4.61
3.63
0.91
4.98
1.78
3.71
4.65
3.75
0.02
1.19
4.17
2.75
4.74
0.87
1.41
3.38
1.42
3.85
3.41
0.65
2.77
2.14
4.98
3.57
0.94
2.6
1.91
2.48
4.16
3.81
4.09
3.65
4.35
2.04
2.12
4.31
1.68
3.98
1.21
2.77
2.31
0.22
3.97
2.45
0.88
3.52
2.36
3.79
2.01
3.03
2.47
3.77
4.66
0.85
2.53
1.31
4.11
3.38
4.85
0.63
4.61
0.96
3.07
3.46
1.7
4.12
3.49
2.36
0.98
2.81
0.66
3.88
0.05
0.01
4.6
1.85
1.59
0.55
0.52
1.58
2.28
2.5
0.63
4.62
0.56
3.68
2.98
4.64
3.09
0.18
2.61
2.74
0.52
4.5
4.39
3.4
2.79
3.43
1.78
1.38
1.19
1.21
2.86
4.24
4.56
5
4.86
4.95
0.58
3.27
1.21
1.67
3.95
0.72
0.04
3.04
2.97
3.83
0.61
0.61
4.71
3.43
4.51
1.91
3.15
3.77
1.87
3.62
1.05
0.37
3.69
0.45
3.04
1.2
4.47
1.34
1.33
4.22
0.84
0.12
3.33
3.47
0.61
3.77
3.6
1.33
2.94
4.61
0.76
0.21
2.72
4.59
2.59
1.06
2.9
3.13
1.68
2.96
0.25
0.82
4.49
2.08
4.89
4.45
1.17
2.1
3.86
0.51
0.2
4.5
0.32
1.34
1.89
4.49
4.42
1.86
4.31
4.43
0.03
0.72
1.69
4.64
1.85
3.71
4.17
2.59
1.16
3.76
2.7
2.22
3.69
0.07
2.61
3.63
3.28
2.11
0.95
1.69
2.79
2.36
2.53
3.26
2.3
2.52
4.52
3.89
2.14
1.72
4.7
2.78
4.48
2.67
2.12
4.91
4.41
2.14
2.14
4.68
1.01
3.05
1.43
4.37
0.25
1.22
2.25
0.57
3.73
4.63
0.62
0.74
3.47
4.64
4.78
4.48
1.68
3.1
4.91
0.43
2.35
1.21
4.07
3.3
3.92
1.32
3.13
1.14
4.77
2.55
1.8
4.3
1.45
2.83
0.38
3.14
0.34
4.64
2.87
2.57
2.51
3.4
3.56
1.64
1
2.84
4.19
2.71
3.57
1.72
1.56
2.81
2.29
0.55
1.29
3.49
4.48
4.05
4.81
1.53
2.23
2.88
4.77
1.49
3.07
4.39
3.57
1.76
0.2
1.05
0.34
1.02
0.97
3.35
3.2
0.46
4.67
1.39
1.56
1.61
0.42
4.33
0.99
3.83
1.38
3.6
1.06
2.81
0.2
0.88
0.94
4.24
2.79
3.72
3.61
1.5
1.23
4.32
4.33
2.72
1.48
2.88
4.6
2.11
4.89
1.52
2.06
2.32
2.76
4.41
2.58
1.5
2.58
1.22
0.73
2.1
3.54
0.03
0.27
4.54
1.85
1.54
0.88
1.08
3.18
4.01
4.77
2.45
0.29
1.25
2.76
1.46
1.57
0.6
4.94
3.99
0.12
4.48
4.96
2.42
1.83
4.4
3.96
4.8
3.7
3.78
2.31
1.96
5
3.83
3.6
2.8
1.65
2.39
2.77
3.12
3.21
0.75
3.33
3.1
3.52
1.83
3.04
3.06
1.71
0.93
4.22
4.47
0.16
4.81
0.42
0.64
1.79
4.66
1.74
4.58
3.56
2.55
3.52
2.73
0.51
4.79
3.61
1.25
2
2.19
4.64
0.76
3.54
4.41
3.79
4.26
3.77
1.73
4.44
3.34
1.15
4.09
0.3
3.58
2.91
1.19
1.4
1.3
1.39
4.19
1.96
0.52
3.63
4.4
3.01
0.17
4.91
4.67
4.27
1.1
2.48
2.68
3.19
0.62
3.22
1.63
0.83
3.77
1.42
4.83
0.66
1.65
0.43
4
1.66
1.8
2.46
1.36
1.13
4.78
0.75
2.37
2.91
0.02
0.91
1.16
2.96
2.52
1.84
0.38
4.23
1.77
0.42
4.89
1.14
0.53
4.7
4.88
3.89
4.28
0.59
2.05
1.45
1.58
3.32
1.83
2.84
1.31
4.58
3.93
0.66
0.55
5
4.72
0.8
0.36
0.14
3.32
4.96
4.05
1.78
1.2
2.87
0.13
4.78
4.09
2.11
3.33
4.75
0.33
1.07
0.17
3.26
3.55
0.46
2.41
4.95
1.78
4.45
0.08
1.68
3.77
3.43
1.22
0.94
3.07
2.5
4.83
4.31
1.46
3.99
4.52
2.87
2.53
0.95
1.84
0.25
0.06
2.5
0.71
4.76
3.12
3.75
3.47
1.34
1.09
1.2
0.27
3.11
2.71
0.29
3.3
3.21
1.92
1.99
2.15
3.17
0.88
1.7
2.89
4.04
0.03
4.79
4.68
0.42
1.95
2.93
3.45
2.92
3.21
0.81
4.18
0.9
2.61
1.94
2.16
3.81
0.15
2.22
2.33
1.7
1.98
1.69
3.48
4.75
1.24
0.39
4.32
1.67
3.84
0.65
4.94
2.21
1.63
0.85
4.26
1.69
0.36
2.64
3.93
2.09
2.02
1.61
4.6
3.11
4.17
2.92
1.93
4.17
4.67
3.89
0.08
4.34
0.18
2.79
1.72
0.87
2.91
1.46
4.75
1.04
4.36
1.09
3.32
0.62
1.14
2.52
3.73
4.42
4.82
3.96
1.16
4.15
2.16
4.59
4.2
2.3
1.1
2.24
3.56
4.81
0.38
4.67
0.44
1.45
4.07
3.45
3.43
1.82
2.93
3.58
3.48
3.51
2.28
4.52
2.65
1.65
4.59
1.62
2.11
4.15
3.53
3.92
0.34
3.47
3.61
1.86
2.01
2.22
1.13
1.35
4.02
2.12
4.11
1.71
1.85
3.26
4.29
2.41
1.36
2.59
4.29
1.45
0.43
0.91
3.98
1.34
1.34
4.1
0.05
2.24
4.75
0.6
3.02
0.81
2.53
3.57
2.84
3.89
4.53
0.09
4.56
1.74
2.96
4.7
4.87
0.58
3.02
3.45
3.47
0.21
4.06
3.51
0.34
0.06
2.02
2.55
2.09
4.65
2.4
0.49
4.77
0.12
3.11
4.35
1.57
1.65
4.21
1.26
0.99
1.22
4.97
1.91
1.27
0.54
4.5
3.91
0.71
3.69
2.72
0.89
1.58
2.73
3.47
1.91
0.12
3.18
4.85
4.18
0.31
4.45
3.86
4.48
4.8
2.84
4.36
3.22
1.98
4.58
1.97
2.06
1.54
0.08
0.02
1.58
1.5
3.72
1.22
4.08
2.08
0.03
4.94
0.88
3.29
1.7
0.96
4.72
0.39
1.16
0.8
0.91
4.62
1.99
0.71
1.79
4.6
2.95
4.53
2.87
4.85
3.67
4.29
4.95
3.92
3.06
4.14
3.64
0.48
1.89
2.16
4.19
0.05
1.8
3.79
1.59
3.75
0.03
0.71
2.96
3.25
0.07
3.65
3.48
0.76
1.69
0.7
1.59
2.72
2.18
0.23
4.41
2.88
3.9
3.71
3.67
4.26
0.23
2.89
2.2
3.75
1.78
0.88
1.32
4.18
3.72
2.07
3.86
0.64
2.14
4.28
4.17
1.97
2.14
3.2
2.99
3.8
0.67
2.69
2.58
3.85
1.36
1.36
2.74
2.19
0.51
0.57
3.48
4.45
1.46
0.1
0.66
0.36
3.42
2.16
0.57
3.15
0.03
2.27
2.63
0.17
0.98
4.81
2.66
3.3
0.02
1.32
2.24
4.04
1.54
4.69
4.08
4.94
2.18
2.14
0.4
2.06
1.23
3.79
1.61
3.45
1.79
1.73
3.31
0.73
2.51
0.94
4.62
3.9
4.33
1.53
3.12
0.79
1.47
2.13
3.35
0.09
1.34
4.09
0.21
1.73
2.08
3.24
1.27
1.3
3.69
1.82
1.14
4.57
4.53
0.7
2.5
0.65
1.04
1.51
4.47
1.04
4.02
0.88
3.93
1.95
1.35
2.95
0.26
0.43
4.32
1.81
0.52
2.09
0.67
1.94
3.62
2.08
2.31
1.96
2.75
0.43
2.38
1.51
1.16
1.3
4.85
3.76
2.24
4.23
2.53
2.23
2.1
1.14
4.58
1.16
1.68
3.14
2.65
4.25
2.5
4.83
2.97
3.23
0.6
0.49
0.67
4.65
0.48
4.07
2.69
4.43
0.45
1.73
1.45
3.26
1.28
0.47
3.02
2.61
2.32
0.79
0.92
1.96
2.49
1.09
2.03
1.04
4.97
3.83
3.11
2.79
4.49
3.29
2.38
2.02
1.5
3.97
2.08
4.32
1.36
3.35
2.78
3.37
3.28
2.96
1.57
3.08
2.66
4.87
3.85
4.21
2.24
2.45
4.31
4.38
1.72
0.41
0.63
0.05
2.1
3.68
0.59
0.87
2.83
3.16
3.18
0.56
1.85
4.31
1.09
1.37
4.56
3.36
2.4
4.08
4.63
3.4
3.37
3.64
3.69
2.84
1.85
4.09
0.18
2.51
0.5
2.42
0.55
3.94
0.49
4.35
3.21
1.36
4.28
1.61
3.01
3.29
1.99
1.06
4.31
2.14
1.84
0.67
4.76
3.18
3.16
4.62
4.43
0.14
2.02
2.18
3.82
3.49
2.55
1.34
1.12
3.3
0.88
4.24
2.3
2.89
2.12
4.26
1.84
2.53
4.72
4.36
2.02
1.19
4.1
3.73
2.45
3.2
1.74
2.19
1.97
4.46
2.86
0.2
2.18
2.62
1.28
0.94
0.59
4.14
4.45
1.89
0.51
1.35
0.56
4.04
0.58
1.03
2.47
2.9
4.15
2.93
2.67
0.99
0.09
4.87
0.39
2.94
3.12
0.38
3.59
1.04
4.99
1.47
0.78
0.87
4.91
3.81
4.07
2.99
1.4
3.44
1.46
0.54
2.97
0.51
2.53
0.6
2.84
1.7
3.81
4.63
2.52
2.55
0.23
0.39
4.88
0.11
3.43
3.6
2.77
3.17
2.78
0.6
2.32
1.82
0.5
4.26
3.42
0.16
1.17
0.33
2.8
2.1
2.37
1.09
4.89
0.65
0.56
3.47
2.39
1.77
2.38
1.85
4.65
3.78
1.21
0.13
1.22
3.66
2.07
3.6
2.16
4.76
4.96
4.4
4.57
4.37
0.89
1.15
3.75
0.72
1.06
3.86
3.6
3.82
2.16
1.77
0.42
3.47
3.67
4.57
3.07
4.91
1.01
2.89
3.24
1.13
1.47
1.44
1.11
3.3
4.1
1.94
1.69
3.95
3.5
3.63
4.73
2.61
2.62
0.79
2.38
4.99
2.53
2.83
3.25
3.1
0.46
3.57
1.48
4.21
3.95
3.08
2.83
0.41
3.47
3.54
2.73
4.81
0.08
0.63
2.79
2.51
4.75
0.4
2.62
2.8
3.18
2.26
0.57
4.3
1.57
3.95
1.41
2.93
1.51
1.02
1.33
2.36
4.69
3.85
4.22
4.6
4.49
1.33
3.24
4.34
3.35
4.39
0.9
2.43
4.4
4.02
0.74
2.13
4.15
2.49
3.66
0.89
3.41
0.62
1.04
3.07
0.8
2.3
0.07
2.46
2.99
1.47
2.27
0.28
4.42
4.94
2.03
0.45
0.61
4.32
1.08
2.62
3.6
1.88
4.16
4.17
1.69
0.89
2.78
1.02
1.51
4.19
1.32
3.08
1.57
1.69
1.55
4.8
1.43
2.34
1.13
3.56
1.01
0.88
2.71
4.41
4.78
1.26
2.95
2.93
1.59
1.58
0.84
3.67
4.58
0.84
0.18
2.04
1.36
4.81
3.18
3.38
4.2
4.29
3.41
0.66
4.99
4.34
2.43
1.72
2.38
3.43
3.39
2.41
2.11
2.78
3.53
0.86
3.11
3.9
2.93
4.73
0.12
3.31
2.01
3.75
0.03
3.47
0.7
0.2
4.27
2.47
4.41
3.86
0.24
4.23
2.72
2.18
2.04
3.69
3.34
0.05
0.25
1.66
3.26
4.45
2.15
2.16
3.62
0.38
4.31
0.48
2.2
1.7
0.23
1.98
2.62
2.44
3.28
4.91
4.97
4.71
2.79
0.76
1.01
3.53
3.08
4.74
3.42
4.16
0.58
1.4
2.27
3.72
4.29
2.11
3.49
2.34
1.14
4.11
3.48
2.75
3.75
2.25
4.16
0.73
0.26
3.38
2.02
2.64
3.9
3.23
0.32
3.71
2.84
3.85
0.12
1.32
4.23
1.91
0.96
1.17
4.51
2.71
4
4.42
1.73
0.98
1.59
0.73
3.25
0.24
1.06
2.27
1.79
1.62
4.85
0.11
3.89
1.53
4.7
4.79
4.54
2.82
0.03
0.73
0.19
1.06
4.07
0.91
1.77
3.63
0.61
0.64
0.27
4.39
2.1
3.13
2.23
1.48
0.45
1.24
2.67
1.61
1.98
1.83
4.31
4.81
0.95
4.01
3.18
4.88
2.26
0.17
1.42
0.86
1.14
4.35
2.25
2.43
2.68
3.49
0.58
0.75
4.23
2.44
4.07
0.56
0.07
0.66
3.67
0.91
4.09
2.24
3.91
1.37
2.04
0.75
3.86
3.13
4.51
1.63
4.26
1.8
3.59
4.25
1.72
0.08
0.56
3.46
1.4
0.69
1.16
0.86
3.48
1.73
4.7
4.84
3.62
0.39
4.36
4.69
0.78
4.58
0.13
2.33
2.41
4.51
2.27
3.91
3.74
4.92
3.52
1.87
3.92
4.91
4.68
4.82
4.38
0.54
2.1
2.96
4.27
2.69
0.67
0.81
1.79
4.09
2.25
3.15
4.37
0.06
1.8
3.25
1.29
3.97
4.69
2.54
0.21
1.26
3.84
2.93
2.7
1.57
1.11
2.84
4.27
3.75
0.25
1.92
4.93
3.72
1.4
4.32
3.31
2.17
4.04
3.21
4.76
3.46
2.72
2.22
1.99
2.85
4.22
2.35
2.71
4.52
2.66
4.21
1.08
4.54
2.05
3.36
1.21
2.97
3.21
4.08
0.77
4.54
4.25
2.55
3.86
4.16
1.07
1.67
3.54
3.15
3.3
0.62
1.74
2.37
0.99
0.27
3.24
2.79
3.74
4.62
1.7
1.85
4.5
4.56
2.17
3.45
1.16
3.46
2.5
0.64
1.58
0.74
0.89
1.17
0.67
1.98
3.75
4.5
0.51
2.21
5
1.33
2.36
2.59
1.2
0.82
1.61
0.25
3.39
0.54
2.61
1.6
0.9
3.23
1.11
2.44
2.88
0.67
1.59
3.73
1.29
4.6
2
3.07
4.07
4.73
1.58
4.2
2.46
0.47
3.47
0.42
1.4
0.19
3.09
2.57
1.59
4.66
4.66
4.4
0.57
4.53
0.63
2.9
3.38
3.19
1.73
4.83
2.64
3.5
0.29
3.46
4.05
0.99
3.8
0.71
2.53
4.21
2.99
4
0.03
4.34
2.94
2.72
4.29
0.65
4.59
3.19
0.32
2.39
2.03
2.48
4.98
1.84
0.96
0.15
2.09
4.43
1.49
3.78
0.81
4.07
3.41
1.26
2.86
0.99
2.51
2.51
2.21
2.21
4.89
2.5
2.48
3.8
3
3.74
2.74
2.08
2.12
4.71
3.91
0.39
1.04
5
0.11
3.02
3.91
0.23
1.03
1.83
4.83
3.43
1.98
1.37
1.46
2.07
2.91
1.17
2.86
3.75
0.33
2.98
3.74
3.53
4.67
0.77
1.78
1.03
1.79
3.23
2.39
1.54
0.3
4.25
1.57
0.53
4.31
2.25
4.66
1.51
4.61
1.05
2.65
3.18
3.72
2.24
4.74
4.77
0.9
3.55
3.52
1.27
3.3
0.58
4.76
3.88
5
0.87
0.52
3.96
0.07
3.68
4.2
3.16
0.1
1.28
3.98
1.75
1.62
0.84
3.01
0.63
4.02
2.07
1.06
3.87
1.22
2.97
4.91
2.32
0.55
3.64
4.97
4.74
2.16
3.61
3.36
1.87
0.09
3.48
2.72
1.08
4.19
2.9
0.04
3.59
3.07
3.74
4.07
3.43
4.46
3.79
2.17
2.72
3.11
3.5
0.29
3.79
3.71
4.14
2.63
2.19
1.6
0.37
1.91
2.13
1.62
1.12
3.05
4.4
1.86
2.39
4.95
4.34
1.63
2.66
1.55
4.41
3.44
4.55
2.47
3.9
3.65
3.36
1.91
1.91
4.57
4.5
2.53
4.59
0.99
3.12
2.95
2.06
1.68
2.01
4.24
3.08
3.11
2.29
1.68
4.57
0.49
1.19
3.35
3.62
1.74
2.58
0.16
2.84
3.3
2.94
4.99
2.25
4.04
2.99
1.58
4.16
2.98
2.91
1.95
0.23
2.75
3.71
2.6
4.93
0.71
3.62
3.38
4.23
2.15
0.98
3.14
2.95
1.93
3.07
2.15
1.3
3.46
4.33
3.54
4.31
1.08
2.97
3.7
2.04
0.31
3.58
1.23
