3.32
4.68
3.97
4.49
2.95
0.54
3.39
1.29
3.06
2.2
4.72
4.44
3.41
1.12
3.32
2.58
0.78
0.96
1.72
2.57
0.64
0.14
3.6
1.21
0.66
1.29
0.15
4.26
4.73
0.09
0.9
2.25
0.56
4.86
2
0.26
1.27
0.97
2.23
3.87
2.5
1.56
2.45
4.29
0.67
1.95
0.01
0.14
2.88
0.07
1.47
0.21
3.09
0.43
4.94
1.49
0.08
2.89
0.68
1.47
4.6
2.99
4.31
4.89
0.51
1.08
4.23
2.88
1.06
0.36
4.89
2.86
0.57
4.85
4.65
0.75
3.2
2.36
0.91
3.43
1.58
3.54
2.28
2.31
4.8
1.41
3.72
3.92
3.86
0.31
1.97
4.4
3.14
2.58
4.65
3.06
4.65
4.89
0.96
3.46
2.55
2.2
3.95
2.14
3.47
1.94
0.84
0.43
3.98
2.19
3.13
0.33
1.52
4.92
1.78
3.81
0.42
1.73
1.5
1.44
0.5
2.13
1.81
4.21
4.32
4.42
1.99
1.35
0.7
0.35
3.83
2.5
0.31
1.4
0.32
1.2
4.64
3.66
3.54
1.12
4.52
3.93
3.33
3.38
0.49
3.67
2.88
3.4
3.09
0.03
2.77
1.79
0.95
0.46
4.35
0.85
4.6
4.45
2.35
0.31
4.42
4.31
4.71
0.79
1.52
3.72
0.15
1.86
4.61
3.73
1.56
2.08
0.5
1.87
0.61
2.17
3.56
3.87
1.94
2.44
2.31
1.34
3.24
2.08
3.01
2.23
0.45
0.13
4.89
0.71
0.33
2.04
4.41
0.7
0.14
3.3
4.2
1.1
4.05
3.05
4.07
0.21
0.19
3.08
4.09
4.41
0.48
2.11
4.32
0.8
4.5
4.56
3.27
1.52
4.67
2.23
3.77
3.42
0.67
1.64
3.12
0.19
3.38
3.51
4.02
1.67
3.4
3.5
3.17
0.41
1.33
3.53
4.01
2.54
1.77
0.33
4.79
4.99
0.82
0.28
3.15
4.35
4.72
1.77
0.71
3.2
2.65
1.81
2.9
1.02
4.31
3.68
4.6
2.91
0.18
3.3
3.69
4.84
0.11
3.86
2.91
0.02
1.62
3.01
2.91
2.73
1.78
2.77
4.57
3.11
2.37
2.28
2.57
4.04
1.64
2.6
1.31
3.65
0.66
4.35
3.86
1.22
2.77
2.06
3.45
4.83
3.29
2.47
3.74
0.76
2.73
0.68
1.35
2.03
3.03
1.02
4.65
3.89
3.13
4.53
3.92
3.31
1.8
4.88
3.72
4.35
0.85
2.8
2.74
1.71
3.85
3.13
0.45
1.51
0.42
2.77
2.69
0.62
1.59
3.08
0.07
1.85
0.56
3.54
4.46
2.88
2.9
1.88
2.79
0.1
1.39
2.54
3.75
1.3
1.15
3.35
4.46
3.93
3.36
3.79
4.77
2.66
0.61
1.46
1.15
2.42
1.64
1.7
4.97
3.3
0.71
3.28
0.04
2.66
1.67
2.67
4.06
1.09
3.46
0.62
0.29
2.71
0.96
4.81
1.01
3.87
1.61
1.95
1.11
1.19
3.34
0.33
2.72
3.47
3.63
0.61
2.84
2.19
3.4
4.62
1.52
2.28
2.95
4.62
3.66
1.19
0.51
2.33
4.91
4.02
3.13
2.09
4.2
1.02
0.51
2.43
0.2
0.37
3.2
4.66
0.74
2.71
1.36
2.42
2.03
3.32
0.54
3.41
4.39
1.54
1.17
0.75
0.17
4.78
2.89
0.41
0.09
3.8
0.53
0.71
4.61
3.99
0.9
2.85
2.49
2.22
3.7
2.67
0.33
4.17
2.03
4.54
2.75
1.36
2.79
2.52
0.28
3.41
1.91
2.41
3.96
0.83
4.81
3.03
4.45
2.21
4.1
1.37
4.96
4.14
2.97
4.82
2.81
4.18
1.42
4.8
0.75
0.02
0.34
4.31
4
0.45
0.83
0.39
1.76
2.9
4.19
1.23
0.22
0.6
4.48
0.25
0.02
3.77
3.94
4.77
3.7
3.56
0.05
1.06
0.42
3.48
2.66
0.85
2.35
4.91
4.31
2.08
4.5
3.49
4.92
1.13
2.53
3.24
0.99
1
1.58
4.4
3.97
0.88
0.53
3.1
3.45
1.1
4.92
2.72
2.36
2.79
2.02
0.79
1.82
4.72
4.72
2.02
0.71
2.06
1.66
0.96
2.66
4.74
1.17
4.09
0.18
1.18
2.72
2.94
3.1
1.93
3.22
1.7
1.31
4.5
1.11
4.37
3.26
0.14
3.88
3.78
3.75
1.56
4.72
1.27
1.45
1.15
2.74
0.89
1.96
3.98
1.95
1.68
0.68
1.25
4.63
1.43
0.24
0.78
2.69
4.53
0.98
1.95
0.82
2.93
3.71
0.89
2.12
0.92
1.91
4.38
3.31
0.87
4.8
4.56
0.85
1.46
0.93
2.51
0.18
2.97
2.79
4.69
1.4
3.45
3.12
2.37
2.51
2.33
4.42
1.04
1.74
1.87
0.85
3.63
1.5
0.92
2.12
1.61
4.66
0.07
2.67
2.55
0.75
2.48
3.4
4.9
4.51
1.12
3.17
1.72
1.51
3.4
0.09
0.78
0.99
1.47
0.96
1.56
2.37
2.39
4.07
4.51
4.52
2.64
2.47
3.14
0.11
0.72
2
3.95
4.48
0.2
3.39
0.52
0.5
3.87
4.4
0.09
0.71
2.07
3.08
3.87
3.96
0.25
1.77
3.98
1.62
1.36
1.36
0.65
4.21
2.73
4.83
2.87
0.54
3.64
0.34
1.14
4.71
2.87
1.53
2.26
1.02
3.96
3.92
4.95
0.79
2.65
1.67
0.37
4.7
2.06
2.83
0.67
2.76
0.08
1.82
2.24
4.55
3.82
2.1
1.09
4.56
4.99
3.22
1.6
2.34
3.83
2.18
0.59
0.92
3.48
0.17
4.3
0.69
0.19
3.91
1.03
2.99
1.38
3.17
4.4
4.51
2.67
0.42
3.95
2.15
3.22
0.23
2.1
2.33
2.31
3.66
2.64
0.14
4.83
2.4
0.73
4.28
0.64
3.35
4.26
4.2
3.13
0.12
0.09
1.5
1.32
3.91
2.64
0.25
4.77
0.26
2.19
2.82
4.18
2.13
3.23
2.81
4.86
2.54
2.66
3.81
3.59
4.1
0.42
2.38
1
0.8
3.68
4.56
2.36
4.1
4.96
4.58
2.48
1.74
1.99
2.63
0.1
0.75
1.01
0.77
2.14
3.62
4.27
2.71
4.53
2.89
1.11
2.66
2.68
1.63
1.76
0.34
0.29
1.63
2.02
4.84
2.43
1.72
4.71
1.31
1.44
4.09
0.82
0.61
3.2
2.07
4.26
0.35
4.34
2.36
4.87
2.56
4.43
1.09
3.7
2.85
0.08
1.68
0.28
0.14
3.2
3
3.9
0.2
4.41
3.07
2.82
1.8
1.25
3.54
1.49
4.32
4.15
0.79
1.04
0.91
2.75
3.08
2.68
4.92
3.98
3.28
0.08
2.63
0.59
1.91
0.95
2.6
3.01
3.8
4.39
2.57
4.26
2.83
0.56
1.6
2.69
3.85
1.38
1.77
3.21
2.29
3.59
1.55
0.08
2
1.6
4.72
4.34
2.13
1.22
1.48
2.3
1.44
3.99
3.35
3.36
4.9
2.9
3.77
2.19
0.26
3.77
3.51
4.4
4.53
0.75
0.8
2.26
4.3
2.35
3.44
3.7
0.89
4.63
3.17
1.21
4.28
2.22
4.72
2.67
1.01
4.15
0.71
1.43
2.13
3.35
2.32
0.65
2.89
1.64
2.64
3.94
1.69
2.94
3.52
3.56
3.84
3.08
2.63
4.53
3.58
0.61
4.86
4.09
2.49
0.08
4.5
2.65
0.75
3.57
1.77
2.71
0.8
4.87
3.18
4.46
1.46
3.28
3.5
0.15
1.63
0.36
3.83
2.2
0.37
4.4
2.88
2.67
2.93
3.98
2.96
1.87
4.41
2.88
4.17
0.3
0.35
0.7
0.15
1.89
1.92
3.81
0.9
4.35
2.32
3.06
4.32
3.74
1.19
1.72
4.81
0.97
4
2.45
3.56
2.42
3.74
0.8
2.64
4.07
4.26
3.51
3.8
0.69
3.74
2.3
2.33
4.82
2.61
2.1
1.47
2.72
4.3
4
1.43
4.47
1.93
4.8
3.73
3.13
0.49
3.33
1.76
0.05
4.91
1.64
2.05
0.84
2.93
2.65
4.11
3.68
4.59
4.41
2.39
2.75
4.44
2.09
4.56
4.78
2.37
2.32
2.69
0.54
3.55
0.07
3.05
1.54
1.67
1.72
2.25
4.78
4.52
4.33
2.42
1.53
0.14
1.6
1.46
1.58
4.89
3.73
3.46
4.87
3.33
3.84
4.39
2.1
2.9
3.51
3.9
1.86
2.77
4.36
3.34
4.28
3.31
1.03
0.31
4.56
1.39
4.33
4.53
1.05
4.78
2.49
4.04
1.96
1.32
2.16
1.51
1.45
4
1.48
1.51
1.98
0.19
2.65
1.76
3.12
1.28
2.79
4.03
2.04
2.91
4.8
4.12
1.94
1.62
4.93
0.28
0.3
0.02
0.51
2.86
4.6
2.38
2.39
3.86
2.98
1.98
2.73
2.82
2.8
2.83
0.66
3.64
1.26
1.99
4.62
3.08
1.71
3.93
3.39
4.43
4.17
3
0.68
4.06
1.31
3.14
0.96
0.56
3.21
4.5
2.44
0.25
2.55
0.82
0.37
3.66
3.99
3.96
4.86
1.64
4.7
4.94
0.34
4.48
2.12
4.8
4.36
3.17
4.16
1.29
3.64
3.87
1.74
0.41
3.13
0.71
3.52
0.85
3.21
4.32
4.33
0.01
2.85
2.02
0.59
0.54
4.59
1.91
2.12
0.21
4.59
0.18
1.82
3.23
0.4
1.89
0.52
3.96
1.7
2.25
3.85
0.65
4.21
2.33
3.13
0.12
2.43
1.25
0.79
0.01
3.52
3.39
2.45
4.7
2.6
0.45
1.29
1.11
3.25
2.85
1.22
4.56
4.96
3.96
4.11
0.49
3.75
3.66
2.82
4.26
2.4
4.36
0.75
3.5
4.35
0.7
4.47
0.07
0.46
0.2
4.15
3.83
3.15
1.6
4.06
2.65
1.08
2.66
1.59
0.88
4.01
4.76
1.7
1.35
0.55
2.11
0.46
3.82
4.28
4.01
4.21
1.99
3.1
0.92
2.19
4.09
1.37
3.15
2.99
0.67
3.89
4.24
4.48
3.98
2.73
4.56
4.41
4.53
2.92
4.03
3.19
3.36
2.55
4.04
4.86
1.95
0.4
1.71
1.33
3.14
3.7
1.18
3.06
0.19
1.02
4.78
2.65
3.66
3.49
1.75
2.77
4.84
3.41
0.73
1.43
3.93
2.48
0.38
2.7
0.03
0.51
0.66
3.63
3.82
3.01
3.82
2.6
2.16
3.5
0.85
0.3
4.84
1.67
3.6
3.31
2.93
2.3
2.97
2.66
3.12
2.86
0.72
0.18
0.68
3.76
1.25
2.08
2.06
4.72
1.41
3.88
3.24
0.24
2.03
1.14
2.87
1.84
4.86
0.89
4.92
0.99
4.83
2.31
0.52
1.86
3.98
0.08
0.44
4.16
0.33
1.53
1.96
1.98
4.58
4.96
0.44
0.15
4
2.43
2.58
2.94
1.59
1.42
1.75
3.52
1.76
1.82
1
3.53
4.53
3.59
4.65
1.11
2.45
0.65
4.28
2.42
4.37
1.57
3.46
3.34
4.86
2.71
1.86
1.2
3.52
0.66
2.91
4.83
1.4
1.39
1.92
3.8
3.75
1.13
1.11
1.16
0.93
0.48
3.81
1.6
3.8
3.47
2.13
1.38
4.64
2.65
0.56
1.01
1.02
4.92
0.29
1.63
1.96
2.02
1.24
0.91
0.73
0.73
1
3.58
0.16
2.05
1.2
1.69
2.07
3.26
4.41
2.67
0.77
3.46
4.71
4.52
0.78
2.45
1.24
4.94
4.04
3.88
3.69
2.83
0.63
3.92
1.74
3.98
0.82
2.22
0.83
0.23
2.7
0.61
2.22
4.24
2.61
1.97
3.09
2.84
0.12
3.82
0.28
2.16
4.24
3.81
4.3
1.78
4.56
0.5
4.45
1.24
1.66
0.62
4.61
0.91
4.73
3.33
0.67
2.61
3.82
1.7
3.61
2.14
3.71
3.81
2.26
4.62
3.44
3.7
3.14
3.26
4.97
0.9
0.26
4.71
2.39
0.05
1.94
1.19
2.85
4.76
3.3
4.23
0.33
0.25
0.11
4.17
4.4
3.06
0.23
3.58
1.3
2.39
0.62
4.93
0.33
0.15
2.57
2.24
2.36
2.13
3.29
3.99
3.6
2.4
4.14
3.79
2.79
4.9
3.21
0.09
3.72
3.11
0.44
2
2.95
0.74
0.66
4.78
3.1
2.03
0.41
4.82
0.54
3.1
1.03
2.62
3.89
0.69
1.59
3.93
3.33
3.32
1.77
2.93
3.07
1.91
2.91
5
2.57
3.64
4.12
3.21
0.03
2.36
0.67
4.6
4.9
2.65
0.12
0.6
3.5
2.68
3.55
4.91
1.49
0.47
0.28
0.53
3.01
0.33
4.47
4.39
2.95
4.86
0.98
4.66
1.85
2.84
2.89
0.13
2.46
0.42
0.73
0.67
4.08
0.45
2.32
3.32
1.55
0.63
2.93
4.02
2.57
1.85
1.35
2.54
0.01
1.98
1.37
4.07
2.24
0.24
3.75
2.44
0.95
4.84
2.47
0.06
0.06
3.06
2.66
4.16
3.1
0.8
2.11
3.76
3.39
4.93
2.19
3.39
2.31
1.05
4.35
2.06
3.87
0.75
4.15
2.72
1.29
1.4
1.16
4.85
3.75
4.73
2.35
1.56
4.17
2.5
2.48
4.83
1.14
1.09
0.56
2.69
1.25
0.02
3.43
2.71
3.97
2.76
2.56
2.05
4.46
2.93
2.94
3.7
4.23
1.48
0.41
4.27
1.58
0.2
0.1
0.48
3.31
2.17
2.03
4.81
0.76
1.09
1.29
3.65
0.74
2.19
2.86
0.06
0.75
3.12
2.64
1.42
2.32
0.95
0.09
0.27
3
3.25
4.31
3.65
2.83
4.71
2.17
3.06
2.7
4.67
4.95
2.85
0.89
4.42
3.73
1.41
4.14
2.12
1.28
3.19
1.76
2.85
1.38
1.87
1.95
1.2
4.34
1.77
4.43
3.11
1.73
4.51
1.16
4.33
3.95
4.3
0.18
1.04
4.72
3.37
3.11
2.71
2.57
0.72
2.32
2.2
2.92
3.76
1.96
1.08
3.11
2.54
3.95
2.11
3.47
2.13
4.69
1.07
0.52
0.77
2.68
0.09
3.49
2.21
3.17
4.44
2.67
1.64
4.81
3.26
0.73
0.81
0.97
4.93
4.83
3.48
3.43
3.02
1.28
3.72
0.28
0.84
1.19
4.78
3.92
3.36
4.27
1.73
4.45
1.18
0.78
4.99
2.57
1.83
0.83
2.28
4.36
4.56
3.7
1.75
0.09
2.3
2.5
2.5
1.3
3.73
1.42
3.42
4.22
3.87
2.04
2.92
4.07
3.88
4.02
1.26
0.75
1.05
1.43
1.95
1.29
0.57
2.84
1.82
3.46
4.35
4.1
2.43
2.63
2.13
3.54
0.63
2.39
3.79
4.19
0.56
1.48
1.31
3.94
1.62
4.05
3.33
2.86
1.18
1.17
3.84
4.13
3.09
0.24
0.23
3.78
1.38
2
0.46
3.67
2.87
4.48
4.79
0.72
4.47
3.85
4.66
0.46
2.93
3.46
3.15
4.52
1.01
4.21
1.11
4.34
4.78
3.77
3.9
0.25
3.52
0.96
0.62
4.86
0.71
4.29
3.72
2.27
1.9
2.91
0.59
1.93
1.04
0.81
4.01
0.95
3.52
0.75
1.6
2.17
3.68
1.61
1.3
3.17
1
0.01
2.68
1.44
0.72
2.67
1.98
4.92
2.59
3.72
1.28
0.52
3.32
0.71
0.88
1.64
3.84
0.59
1.95
3.2
3.16
4.55
3.5
0.85
3.1
3.7
4.79
3.97
0.96
2.72
4.57
0.62
3.54
1.2
3.96
4.06
1.07
1.23
4.42
4.78
3.99
4.04
2.29
0.23
3.18
0.23
4.22
3.94
4.32
0.08
3.14
3.21
2.59
4.86
0.7
3.23
3.55
0.42
0.44
0.07
0.18
4.39
2
1.37
4.03
3.28
1.54
0.59
2.35
0.88
3.71
4.55
4.48
4.17
4.13
0.51
3.42
2
1.12
4.38
1.89
0.13
4.27
3.61
3.12
0.04
0.37
1.8
4.88
4.38
3.95
1.21
2.4
0.46
0.63
3.2
4.9
2.03
4.35
2.5
4.62
2.11
2.83
3.01
1.74
3.9
0.85
4.26
1.03
1.03
4.26
3.72
0.14
4.94
4.95
2.1
4.21
3.59
0.38
3.08
1.24
3.04
0.94
0.84
1.26
2.4
1.95
0.62
1.04
4.42
0.51
1.23
3.51
4.87
0.49
1.66
3.52
1.98
3.02
3.83
1.04
2.98
0.66
2.92
4.68
1.6
1.21
0.87
1.06
1.97
4.7
2.05
3.48
1.17
5
2.53
2.56
4.82
4.04
2.83
2.98
0.38
2.05
2.78
4.09
0.71
1.68
3.05
2.49
3.12
2.69
3.48
0.88
2.32
3.56
4.21
0.91
1.04
3.3
1.08
3.26
0.45
4.97
1.75
3.5
0.18
1.85
1.07
2.87
1.87
3.19
0.38
4.3
0.08
2.48
0.79
4.68
1.88
3.11
4.41
2.24
4.65
2.19
1.26
2.55
0.13
0.39
4.5
1.71
2.28
3.35
0.65
2.04
4.91
0.41
3.68
4.36
4.39
3.35
1.62
2.61
0.1
4.32
0.82
1.05
2.15
0.8
2.64
2.55
4.36
0.08
2.92
4.62
2.59
0.85
4.67
0.86
4.73
4.74
2.88
3.12
2.05
0.44
2.84
0.04
2.43
0.25
2.18
1.14
0.94
4.56
1.74
1.13
3.71
0.43
2.53
3.46
1.08
3.89
4.16
4.09
3.64
0.25
2.57
4.49
0.78
0.16
0.55
3.17
2.85
1.21
2.42
1.44
1.96
0.64
0.29
0.5
3.18
1.49
3.96
0.83
3.14
3.4
2.85
1.81
1.14
2.72
3.55
0.24
0.82
3.22
0.36
2.05
0.9
3
1.11
3.57
4.54
0.16
3.44
1.42
3.32
4.73
0.27
1.73
0.47
4.63
1.43
3.02
3.85
1.13
2.46
0.94
3.22
1.88
2.17
1.44
1.82
2.59
1.67
3.19
0.7
0.59
4.58
4.75
0.74
3.87
2.48
4.25
1.74
2.61
1.86
4.49
3.58
3.77
0.18
2.65
3.17
4.78
4.64
3.7
3.35
4.5
3.56
1.02
1.06
4.79
1.79
4.4
0.55
4.4
3.26
0.63
3.76
3.49
3.35
1.1
1.14
2.15
1.56
3.96
4.35
2.99
3.83
0.46
1.29
3.16
2.69
2.07
0.37
4
2.67
3.21
0.22
0.28
3.79
3.63
2.62
1.25
4.63
3.87
1.29
1.49
0.29
3.3
2.4
0.91
0.4
4.75
4.17
0.71
4.6
0.38
1.39
0.65
1.03
3.33
0.66
0.46
3.15
1.84
3.37
1.07
2.91
2.06
4.49
0.47
1.95
2.74
0.77
4.14
0.34
4.22
4.29
0.13
4.42
2.97
2.81
0.32
0.67
3.01
2.29
2.57
3.94
4.94
3.13
2.5
2.44
2.9
0.31
0.59
0.77
1.33
3.72
3.05
2.92
1.27
0.52
1.78
2.91
0.4
2.97
0.86
2.74
2.37
4.59
2.29
3.14
0.65
1.35
2.32
4.05
0.34
1.12
0.19
3.43
0.97
2.2
0.83
4.66
2.92
4.51
1.06
2.19
0.55
1.18
4.72
3.28
4.77
1.39
4.64
0.55
2.86
4.38
4.75
3.6
0.2
2.77
3.59
0.86
0.79
1.36
0.59
0.82
3.95
0.11
1.52
1.65
4.88
3.26
1.34
2.36
4.36
0.07
2.55
3.49
1.85
3.24
1.87
4.78
4.26
2.1
2.34
4.97
3.7
2.92
0.92
3.76
3.07
1.19
2.62
2.44
3.98
3.94
3.81
2.95
2.03
1.11
3.49
1.84
3.9
0.48
2.89
2.98
2.18
3.07
3.88
1.31
2.34
3.14
2.16
1.88
1.66
4.07
3.44
2.05
2.49
4.2
3.02
0.41
2.64
1.88
3.79
1.37
4.27
4.25
3.56
1.51
2.71
0.93
2.76
0.68
1.07
4.46
2.59
2.83
1.33
1.13
3.15
2.37
1.52
3.17
3.54
2.24
1.49
4.12
0.8
1.17
2.25
3.31
0.94
0.21
3.07
3.88
0.99
4.73
5
0.89
2.92
3.37
2.68
1.49
4.37
1.19
1.49
2.93
4.81
2.01
2.72
0.17
2.36
3.45
1.29
3.9
2.31
1.5
0.82
4.07
1.47
3.66
1.69
2.18
3.06
3.34
2.28
1.2
0.33
3.6
4.4
3.72
3.42
2.72
1.25
2.58
1.74
1.37
1.74
0.19
0.18
2.01
2.96
0.84
4.81
0.82
3.82
0.53
2.47
3.13
0.56
0.47
2.74
0.03
1.97
2.29
4.15
0.1
3.69
0.38
3.42
0.47
3.23
