3.17
0.15
1.89
4.56
1.27
1.55
2.8
0.3
3.8
0.93
4.46
2.1
4.4
3.93
0.35
2.97
3.62
2.38
3.12
2.01
3.38
2.6
3.38
2.08
0.55
0.83
1.82
2.6
0.94
2.3
1.68
0.27
0.78
1.79
1.91
2.37
1.72
0.46
3.13
0.96
2.77
3.63
3.91
3.9
3.48
2.74
4.1
4.52
4.12
4.81
3.12
2.61
0.79
3.47
3.02
1.95
4.4
1.15
0.59
4.37
2.94
2.59
4.58
1.42
2.36
1.86
1.16
2.26
3.2
1.4
1.74
4.99
1.43
0.33
0.06
0.82
0.96
3.22
2.54
3.35
3.69
0.99
0.57
1
4.31
1.1
0.84
2.81
2.47
3.92
4.16
2.71
0.55
2.78
1.65
4.41
2.72
2.63
1.01
1.29
1.21
2.99
2.81
0.02
0.97
3.02
4.05
3.56
2.94
3.16
4.5
1.6
0.28
2.5
4.14
2.48
2.17
0.38
1.57
1.44
4.57
1.93
1.82
3.12
2.71
2.64
1.59
4.45
1.75
1.14
1.8
3.65
3.46
1.16
4.8
1.87
3.21
0.08
4.3
4.06
2.22
1.1
4.7
4.87
3.02
2.64
1.54
0.75
3.94
4.34
0.19
3.69
1.01
2.47
4.54
3.6
2.26
1.37
1.35
1.46
3.38
1.03
0.35
0.67
4.33
0.42
1.56
0.02
3.84
3.23
1.5
3.17
1.05
1.57
3.86
1.79
1.65
1.2
2.95
2.26
2.38
4.9
0.3
4.02
2.51
1.79
4.24
0.92
3.62
3.93
0.87
3.37
1.6
1.55
0.08
4.16
4.84
3.31
4.33
3.6
4.02
3.01
3.3
0.77
1.96
3.67
2.59
4.02
2.58
4.89
4.29
4.66
0.59
3.83
4.26
2.41
1.33
1.35
1.88
0.88
0.01
3.37
4.78
0.24
2.49
2.44
0.67
4.98
2.65
1.84
0.97
1.54
3.38
1.71
3.42
0.5
2.49
2.63
2.08
1.86
0.82
3.64
3.29
0.16
3.52
0.05
0.8
1.34
1.38
1.23
4.24
1.96
4.3
1.14
2.29
1
0.9
2.82
3.39
3.01
1.68
0.59
3.26
3.65
4.65
0.61
1.47
2.79
2.93
2.13
1.86
3.97
0.09
3.13
4.36
2.79
4.92
4.06
4.91
3.91
3.69
4
2.59
2.97
1.36
2.19
3.03
1.06
2.45
1.32
4.45
1.38
1.39
1.73
4.13
1.97
3.33
3.83
0.5
1.71
3.07
4.69
0.24
3.23
2.5
1.77
0.69
0.78
1.63
0.21
1.85
3.55
4.26
1.23
1.6
3.29
2.21
0.63
4.66
3.28
1.62
1.51
0.86
0.71
0.2
3.69
1.06
0.48
0.56
0.07
4.72
2.77
0.97
2.29
4.32
1.91
2.36
0.99
2.03
1.28
4.85
3.4
4.03
4.12
4.84
3.74
1.52
4.58
1.34
3.45
2.18
2.79
3.54
0.14
4.41
4.73
0.21
4.27
3.44
1.35
4.58
1.33
3.85
2.18
4.09
0.79
4.1
0.51
0.54
4.8
0.02
2.81
1.48
4.64
0.93
0.38
3.22
1.51
4.07
0.36
2.23
3.47
4.83
3.61
2.77
2.45
3.98
2.69
0.53
0.84
4.31
2.92
2.52
3.1
4.41
0.57
1.83
4.17
4.25
0.88
3.69
4.22
3.94
0.36
1.57
2.42
0.88
3.91
2.19
4.01
0.75
1.01
3.27
1.37
3.6
0.05
2.56
0.49
1.78
0.85
1.53
1.61
2.17
4.19
1.83
3.94
1.88
1.28
4.37
4.81
1.56
2.76
1.44
4.96
0.72
2.64
1.25
2.68
2.88
4.79
1.17
2.04
2.63
0.08
3.49
1.74
4.83
1.03
0.38
0.1
1.08
2.5
2.73
4.84
0.03
4.42
3.24
1.71
0.56
2.86
1.57
2.51
0.42
3.6
0.55
3.54
1.72
3.08
1.54
4.97
0.2
0.25
0.38
1.62
2.28
4.07
4.54
4.62
2.29
4.72
2.42
2.1
2.17
0.82
2.88
1.82
2.51
1.09
2.23
2.23
0.2
1.52
4.27
2.83
4.73
4.12
0.84
0.37
4.04
4.45
0.84
4.42
4.29
2.3
3.5
0.58
0.07
0.24
0.83
2.5
0.58
2.48
2.51
2.4
0.69
2.87
1.98
4.64
4.2
2.9
2.93
4.27
4.59
0.16
1.45
3.52
1.51
0.99
1.69
2.23
2.31
4.61
4.91
2.59
1.71
2.22
4.74
0.51
4.22
4.71
2.41
0.86
3.78
0.08
4.26
2.01
1.91
3.13
1.86
1.66
0.81
4.39
4.32
4.62
0.04
4.28
2.35
3.41
1.17
4.89
1.14
2.13
0.81
2.05
4.46
0.74
2.37
3.03
2.45
2.8
4.61
1.7
4.91
3.44
4.31
2.11
3.04
1.76
3.74
4.44
1.45
1.55
1.17
0.02
4.92
4.02
4.3
4.85
4.87
3.61
1.5
1.74
3.03
1.81
2.68
4.18
2.71
0.62
0.97
4.44
2.98
1.85
2.4
3.6
0.35
3.78
1.01
0.45
3.69
3.05
0.84
2.9
0.44
1.36
1.51
1.08
4.64
0.68
4.04
3.89
4.47
0.28
3.37
1.73
4.11
3.12
0.44
2.43
2.16
3.09
4
4.48
1.36
0.09
1.83
4.91
4.46
1.57
3.38
3.2
3.28
4.67
1.98
3.27
1.7
1.88
0.89
3.05
1.31
3.67
0.09
3.38
1.06
1.89
3.28
2.15
2.32
4.7
0.93
0.5
1.46
0.14
1.05
1.92
3.53
4.44
1.68
1.33
0.79
2.63
1.11
0.84
4.1
4.98
3.94
2.61
0.3
0.89
4.69
1.42
1.93
0.66
0.34
4.69
3.92
4.26
4.59
1.74
4.99
0.34
2.51
3.03
4.91
0.93
1.4
1.67
2.93
1.41
4.76
4.4
2.57
3.7
1.12
4.39
1.75
3.74
3.76
2.28
0.48
4.67
1.05
4.61
0.83
0.84
4.58
0.52
4.02
4.61
3.96
3.65
1.78
1.77
0.12
0.82
1.1
3.31
1.09
4.69
2.41
0.56
4.24
2.04
4.56
4.7
2.41
0.08
1.86
3.17
2.97
3.31
3.07
0.06
2.91
0.79
3.95
1.9
0.85
4.73
4.93
1.83
2.92
3.63
4.02
3.46
4.25
4.4
4.5
1.9
4.19
1.67
1.79
3.5
2.03
4.79
0.77
0.79
4.76
1.24
2.44
2.08
0.04
3.34
4.73
1.08
0.55
4.55
2.08
1.26
3.16
4.51
0.43
3.46
4.77
1.31
1.88
1.24
1.36
4.56
0.4
2.12
0.17
1.9
0.49
0.24
3.02
4.7
1.3
3.64
4.98
3.31
1.02
3.34
0.4
2.63
0.27
4.5
0.38
0.04
3.77
1.12
0.05
3.76
3.5
4.91
0.08
3.64
2
3.25
1.47
1.82
2.89
2.2
2.97
3.85
0.85
4.93
4.75
0.85
0.76
2.61
4.64
3.8
2.84
2.81
3.68
3.71
1.64
1.63
3.76
1.4
4.92
4.16
0.11
1.23
1.89
0.22
4.7
0.43
3.77
3.41
4.07
2.59
2.18
2.77
4.19
2.54
1.83
3.39
1.2
1.71
1.94
3.75
3.99
4.48
3.79
0.87
1.94
4.47
2.94
4.66
3.48
1.47
4.85
0.99
4.43
0.55
3.8
1.58
1.49
4.59
0.54
2.07
1.35
2.14
2.42
0.48
1.33
1.3
4.59
1.66
3.2
2.46
1.84
0.65
1.74
3.14
4.35
0.61
1.74
3.5
3.52
2.24
1.87
2.26
0.58
0.31
0.81
3.68
4.32
1.44
3.76
0.68
2.45
3.59
3.17
1.88
0.26
1.19
2.51
4.63
1.25
2.24
3.81
1.32
1.73
1.12
3.98
1.53
2.81
2.54
4.01
0.01
1.23
3.75
1.69
0.27
3.18
0.66
3.07
4.27
3.41
4.65
0.12
2.63
2.45
1.98
2.51
2.92
3.43
1.73
3.94
3.92
4.7
1.31
2.4
1.89
0.59
3.5
3
2.08
4.69
2.76
1.03
2.67
2.29
4.76
3.29
4.08
1.53
2.92
3.85
1.47
3.33
2.21
4.21
1.23
3.36
3.08
2.46
0.66
4.41
3.22
4.31
1.56
3.49
3.57
4.84
2.66
2.29
3.18
1.89
4.29
0.88
1.03
1.19
1.65
2.1
3.11
3.28
3.38
1.09
1.35
1.55
3.34
2.19
4.33
3.23
0.21
4.21
0.05
3.25
3.21
4.51
0.17
0.94
2.73
1.85
3.78
4.18
2.06
0.72
0.54
3.68
3.01
0.87
0.8
0.91
1.26
1.54
2.59
2.13
1.08
1.97
4
4.97
2.67
3.11
0.99
2.68
3.72
3.74
3.21
4.25
2.44
0.11
1.61
1.17
2.25
3.4
1.17
1.48
2.74
0.63
3.47
3.23
4.93
2.63
1.75
1.59
1.66
3.48
3.79
2.42
2.36
1.57
4.67
3.36
3.32
1.44
4.79
0.85
2.15
1.87
1.91
2.72
4.82
0.7
0.1
3.23
4.53
3.42
4.35
3.95
0.59
1.82
0.54
3.34
1.08
4.04
3.17
1.07
0.03
3.11
1.24
2.97
1.03
0.8
4.9
2.6
4.06
1.45
2.5
3.7
1.17
1
1.95
2.41
2.28
4.45
0.4
3.5
2.54
5
2.06
0.45
0.98
2.33
2.14
2.63
4.54
0.92
1.88
1.77
4.56
2.78
1.7
2.19
1.07
4.42
4.78
3.41
3.46
0.55
3.88
2.46
1.39
1.94
0.26
2.43
0.29
4.41
3.63
2.42
1.42
0.87
3.11
4.22
0.29
2.22
1.52
2.07
0.77
0.39
0.63
1.63
0.58
2.49
0.07
4.34
1.12
4.76
3.68
1.38
2.21
4.48
3.42
0.35
4.29
4.01
0.01
3.47
0.57
3.07
1.21
0.1
0.2
0.17
1.7
0.12
2.16
0.4
3.12
0.38
0.74
3.94
1.62
0.61
3.09
0.62
0.98
3.15
0.2
0.73
0.35
4.68
2.73
4.45
2.35
1.56
2.71
4.56
0.62
1.78
3.24
1.4
3.71
2.72
3.67
4.17
1.57
1.1
0.56
3.1
0.2
1.6
4.05
4.33
4.09
1.85
1.39
0.13
1.89
3.4
0.83
4.35
2.19
3.11
1.92
2.33
5
3.51
1.89
3.32
3.81
2.55
4.18
0.37
2.77
0.8
1.05
1.17
4.24
2.88
1.92
2.98
0.87
1.6
4.32
2.69
1.8
1.02
3.23
0.7
2.35
4.53
1.82
4.36
3.65
4.39
0.99
4.86
3.98
1.38
2.43
4.03
0.05
4.12
2.97
2.96
2.25
4.33
4.47
0.25
1.83
1.15
4.06
3.33
1
3.38
2.52
2.7
3.41
0.45
3.35
2.07
4.1
3.38
4.89
1.75
0.48
4.64
0.89
3.83
4.14
1.6
3.4
2.45
1.29
4.36
2.87
4.18
0.29
1.39
2.03
2.18
0.85
4.23
2.08
1.69
3.88
1.04
0.91
2.22
0.99
2.63
4.36
0.02
4.34
0.21
0.92
3.43
0.2
2.64
4.18
3.31
1.38
1.74
3.1
2.29
0.71
2.16
3.81
1.9
0.91
4.39
4.57
0.77
3.15
1.69
3.45
1.01
3.06
0.56
1.64
1.34
4.8
2.79
2.98
4.67
4.36
4.18
4.81
1.94
4.37
0.74
0.88
2.03
2.25
0.48
4.09
2.19
1.46
1.52
4.01
2.13
1.39
2.68
3.85
2.46
0.1
1.6
3.95
4.81
4.03
1.55
1.08
1.74
0.75
0.51
0.17
0.58
4.36
4.48
3.3
4.56
0.61
0.56
4.41
3.53
1.77
4.86
1.88
4.11
0.77
3.87
2.54
4.38
3.46
0.45
2.15
4.63
3.13
4.03
1.49
0.64
2.25
4.44
4.9
4.01
2.39
3.68
3.56
1.59
3.64
2.85
4.12
4.55
0.43
4.98
3.74
3.84
3.24
4.09
3.92
4.37
1.3
4
1.72
1.78
1.05
0.94
3.31
4.13
4.48
3.31
3.58
0.17
4.93
2.25
1.15
3.18
5
2.51
1.68
3.54
0.99
4.41
1.04
2.37
0.53
4.04
2.85
1.51
1.45
1.68
1.36
3.96
0.8
0.64
4.48
1.92
4.64
1.01
0.52
0.54
1.58
2.71
3.67
3.72
0.56
1.65
4.19
3.32
3.57
3.38
4.64
0.79
0.59
1.5
3.87
1.09
2.76
2.09
4.99
3.59
2.42
2.68
2.18
0.3
4.21
4.23
4.07
0.78
1.06
1.48
1.25
3.86
1.17
1.3
1.73
0.39
4.93
3.23
0.74
3.94
1.33
0.02
4.52
2.59
2.06
4.47
1.31
1.78
3.3
4.48
3.97
0.43
2.7
4.82
2.48
4.12
0.9
3.74
2.27
2.54
2.93
2.76
1.99
1.53
3.71
0.74
2.03
4.67
2.85
2.62
3.13
1.43
3.8
2.86
1.83
0.51
4.78
3.92
2.31
3.67
4.2
2.86
4.79
4.38
0.23
0.45
4.77
0.04
1.57
2.04
4.98
3.63
1.95
4.02
3.96
2.63
4.41
3.31
3.86
3.86
3.86
0.14
4.09
1.6
2.03
0.48
3.75
1.95
2.38
4.45
0.59
2.31
2.42
4.49
1.32
4.8
3.42
0.8
3.94
1.88
2.41
0.28
2.77
4.69
4.98
4.95
3.23
2.9
0.61
0.49
3.16
2.34
4.28
1.02
4.51
3.92
4.96
4.52
0.81
1.68
4.06
4.6
3.16
0.02
2.11
0.81
1.72
4.93
2.24
3.29
0.31
0.04
0.27
3.65
3.47
0.08
4.23
1.07
4.08
2.23
0.78
3.24
1.96
2.23
2.28
2.27
1.41
1.59
4.62
1.07
0.79
3.26
3.04
0.13
1.32
0.03
3.66
2.7
4.19
0.27
3.47
4.66
4.42
4.96
4.26
4.95
1.43
2.51
3.35
0.9
3.66
1.46
2.15
3.28
2.72
2.96
4.08
2.58
2.63
4.53
0.43
0.45
2.18
2.66
0.58
1.88
0.37
4.68
0.11
2.23
4.17
0.21
2.37
3.35
3.46
3.5
2.85
4.06
3.82
3.37
2.54
0.24
3.84
3.41
2.99
0.83
4.99
0.35
1.33
4.03
1.48
0.94
3.5
2.85
3.06
2.16
4.87
3.7
1.4
0.85
2.77
3.03
4.86
1.42
1.28
2.32
0.41
1.04
2.07
3.75
3.22
3.18
0.52
3.92
4.25
4.51
2.06
4.64
1.39
1.17
3.51
3.97
0.01
3.3
1.59
1.69
4.62
1.11
2.39
3.86
1.7
2.97
1.06
1.21
1.77
2.08
1.18
2.91
4.39
2.01
1.83
1.89
0.14
4.2
4.56
3
2.86
1.84
1.87
1.24
1.17
2.21
4.48
2.29
3.76
1.57
0.46
1.7
2.93
3.86
1.04
1.71
4.33
2.95
0.25
4.02
3.12
3.91
1.4
4.95
2.89
1.91
0.34
3.67
0.26
3.38
0.69
3.75
3.94
0.56
0.89
0.68
1.04
2.31
2.15
0.54
1.95
1.42
4.17
2.82
3.42
0.92
1.24
2.72
3.98
0.66
1.63
4.87
0.72
0.84
3.08
0.41
2.88
3.05
1.74
0.22
4.61
0.32
3.26
4.62
0.21
4.12
0.89
2.3
1.35
0.56
1.49
4.38
4.86
0.68
1.75
1.3
4.83
0.94
1.51
2.71
2.05
1.22
5
2.76
3.45
2.5
3.91
0.11
3.81
4.52
4.04
2.85
4.79
2.45
4.58
4.58
1.31
0.08
4.48
3.87
3.39
4.96
4.74
4.18
0.52
3.34
1.91
2.57
1.03
0.58
0.7
0.31
0.51
4.9
2.86
3.64
0.2
3.52
4.22
1.05
0.13
4.16
2.01
2.6
4.13
0.76
2.13
1.9
2.14
1.88
4.21
2.39
3.25
1.94
1.51
0.73
2.91
0.37
0.58
1.28
4.06
2.28
4.35
4.96
4.79
2.55
3.32
2.51
3.44
4.28
2.38
3.15
2.19
4.41
1.49
0.27
0.8
3.75
4.47
4.04
1.86
3.62
4.58
3.99
1.76
4.06
0.07
0.9
0.67
0.03
3.75
4.42
1.71
2.64
4.18
0.58
2.99
0.59
4.9
1.06
0.65
3.03
4.53
4.61
4.4
1.87
4.03
2.54
4.19
0.65
0.48
0.35
0.16
2.94
3.51
4.08
0.36
3.04
0.61
3.19
3.95
2.44
3.09
1.75
3.75
2.2
2.84
1.39
1.83
4
1.49
1.35
1.26
1.36
1.99
4.33
2.75
5
2.54
2.38
4.15
0.7
4.56
3.54
0.94
1.36
4.81
4.93
4.23
1.88
3.23
0.97
4.22
0.59
0.99
3.31
2.52
1.89
3.42
2.62
1.61
4.95
2.38
2.67
3.31
1.19
2.5
0.9
2.66
4.54
4.58
5
4.17
2.53
1
0.22
1.55
1.37
2.62
3.25
2.45
4.04
4.29
1.61
0.69
4.45
1.19
4.82
1.03
4.47
4.72
1.75
2.98
4.97
2.52
3.25
0.04
1.07
0.98
0.07
1.64
0.7
0.66
3.6
1.96
2
4.73
3.25
2.72
4.91
0.2
3.28
2.76
4.26
3.62
4.41
2.84
0.75
1.47
2.49
3.83
4.15
3.87
4.51
4.98
2.1
2.39
3.57
4.16
4.73
0.2
1.14
4.82
3.27
3.5
4.23
1.48
4.17
4.92
4.4
2.4
4.85
1.54
3.99
1.05
3.89
2.08
2.13
2.95
3.04
0.17
3.91
1.9
3.86
4.3
4.78
4.16
4.81
0.61
0.19
2.7
1.18
4.39
1.36
3.11
0.95
0.8
0.57
2.62
4.52
1.37
0.5
4.28
3.3
0.76
0.67
3.68
2.81
0.66
0.43
3.59
3.9
0.67
1.99
3.35
0.24
1.98
3.41
0.96
1.29
2.68
2.83
0.91
1.86
0.74
4.43
3.33
4.47
4.38
3.7
2.11
3.77
2.82
2.43
4.68
3.19
0.97
0.71
3.62
0.1
0.03
4.82
0.3
0.41
3.89
0.09
0.5
0.32
0.89
0.76
4.32
0.41
2.95
2.64
4.38
3.59
1.31
4.92
0.77
4.84
2.3
2.17
4.35
1.26
1.08
0.25
0.31
0.13
3.87
0.64
3.61
3.57
1.71
0.08
3.22
2.61
4.71
4.86
1.88
0.75
3.11
3.66
4.42
2.5
3.54
3.02
1.81
4.38
2.75
4.5
2.59
1.5
2.07
3.38
3.49
3.31
0.42
2.12
4.34
4.95
2.72
3.88
4.34
0.19
1.03
4.36
4.86
4
4.88
0.51
2.41
0.84
0.18
4.33
3.43
3.53
2.7
3.75
3.22
4.51
2.44
1.18
3.98
0.16
0.71
4.65
0.37
3.7
1.09
4.2
1.53
2.11
3.34
1.93
1.27
4.53
3.51
3.19
4.96
2.65
0.67
4.05
4.73
0.44
3.99
2.66
4.9
2.38
4.86
2.75
1.95
0.18
4.42
0.69
0.3
3.06
2.08
4.23
3.97
1.66
0.35
4.24
3.02
2.28
4.16
4.54
3.81
0.3
1.59
2.78
3.21
1.24
0.82
3.27
4.13
0.03
2.45
2.39
2.34
2.3
0.25
3.32
3.32
0.55
4.42
0.22
0.77
0.01
1.63
1.75
1.65
2.44
0.41
2.15
4.51
3.82
0.88
1.88
2.42
4.74
2.57
0.87
4.65
1.53
4.63
0.44
0.63
0.76
0.64
1.14
0.35
1.83
0.26
1.31
3.13
0.05
4.37
3.46
0.68
3.75
3.87
0.69
1.47
4.97
5
4.65
3.67
1.44
2.4
3.59
4.55
0.55
3.55
0.64
2.28
3.41
2.31
3.36
3.97
2.91
3.24
3.66
3.63
0.07
4.57
1.44
3.08
0.96
0.37
1.09
1.76
2.01
4.25
0.3
2.52
3.89
1.19
0.18
1.55
1.06
0.28
4.21
1.77
3.14
2.94
2.25
2.21
4.94
2.56
2.55
2.57
2.66
2.14
1.68
4.75
1.18
3.66
5
3.74
3.59
4.59
0.05
0.48
3.06
2.39
4.89
1.78
2.81
1.85
0.74
4.68
1.45
4.9
4.48
2.35
0.17
1.91
0.9
1.54
4.35
2.07
0.72
4.27
1.89
1.34
0.49
0.99
3.45
2.15
2.82
2.6
4.11
4.52
2.28
0.47
2.49
4.12
0.9
0.29
3.52
0.33
3.12
2.65
2.61
1.47
2.74
0.42
3.46
3.39
3.61
0.2
0.71
1.92
2.28
2.32
2.87
1.77
0.08
1.4
1.43
4.47
1.64
4.87
4.56
4.04
2.24
4.52
3.9
1.77
0.91
4
3.29
0.89
0.63
4.57
3.59
2.36
4.69
3.3
4.6
4.1
1
2.71
4.86
3.39
2.57
4.3
4.36
2.46
1.24
1.93
3.22
0.51
1.7
2.33
4.13
3.75
2.14
4.75
3.73
0.45
4.95
3.58
1.24
1.8
0.73
3.47
4.62
4.18
1.14
0.99
0.73
2.27
1.63
0.72
4.77
2.27
2.25
4.39
