0.45
3.69
3.57
0.43
3.31
0.41
4
2.15
1.16
1.79
3.04
1.57
1.08
3.3
0.74
3.36
0.37
4.36
2.51
1.19
3.43
1.65
0.41
4.53
1.22
1.75
0.26
1.79
3.13
2.74
0.88
0.98
1.45
2.36
0.21
2.84
2.87
3.09
2.47
4.03
1.54
2.46
4.06
3.68
4.4
0.02
0.16
4.92
1.81
0.3
4.68
3.56
0.6
2.41
2.02
1.17
1.36
0.71
0.54
4.83
0.36
4.77
3.05
0.74
2.37
4.34
1.69
1.35
0.54
2.71
1.54
1.17
3.89
1.36
1.08
1.91
4.18
0.27
4.25
2.67
2.48
2.47
4.26
1.89
2.5
1.14
0.66
2.23
1.75
4.72
0.51
1.37
0.03
3.03
1.76
2.36
0.81
2.55
3.8
1.13
1.49
0.81
4.92
4.11
1.95
4.94
3.09
4
2.87
4.41
2.19
0.36
1.18
4.1
4.52
4.07
1.69
4.01
4.01
3.61
1.9
3.65
0.92
3.21
2.29
0.66
0.13
3.1
2.26
1.85
3.77
3.5
2.45
4.68
3.83
1.15
0.07
0.93
1.95
4.55
1.8
0.78
0.7
2.14
2.77
1.45
4.77
0.82
2.9
4.32
2.3
3.63
1.87
0.55
3.69
4.98
0.08
4.44
1.16
1.14
2.87
1.57
3.71
0.13
1.24
1.44
4.83
2.56
4.88
0.21
4.11
3.32
1.8
1.12
2.73
4.79
3.22
3.56
4.01
0.32
4.99
2.99
1.98
1.08
1.55
1.36
2.49
0.86
2.45
2.33
3.82
0.43
1.75
0.63
1.03
3.49
0.7
2.16
5
1.45
0.8
0.3
3.08
1.24
4.33
3.75
4.93
3.74
4.61
0.92
4
0.14
2.18
0.7
4.75
1.68
3.95
2.57
2.32
3.84
2.42
1.95
1.54
0.84
3.62
2.92
0.4
1.5
3.92
2.29
0.76
1.59
1.96
1.45
3.71
4.3
2.31
4.76
3.44
4.11
4.15
3.29
3.48
1.86
3.29
0.35
0.94
2.86
2.89
2.17
1.79
3.64
4.8
4.99
0.46
4.05
1.7
3.26
0.92
4.8
4.61
1
1.46
0.77
3.15
3.75
3.9
4.49
1.5
3.1
3.82
4.11
3.74
1.18
3.64
2.18
4.24
3.68
0.87
1.86
2.31
3.58
3.97
0.4
4.44
3.01
4.61
4.41
1.94
4.27
3.52
1.11
3.59
0.09
0.26
0.51
4.78
2.48
1.99
0.48
2.54
3.91
4.95
4.5
2.16
1.09
2.04
0.62
1.71
1.79
2.27
3.05
1.87
0.17
4.59
0.59
1.97
2.43
4.54
2.49
1.66
3.22
3.06
4
4.1
4.64
2.86
0.59
1.24
1.59
3.96
0.46
3.43
2.06
2.66
3.93
1.76
1.94
1.67
0.02
1.74
1.37
4.09
3.82
0.69
3.57
3.04
2.6
1.35
1.71
1.57
2.9
2
2.39
1.36
3.58
0.24
3.2
2.08
3.58
2.5
3.04
0.82
3.07
0.66
2.06
2.23
4.97
2.69
2.52
2.21
0.67
1.05
2.73
2.33
3.12
1.31
1.42
4.71
1.69
1.28
4.29
3.6
1.15
2.08
2.98
4.83
1.62
1.34
2.75
4.57
4.64
3.18
1.95
1.66
0.25
2.59
1.88
0.62
3.2
0.98
4.15
2.69
0.5
2.79
2.15
0.9
2.34
3.73
2.4
4.08
0.02
2.62
4.33
5
4.38
2.65
3.8
3.8
0.41
4.03
2.02
4.47
0.76
1.47
3.33
3.36
3.36
1.65
1.88
4.37
3.79
3.67
2.37
0.95
1
0.48
4.15
4.99
0.82
0.81
1.12
0.82
3.07
2.23
3.66
0.08
4.22
3.7
0.48
2.32
1.99
4.53
4.75
4.15
2.51
4.3
0.47
2.27
3.05
2.96
4.26
4.83
4.28
0.94
1.49
3.37
4.55
0.09
2.82
2.56
4.31
0.29
1.52
4.7
4.88
2.5
2.57
4.06
4.18
1.93
2.29
2.96
3.47
4.35
2.44
2.29
3.87
4.48
0.49
0.91
1.41
1.87
3.7
3.36
0.77
3.44
4.99
2.98
2.22
1.33
1.92
4.83
3.41
3.71
2.98
0.92
2.92
1.33
0.79
2.18
4.72
0.63
4.7
4.46
0.43
2.66
2.68
3.98
3.25
4.98
2
0.23
1.93
4.89
0.73
1.11
2.15
3.37
0.47
1.62
1.31
2.32
2.6
2.55
1.96
1.83
3.93
1.03
0.62
1.39
3.69
3.94
1.67
3.09
4.05
3.58
0.02
3.79
0.2
3.78
2.03
4.58
0.78
1.52
0.23
0.56
2.09
3.99
2.04
1.1
4.49
1.48
0.37
0.68
3.32
1.29
0.52
3.24
4.5
3.49
2.7
1.45
4.06
2.14
1.55
1.55
3.39
2.39
4.77
3.81
1.74
4.81
0.72
3.49
4.78
2.43
3.4
1.19
0.06
1.46
3.74
0.89
0.93
4.07
3.9
3.09
3.46
4.31
1.96
1.66
0.16
3.36
0.77
3.02
0.36
2.18
0.94
0.9
3.65
0.54
1.6
0.49
0.8
2.11
3.87
4.93
0.31
1.15
3.83
3.97
0.89
0.93
1.39
1.09
3.54
1.91
2.33
3.14
1.22
4.48
3.19
2.22
0.44
3.72
2.54
4.72
2.95
0.56
1.32
4.33
0.01
4.24
2.33
4.8
0.46
4.35
1.85
4.2
0.49
0.86
4.28
2.21
0.28
3.74
2.51
0.87
2.94
4.28
2.15
0.26
0.79
3.9
0.53
3.38
1.14
2.17
3.84
2.11
4.07
0.4
0.03
1.53
3.49
2.93
1.55
3.21
1.83
1.53
3.5
0.46
3.45
3.12
4.11
2.75
2.27
1.35
3.94
4.85
0.09
0.75
0.58
2.67
0.14
4.85
4.42
3.55
0.99
4.73
1.07
0.19
0.36
3.44
2.42
2.09
0.89
1.34
1.55
3.99
2.8
1.67
4.37
1.06
0.75
2.32
2.92
0.13
2.19
0.82
4.72
0.92
3.38
2.36
1.31
1.9
2.39
4.3
4.82
4.86
4.46
0.44
4.58
3.3
3.29
2.11
3.93
1.75
0.47
2.29
4.61
4.59
3.98
2.54
3.22
1.43
0.68
0.21
1.22
2.1
0.07
1.03
3.73
3.93
4.16
1.23
3.8
4.45
2.87
4.17
0.12
0.24
4.62
2.03
2.13
3
3.36
4.44
2.89
2.2
3.4
3.93
4.61
2.48
0.5
3.14
0.47
3.3
1.42
1.01
3.48
3.21
1.32
0.08
3.91
3.75
3.29
1.63
4.57
3.19
1.15
1.1
0.96
4.68
4.26
3.02
2.42
3.58
3.37
0.96
2.2
2.52
1.56
2.32
2.8
1.63
1.63
1.65
1.85
4.19
4.18
1.01
1.71
3
4.79
2.83
3.14
2.89
3.47
0.41
0.75
3.28
1.16
0.83
3.46
0.2
0.51
2.69
4.37
1.65
3.5
0.3
0.95
1.4
0.38
2.3
1.09
0.72
3.49
2.4
1.23
4.92
4.5
1.34
4.7
3.56
3.94
0.99
1.28
4.09
1.49
1.68
0.75
3.58
3.06
0.66
0.77
3.27
2.13
1.92
1.58
3.59
4.83
3.86
0.29
4.55
2.58
0.18
3.88
3.9
4.59
4.24
0.61
4.4
4.95
3.1
3.54
0.77
1.33
0.32
4.83
3.43
1.98
2.63
3.91
4.65
2.89
3.28
2.7
2.82
3.55
3.09
2
0.92
3.41
2.01
2.32
2.94
4.11
4.49
4.92
3.06
1.83
1.54
0.97
0.4
1.27
1.85
3.59
2.65
1.94
4.75
2.88
2.33
3.92
3.25
0.96
3.98
3.95
3.61
0.48
0.83
1.12
3.21
4.01
1.41
4.67
3.05
0.04
1.42
1.73
0.03
4.75
1.52
0.9
2.23
0.08
3.76
0.08
0.66
4.92
4.68
0.72
2.14
1.54
3.09
0.02
2.06
3.92
3.65
0.24
0.66
1.65
3.88
2.18
3.3
0.04
4.77
3.07
2.3
3.27
0.73
0.89
4.53
4.08
3.37
1.13
2.91
4.16
0.44
3.34
4.02
3.16
0.54
1.86
0.86
4.04
2.57
3.73
3.59
4.42
4.61
0.49
0.72
4.37
1.14
2.39
0.16
3.72
1.65
4.41
3.24
0.5
0.91
2.85
2.61
1.01
3.43
0.23
0.15
1.62
2.95
0.96
0.79
3.14
0.8
1.87
0.93
0.07
0.26
0.57
0.83
0.31
2.8
2.01
4.75
2.68
0.43
2.78
4.6
2.81
2.05
2.96
0.05
3.6
2.13
0.21
4.86
1.77
4.24
2.33
3.15
0.99
0.79
3.14
0.41
2.93
3.8
4.97
4.78
1.19
1.43
1.72
2.98
2.21
2.06
4.83
3.32
2.68
4.71
4.99
1.9
4.53
0.73
3.03
0.75
4.22
3.32
1.58
4.27
4.59
4.9
4.26
0.54
1.05
4.73
2.74
0.05
4.46
1.43
1.21
4.07
1.96
4.92
4.94
1.17
1.01
4.27
1.21
3.64
0.69
1.75
3.81
2.98
1.36
0.03
3.39
0.36
2.24
3.04
2.31
0.53
2.41
1.42
2.03
0.84
1.92
0.86
2.11
2.18
3.93
3.28
3.01
0.39
4.89
2.9
1.99
2.43
0.78
4.44
1.72
4.33
3.16
1.39
2.39
1.48
0.9
2.84
0.12
2.98
1.07
3.24
0.63
1.68
1.52
4.29
3.49
3.32
2.58
1.03
2.99
3.5
3.04
4.95
2.6
4.99
0.22
3.8
0.33
4.77
1.51
4.57
2.4
2.31
1.5
4.13
1.4
0.53
3.46
3.75
0.43
4.12
4.85
1.89
4.5
0.24
0.92
3.63
3.98
3.3
4.23
2.66
1.61
1.76
1.95
0.82
1.23
0.46
0.2
1.3
3.99
2.58
1.79
4.36
1.9
1.31
3.01
0.71
4.34
1.39
0.1
2.47
4.36
0.56
4.2
4.33
0.77
4.95
0.03
4.04
2.86
2.02
1.93
0.82
4
3.6
4.15
1.56
3.89
2.1
2.55
3.46
4.02
3.03
1.05
0.96
2.63
2.58
0.57
2.42
1.86
0.6
4.68
0.33
1.23
0.21
1
3.17
2.18
1.03
4.28
3.25
0.02
1.34
3.5
3.87
1.15
3.91
3.72
0.55
0.75
1.47
4.74
3.21
2.14
4.28
4.86
0.67
2.95
4.04
1.68
1.64
4.32
3.08
0.13
1.36
3.7
0.89
1.93
0.08
0.57
0.58
4.08
3.57
3.72
3.76
2.46
2.89
3.54
1.3
0.88
2.62
4.82
0.05
2.28
2.56
0.49
4.76
2.72
2.33
5
4.08
4.53
4.46
0.89
0.33
3.02
2.28
1.11
0.9
2.27
2.8
0.27
1.05
4.26
3.47
0.08
1.19
1.01
1.6
3.99
2.53
4.01
1.36
1.38
0.51
1.42
3.04
2.82
0.76
1.1
4.99
0.71
0.89
0.68
2.8
4.93
1.64
0.68
2.9
2.36
2.37
3.13
3.26
4.53
2.15
4.1
1.44
3.18
4.13
2.05
4.91
2.96
0.39
0.66
2.8
3.41
3.85
1.69
4.03
2.64
4.62
2.71
2.42
1.25
1.13
0.65
2.08
2.02
4.84
0.43
4.37
3.8
4.72
0.86
2.49
4.1
2.09
2.7
0.79
0.6
3.51
1.02
3.94
2.57
4.46
2.45
2.65
1.48
3.84
3.93
2.76
0.07
3.34
3.57
1.86
2.84
4.73
0.95
1.86
2.29
3.36
0.91
0.02
3.13
2.93
0.52
2.56
1.2
3.68
0.51
3.89
2.94
1.99
4.92
4.23
3.57
4.29
3.78
3.81
4
1.66
0.69
3.19
3.4
0.09
0.1
2.26
0.2
2.19
1.33
2.31
4.06
0.89
1.58
2.13
3.79
4.72
0.66
2.61
3.65
2.81
2.83
2.04
1.06
0.36
2.82
0.23
0.07
4.03
2.2
3.31
3.69
3.22
4.63
2.47
4.64
3.95
1.67
2
2.52
4.98
4.41
2.61
1.2
1.6
1.98
0.09
0.27
3.25
3.47
3.55
0.78
4.55
3.92
0.72
1.73
3.52
3.67
4.3
0.96
0.81
2.34
2.47
2.6
1.06
4.08
1.65
4.16
0.22
0.88
3.33
1.76
0.86
3.74
3.48
4.94
3.81
3.59
4.49
3.49
3.59
2.05
4.14
4.93
1.32
3.07
4.76
0.92
0.49
3.25
0.72
3.03
1.72
2.75
3.46
2.1
2.5
4.55
2.84
2.43
4.08
4.17
2.39
4.74
4.8
1.88
2.94
3.75
3.56
2.44
2.72
2.76
4.46
4.07
1.11
3.28
2.4
2.55
4.7
2.01
0.92
0.95
0.46
4.4
0.25
1.42
0.62
1.35
2.26
4.37
0.97
2.25
4.17
3.2
3.97
1.87
2.06
0.74
0.09
4.36
1.08
4.21
1.81
1.98
0.02
3.4
1.95
1.58
2.17
3.21
0.67
0.51
0.99
2.15
1.75
1.51
4.94
1.32
4.76
1.28
1.52
4.47
2.53
1.98
0.31
3.45
0.45
1.73
4.89
0.8
2.88
2.97
3.72
1.79
3.44
2.35
0.53
0.53
4.25
2.29
0.27
0.18
1.63
1.46
4.21
1.77
0.15
1.66
1.6
1.63
3.34
4.95
0.9
4.48
3.53
1.04
3.73
4.23
3.79
2.4
2.89
1.4
2.89
0.85
4.99
3.4
4.8
0.3
4.22
1.92
0.49
3.13
3.35
1.67
3.16
1.2
4.81
0.68
0.14
2.56
3.92
4.43
4.34
2.37
1.37
4.64
4.83
3.3
1.45
4.21
4.22
0.96
3.02
1.76
4.83
3.33
4.33
1.71
0.6
2.8
1.82
0.01
3.66
4.45
1.53
2.27
1.43
1.86
3.03
4.63
1.79
2.87
0.39
2.85
4.08
0.08
0.82
2.35
0.53
3.1
2.48
0.15
4.1
0.97
2.49
1.28
0.35
4.47
3.63
3.77
0.18
4.07
1.06
1.27
4.95
4.95
1.15
2.5
2.48
1.83
0.03
4.97
2.23
3.74
2.43
2.18
0.45
2.18
3.71
1.73
1.66
2.97
4.2
0.61
1.43
3
4.6
0.72
2.86
2.42
2.94
0.62
0.25
3.73
1.52
2.02
2.8
1.07
4.69
4.66
3.34
3.81
4.22
0.52
1.58
4.04
2.57
1.12
1.35
0.71
0.78
4.16
4.08
1.37
4.83
3.83
2.18
4.41
2.53
0.63
3.88
1.9
0.62
3.51
2.56
0.66
1.81
3.65
3.23
2.47
1.95
4.77
0.15
1.39
5
2.15
1.69
4.16
1.45
3.76
0.2
2.84
4.38
1.98
0.55
4.19
4.44
1.77
0.66
3.86
1.61
1.89
4.07
4.44
2.79
2.52
4.37
4.88
0.64
2
0.86
2.26
3.71
0.56
1.56
3.3
1.54
1.46
2.88
2.9
3.74
1.22
3.24
2.09
1.75
0.1
3.01
3.76
1.03
0.04
0.96
2.59
4.38
3.2
2.71
2.81
3.96
2.79
1.88
0.64
0.28
0.63
1.81
0.49
2.64
2.11
2.94
1.9
2
1.16
1.76
2.22
3.46
4.6
1.13
2.1
4.93
1.64
2.58
0.27
0.37
2.4
2.19
1.67
4.16
4.08
2.29
2.15
4.56
3.34
4.46
4.09
4.52
3.96
4.68
2.43
3.36
2.14
0.46
3.67
0.37
1.17
4.96
0.44
4.75
3.83
4.47
2.44
2.4
4.57
4.23
3.57
4.71
4.15
3.29
4.61
0.19
2.96
2.12
3.35
1.46
3.11
2.55
2.06
0.61
1.01
2.55
1.98
0.9
0.32
2.94
2.45
3.7
2.17
2.09
1.23
0.18
0.88
3.95
2.02
2.45
2.15
4.59
3.73
0.81
0.82
0.35
0.99
4.2
4.16
3.04
0.78
3.86
3.07
4.3
0.51
4.82
1.85
0.67
1.11
2.61
0.97
0.15
4.88
3.46
0.99
4.18
1.16
2.19
1.2
2.38
2.47
1.71
2.27
4.91
4.27
3.24
0.91
1.81
0.88
2.73
4.65
1.24
3.32
1.87
4.18
2.3
0.34
2.45
1.75
2.04
2.08
4.62
1.69
3.51
3.82
1.94
4.78
0.06
4.35
1.32
0.28
0.94
2.26
3.67
1.2
3.45
1.81
4.83
1.82
3.67
0.49
1.59
4.41
4.43
1.53
0.11
4.06
4.24
3.26
0.76
0.51
0.45
0.93
1
2.59
2.17
0.81
1.71
4.29
3.63
4.28
1.79
3.81
2.74
1.52
1.01
0.98
0.69
1.56
2.3
3.34
2.33
2.28
4.63
2.84
0.74
3.2
4.07
1.18
0.6
3.9
3.07
3.94
0.92
0.24
1.03
3.5
1.63
3.28
2.63
1.48
4.09
4.47
4.64
2.26
1.75
2.61
0.4
3.4
4.92
0.8
1.47
3.84
4.64
3.2
2.37
3.75
0.88
0.12
0.12
2.34
1.35
2.73
0.9
1.96
0.99
0.4
1.98
3.97
1.86
2.51
2.55
4.29
2.04
3.82
0.58
4.81
2.14
1.51
3.31
1.56
2.27
2.42
2.95
2.07
3.63
3.16
1.85
3.85
4.74
3.01
2.92
0.34
1.83
3.98
0.92
4.3
0.68
2.93
0.04
3.16
2.44
0.69
3.72
1.24
3
4.76
0.79
4.64
3.41
2
4.2
4.48
4.32
1.07
4.83
0.55
2.07
0.66
0.74
2.3
1.42
1.55
2.03
1.75
1.08
0.8
2.47
1.75
0.09
0.06
4.29
1.12
4.93
2.03
0.54
3.09
0.7
3.75
1
3.29
3.55
1.75
1.18
4.9
4.74
3.47
0.48
4.65
4.39
0.46
0.6
2.19
0.15
3.86
3.12
2.45
0.35
1.29
3.44
4.35
4.78
1.69
3.27
1.16
0.38
3.58
2.8
1.53
4.31
0.7
3.21
2.17
2.58
3.1
0.87
4.54
1.56
0.66
1.1
3.72
4.65
4.39
0.94
0.48
4.88
1.65
3.77
4.59
2.03
0.5
1.19
4.47
1.81
0.82
2.59
1.14
1.34
0.01
2.41
4.59
0.38
0.07
2.69
4.73
3.71
4.75
4.56
2.64
2.25
2.67
0.19
1.03
1.72
4.81
3.98
1.58
0.9
0.13
0.8
3.35
0.63
2.02
1.92
4.14
4.58
2.98
0.4
0.16
2.35
0.46
1.46
3.7
1.8
4.89
4.7
4.18
0.63
1.14
3.5
4.36
4.81
4.65
1.67
3.6
0.22
2.82
1.2
3.63
2.91
1.31
0.9
4.2
3.97
1.07
0.05
3.25
4.55
3.71
4.32
4.56
2.7
2.75
3.76
1.83
1.96
4.91
2.81
3.16
2.27
4.07
2.97
2.97
5
4.24
3.86
3.38
0.92
1.83
4.91
0.7
2.26
4.63
2.62
3.46
0.95
2.13
4.71
4.25
2.43
2.29
0.26
4.89
1.11
2.24
1.43
3.06
4.93
4.36
4.18
4.78
0.6
3.07
4.88
0.04
3.1
0.75
1.73
2.69
0.77
4.95
3.71
3.21
0.83
4.56
3.71
1.68
4.31
0.95
4.56
0.59
4.66
4.16
0.92
2.49
0.61
4.14
4.25
2.9
2.94
4.86
2.18
2.05
1.63
0.99
1.46
3.38
4.03
1.75
4.16
0.17
0.03
3.02
1.49
0.42
1.88
2.12
0.86
1.89
3.8
2.93
0.96
4.32
3.12
4.73
4.85
1.71
1.13
0.54
1.93
0.37
1.02
0.43
3.44
4.08
1.51
4.21
0.67
0.14
1.76
0.17
3.6
4.85
1.93
2.01
2.77
1.46
2.67
0.38
0.34
2.51
1.82
0.23
4.07
3.62
2.87
4.59
0.91
1.24
0.66
1.98
4
2.72
3.39
3.58
2.74
2.2
4.53
3.84
3.24
4.79
3.56
3.95
4.11
2.37
0.01
0.58
2.72
4.15
4.17
1.5
0.07
1.46
1.38
2.38
0.74
3.44
3.72
4.55
2.72
2.85
1.62
0.71
4.22
1.05
0.71
3.44
3.89
3.92
0.83
1.4
3.29
1.26
1.74
0.15
1.61
2.21
4.08
1.45
2.29
4.28
3.48
1.74
2.96
4.04
4.71
3.11
4.1
3.41
2.42
0.36
1.71
2.4
1.77
0.44
2.55
0.84
4.84
1.54
1.37
1.82
1.28
0.7
0.02
3.14
0.22
4.79
3.14
2.69
4.15
0.62
0.44
4.13
4.5
2.32
4.01
4.17
4.83
1.63
3.44
4.07
1.16
4.63
4.98
2.79
2.22
0.59
2.87
1.55
4.79
4.67
4.33
1.43
3.53
0.03
1.97
2.07
3.57
3.24
0.24
2.98
3.53
2.97
4.12
1.9
1.34
0.4
3.09
3.44
0.09
3.85
2.73
2.82
1.89
2.04
4.43
3.64
4.51
1.69
3.01
2.48
0.61
3.66
4.71
4.15
5
1.47
0.59
3.07
0.95
3.68
1.48
4.76
3.17
0.47
4.89
4.02
1.99
1.43
2.14
4.92
0.08
0.85
1.88
3.62
3.76
2.95
1.22
0.26
