4.86
1.09
4.06
3.5
1.17
1.37
1.7
4.44
2.23
3.31
1.45
0.98
1.84
1.73
3.22
4.73
3.17
2.52
4.15
3.36
4.47
3.74
3.58
0.49
4.33
0.01
4.41
0.78
4.14
2.87
0.06
2.58
1.5
1.12
0.15
0.53
3.95
3.88
0.52
3.82
0.32
1.94
2.37
4.19
2.27
1.29
3.93
2.63
4.74
0.65
2.55
1.7
0.49
1.59
3.58
0.53
2.56
4.7
3
4.56
3.65
3.47
1.4
2.47
2.92
1.38
0.58
1.36
1.5
5
4.19
2.23
0.9
2.07
2.08
0.1
4.86
3.34
4.69
0.22
2.39
0.95
3.33
0.05
0.07
3.47
3.65
4.78
2.16
1.61
2.37
4.3
3.54
4.79
3.6
4.41
4.62
1.69
4.11
0.51
0.43
2.84
4.82
4.96
2.44
4.89
0.92
4.49
4.34
2
1.01
4.4
4.69
1.87
2.88
2.88
0.24
0.15
4.9
4.78
2.93
0.47
4.88
1.76
4.64
0.68
0.57
0.97
1
3.16
3.22
0.84
0.6
3.52
1.38
0.92
2.45
4.14
4.37
2.29
2.83
1.48
0.77
3.98
3.32
4.15
4.43
4.85
3.55
2.23
1.03
0.12
3.59
2.47
4.77
1.77
4.57
3.2
2.25
3.16
0.15
0.52
4.88
3.59
4.23
1.08
0.19
0.52
3.94
3.55
1.09
0.96
2.7
1.23
1.33
2.17
4.26
3.71
3.19
0.12
1.35
4.14
4.95
4.42
0.92
0.9
0.32
2.58
3.13
3.29
4.24
4.46
0.17
4.2
2.78
0.38
3.26
3.16
3.72
1.22
2.28
4.16
4.83
1.31
0.59
0.21
4
5
3.2
2.35
4.81
1.83
2.54
0.57
2.21
3
0.71
1.03
1.55
4.55
2.98
4
0.29
3.17
0.74
1.98
1.9
2.13
3.02
3.17
0.48
4.54
1.19
1.06
0.82
2.35
3.53
2.99
2.33
3.32
0.67
0.01
4.91
2.48
1.45
4.15
2.46
1.57
0.72
2.92
1.1
0.98
1.24
1.5
0.05
2.97
0.36
3.48
3.79
0.42
1.61
4.59
0.05
2.04
1.83
0.69
0.18
0.62
1.17
2.28
1.41
0.06
3.68
0.4
3.3
1.47
2.89
3.3
3.8
4.98
2.97
0.35
0.88
2.85
0.5
2.72
1.17
0.62
4.69
3.35
0.47
2.87
4.43
2.48
4.33
4.33
0.78
3.28
4.89
4.03
1.17
2.15
4.21
0.26
4.69
1.92
1.52
4.67
3.89
0.8
0.79
4.39
3.45
0.4
3.14
4.8
2.92
3.61
4.3
0.35
0.27
3.3
4.25
0.03
2.52
2.78
3.23
1.73
0.79
4.76
0.09
3.82
3.9
0.46
2.51
2.87
4.86
0.8
3.38
4.29
3.34
1.75
1.02
1.96
1.04
3.12
1.55
3.5
4.45
3.31
1.9
3.99
3.39
2.09
1.96
3.43
1.12
0.05
0.15
0.24
1.28
0.17
4.84
4.39
3.55
2.66
3.17
0.5
3.62
1.34
2.67
0.23
1.31
0.39
0.48
2.66
3.26
3.62
1.15
2.32
0.5
3.99
3.61
0.85
3.43
1.45
0.48
1.03
3.42
2.58
3.79
3.09
2.76
2.62
1.34
3.65
3.18
2.56
3.14
2.97
0.59
4.31
1.71
4.17
1.62
4.7
2.79
0.38
3.24
0.96
4.42
0.13
1.33
1.6
4.43
0.57
3.13
0.63
2.48
1.14
1.28
1.2
0.22
4.21
2.23
2.79
0.93
3.01
0.16
2.39
0.54
2.37
0.36
0.49
3.56
0.12
1
0.3
4.79
4.46
2.59
2.34
1.15
4.45
2.58
2.4
4.26
4.63
1.62
3.82
2.83
0.56
1.43
4.73
3.34
3.89
4.76
3.89
2.59
2.79
2.7
2.64
0.58
1.23
3.11
2.11
2.83
2.68
4.13
3.54
1.77
4.36
2.67
1.41
2.3
0.86
0.56
4.38
0.64
3.22
4.61
3.65
2.15
1.73
0.09
4.25
4.44
3.28
1.36
4.02
3.56
0.32
1.73
1.28
2.43
4.32
1.15
4.24
0.2
1.73
3.47
2.1
1.14
3.99
4.97
2.88
1.71
0.57
4.13
2.02
4.43
3.11
1.83
1.34
2.71
4.1
2.05
0.45
2.74
4.81
2.44
0.93
3.54
4.84
1.21
2.08
1.15
3.53
2.49
0.8
3.91
0.11
2.45
1.27
4.38
4.41
3.97
0.72
0.97
4.55
2.48
1.91
4.89
4.94
3.2
0.38
1.62
1.02
0.09
0.72
1.46
4.47
0.76
0.87
2.97
3.26
4.18
2.41
1.3
2.91
0.58
0.98
3.83
4.17
3.26
3.17
0.43
2.4
0.61
1.21
3.74
0.57
4.07
0.73
3.45
1.05
1.77
1.04
3.44
4.05
2.55
3.66
3.52
4.37
0.55
1.11
1.15
3.46
4.05
4.16
3.4
0.77
4.96
0.07
2.27
3.48
4.77
3.46
3.94
0.7
2.1
4.08
3.18
4.06
2.57
3.25
1.36
3.98
3.2
3.77
2.16
3.12
4.41
3
1.53
2.48
2.64
0.37
2.83
3.98
0.12
3.54
4.33
0.48
1.49
1.76
2.62
3.9
0.57
2.81
4.1
3.66
2.62
4.42
2.34
2.25
4.5
4.79
3.06
2.99
0.97
3.6
1.57
4.18
4.08
4.38
3.75
5
3.73
2.31
2.88
3.56
2.2
2.2
4.92
3.38
1.17
2.86
2.14
1.71
2.95
0.54
1.82
3.15
2.68
1.07
2.81
4.79
1.19
2.17
2.06
1.19
1.64
4.25
2.65
2.6
1.95
4.14
0.31
2.74
4.06
3.35
0.69
3.65
1.87
3.05
0.94
0.07
0.95
0.58
1.91
0.4
3.72
1.29
0.8
3.63
3.55
3.48
1.29
0.09
4.45
4.17
4.9
1.55
0.88
0.32
1.93
3.89
4.05
0.15
4.11
0.29
0.43
3.26
0.32
0.92
1.52
1.87
4.27
4.16
3.47
2.87
3.79
1.8
2.44
0.2
4.47
0.75
0.28
4.9
2.66
1.84
1.88
0.64
3.13
2.89
3.53
0.27
3.19
4.01
0.78
4.59
4.98
4.33
3.24
1.75
2.31
4.97
0.06
4.63
2.16
1.09
0.16
0.96
3.96
4.95
3.92
1.28
5
1.3
0.92
1.18
2.1
0.61
2.95
2.25
3.1
2.19
2.33
3.81
0.67
0.93
4.16
3.28
3.14
4.12
1.34
4.57
3.08
3.08
0.95
3.83
1.58
0.09
0.36
1.8
1.62
0.7
0.1
2.77
3.34
0.72
2.68
1.45
0.37
3.46
1.18
0.11
2.18
0.32
4.51
3.31
3.09
4.31
3.01
4.75
0.45
1.57
2.26
2.51
1.46
2.35
0.3
4.09
4.94
1.02
0.7
3.74
1.06
2.18
2.33
1.63
2.53
3.25
4.56
2.63
0.14
3.79
0.04
2.73
2.82
0.79
3.23
4.96
0.3
3.64
4.92
0.75
2.61
0.63
4.25
1.52
0.31
0.7
1.19
3.31
3.21
0.49
4.26
1.57
0.42
1
3.03
1.19
4.17
1.36
4.86
2.88
2.04
0.85
4.09
3.04
1.52
0.6
1.07
4.47
2.63
0.38
2.64
3.17
3.98
3.15
3.89
2.45
1.09
3.86
3.35
0.26
3.42
0.63
0.02
1.32
1.18
1.99
1.43
2.24
1.98
3.74
1.4
3.11
4.19
0.03
0.89
1.91
4.36
1.39
1.26
4.18
4.47
3.44
0.74
3.4
1.15
0.85
0.91
2.74
4.22
4.14
1.93
3.75
2.37
4.69
2.65
2.94
2.59
2.45
3.66
0.73
0.39
1.73
4.86
4.01
2.22
3.06
4.71
3.95
2.79
2.25
4.46
4.76
1.14
4.26
3.25
4.95
3.82
3.51
1.57
1.99
4.23
2.17
3.6
0.69
0.24
2.12
1.73
3.92
5
4.65
4.37
4.36
1.84
0.74
1.25
0.47
2.43
4.3
1.51
3.07
4.88
2.8
4.03
1.34
4.95
3.34
2.18
1.92
1.99
3.16
4.26
1.61
3.01
4.8
4.49
3.67
2.64
4.55
4.73
4.83
1.95
0.82
1.92
4.94
0.47
0.7
1.57
3.26
4.17
1.09
4.38
3.27
0.76
3.69
1.51
0.09
0.91
1.45
0.7
3.42
3.6
3.62
3.73
2.81
4.07
1.16
1.6
1.41
4.31
4.93
0.71
3.73
3.88
2.89
0.51
1.07
2.05
0.61
1.33
0.22
3.3
0.74
3.67
3.42
0.17
1.01
2.63
4.75
1.36
0.14
1.75
1.53
0.51
3.13
4.04
4.64
2.06
3.19
2.95
1.09
2.95
2.48
3.8
1.95
0.61
0.87
2.9
2.93
2.68
2.74
3.98
2.9
1.15
1.59
3.18
2.99
1.71
3.4
3.6
4.85
2.09
3.57
3.73
3.81
1.09
0.01
3.6
3.83
0.33
1.52
1.79
3.64
2.46
2
2.72
0.98
2.58
0.83
1.94
2.81
3.29
1.95
1.37
1.02
1.16
0.92
3.11
0.11
2.61
2.5
1.67
0.45
2.26
1.18
3.59
4.67
4.02
4.51
1.59
0.29
4.42
3.11
0.9
0.09
3.9
2.63
2.69
0.4
4.04
0.27
2.93
1.41
4.95
2.07
1.21
2.67
2.49
3.27
4.2
1.15
2.81
3.81
0.98
2.03
3.78
0.24
0.58
4.03
1.12
2.05
1.68
0.93
0.58
1.39
4.53
1.25
0.89
3.27
1.13
4.25
2.88
1.69
2.67
1.88
3.09
2.6
0.51
2.16
1.97
2.4
4.61
1.83
4.25
4.42
2.51
4.46
4.21
0.47
2.32
4.15
2.85
4.23
1.17
0.61
3.95
4.63
1.52
4.41
3.92
4.56
4.65
1.21
2.99
1.64
4.35
0.62
3.31
0.12
3.89
1.83
3.97
1.49
1.13
2.03
2.29
1.14
2.43
1.48
0.84
1.16
3.81
4.51
4.48
0.67
3.78
3.91
2.71
0.5
2.1
4.8
3.87
2.36
4.9
2.64
0.68
1.54
3.48
4.45
0.1
2.01
2.32
1.23
3.47
1.02
4.68
3.88
1.9
0.39
3.68
2.89
0.25
0.15
4.69
3.73
0.37
1.69
0.87
1.19
0.52
2.4
3.56
4.56
4.63
2.62
3.37
3.96
2.62
3.2
4.28
0.21
3.69
0.54
3.97
2.13
0.58
4.16
4.72
0.38
2.06
2.71
2.99
3.85
1.14
2.31
3.82
4.67
0.42
0.36
4.63
4.69
3.55
4.71
4.13
3.2
2.47
4.28
2.3
2.7
2.84
2
0.27
1.13
3.12
4.76
4.16
0.39
0.51
3.42
2.89
3.66
4.51
4.43
2.39
2.1
2.37
2.97
4.73
1.66
3.28
1.75
1.12
0.78
2.54
4.85
2.04
1.07
2.14
3.18
2.11
0.64
0.65
0.78
3.3
0.34
0.01
1.73
3.37
0.2
2.56
2.71
4.26
4.45
3.57
3.35
0.93
2.43
3.92
0.51
1.92
3.39
1.82
1.3
2.43
0.37
3.61
0.08
0.81
2.8
3.21
2.2
0.21
2.73
3.91
2.1
0.19
1.5
3.57
0.53
1.46
1.32
2.56
1.87
2.4
1.78
1.29
1.81
4.84
4.49
2.43
0.2
4.85
4.29
4.76
0.75
4.9
2.71
0.06
0.51
2.05
3.54
2.31
1.76
0.41
2.48
4.81
3.18
2.66
4.27
4.66
4.71
2.91
3.88
0.95
4.84
4.71
1.82
4.67
3.72
2.57
2.13
3.88
2.28
4.05
0.12
4.22
1.28
2.55
2.94
4.71
2.41
1.63
3.34
3.7
0.71
4.35
4.03
2.57
2.52
4.31
4.44
3.02
4.6
1.8
2.72
3.3
4.33
3.81
3.49
1.14
3.92
2.81
3.66
4.92
3.86
1.72
3.7
1.39
3.84
0.36
3.73
3.05
0.3
4.23
3.89
0.01
1.18
0.33
2.27
1.5
2.8
1.77
4.5
1.73
5
4.79
2.48
1.39
3.15
3.42
3.86
1.28
3.12
0.65
2.59
2.55
3.78
0.35
2.41
2.53
2.76
1.91
2.82
2.56
4.95
1.23
2.89
3.1
5
0.08
4.26
4.36
0.37
3.91
0.65
0.61
2.63
4.53
4.03
3.39
2.41
3.69
1.6
1.43
1.63
4.21
0.96
2.98
3.65
1.35
3.73
3.4
0.74
0.54
3.38
1.02
4.93
3.66
2.7
1.96
5
2.68
1.76
2.61
0.86
0.97
4.16
1.18
1.57
1.14
1.62
1.97
0.97
0.55
3.5
3.44
1.99
0.02
3.66
3.63
1.64
2.87
3.5
2.12
1.42
4.34
3.7
2.5
4.43
0.87
0.95
2.86
0.57
2.09
2.47
0.1
1.6
0.73
1.25
2.75
4.05
3.09
2.17
2.6
4.16
4.22
4.53
2.18
2.8
2.34
4.76
4.91
0.24
1.36
2.53
1.48
2.58
0.83
4.58
1.19
3.35
2.71
4.02
4.67
1.55
0.31
0.72
4.35
0.47
0.33
1.31
2.16
2.28
0.32
4.7
0.11
2.29
2.35
1.08
3.12
0.45
1.27
0.93
2.7
1.34
3.32
3.24
3.24
1.3
4.85
4.34
1.47
1.44
4.28
3.14
4.19
2.94
0.78
0.21
0.22
4.38
4.45
2.69
4.45
1.75
1.54
4.87
3.49
0.76
4.4
0.65
4.78
4.41
0.94
3.72
1.91
2.59
2.07
0.2
1.98
2.98
1.95
0.51
1.07
2.65
0.44
4.28
1.38
0.64
3.2
3.24
2.79
3.11
2.95
1
0.5
0.27
2.85
4.92
1.29
0.87
2.19
3.6
3.84
0.5
3.7
4.98
3.63
4.84
2.31
2.73
3.76
1.96
0.42
3.88
4.25
0.48
3.83
2.87
2.25
2.91
3.9
1.04
4.15
4.65
1.69
1.27
4.87
1.6
2.51
4.44
1.38
1.32
1.06
2.07
4.45
1.16
1.85
4.04
2.68
4.54
1.23
1.65
4.47
1.34
3.4
3.7
4.3
0.73
0.53
0.64
0.55
1
4.62
4.32
1.78
3.03
3.17
1.16
4.43
3.11
0.74
1.28
1.4
0.41
2.87
3.36
2.96
3.9
4.67
4.79
3.76
1.23
2.72
0.51
3.87
3.39
4.18
2.32
2.18
2.12
3.61
1.38
4.58
3.36
3.89
1.37
4.03
0.84
0.69
0.58
2.5
4.72
1.7
2.76
0.81
0.79
1.18
2.78
3.22
3.24
1.12
0.5
1.49
0.71
2.02
0.31
2.01
3.24
1.72
1.14
0.25
0.98
4.71
2.17
1.65
4.45
2.57
0.42
3.81
0.42
2.3
3.8
2.29
0.31
4.84
4.64
3.4
4.72
2.37
3.83
2.65
4.52
1.46
0.9
0.29
1.51
4.79
4.06
0.24
4.34
2.58
2.15
3.9
0.91
0.96
3.33
2.7
4.52
0.31
2.53
1.66
3.86
1.77
1.63
1.36
1.86
1.67
3.65
0.2
2.72
3.26
0.63
3.55
0.02
0.4
2.8
0.95
4.23
1.96
3.55
1.35
2.37
0.64
1.48
2.16
4.75
0.01
0.55
3.49
3.81
2.4
0.05
0.64
0.44
3.46
1.09
3.49
3.66
0.45
1.59
3.32
1.36
3.35
3.79
2.93
3.77
2.75
4.67
0.75
3.63
2.31
4.36
2.37
4.95
3.88
0.44
1.3
1.07
0.76
1.33
1.06
3.72
2.07
2.29
2.2
1.68
0.31
2.1
2.07
3.52
0.64
3.44
0.08
4.9
0.15
3.53
3.96
0.82
0.97
0.12
4.56
2.43
4.83
1.41
0.44
4.33
0.64
1.32
3.53
4.82
0.59
3.25
2.94
4.93
2.64
0.75
1.64
2.23
1.62
4.04
4.96
2.7
4.89
2.44
1.44
3.16
3.76
3.34
3.72
1.21
3.18
3.97
0.51
2.51
0.51
0.44
2.42
1.04
1.03
2.17
1.35
3.61
1.67
3.83
2.06
4.48
4.11
1.66
4.53
1
1.81
4.96
4.66
0.79
3.06
0.38
4.75
0.81
2.04
3.39
1.33
2.47
3.95
4.54
0.03
0.9
0.52
4.45
1.12
1.39
2.68
2.07
2.42
0.77
1.76
3.31
2.11
2.63
2.99
2.62
0.25
0.93
0.97
0.16
3.98
0.51
4.73
3.33
4.14
1.86
4.29
4.09
4.75
2.48
1.37
3.26
4.17
0.86
1.81
3.77
3.67
0.25
0.34
0.11
0.71
2.52
2.12
4.79
2.32
2.77
4.17
4.9
3.08
2.85
3.49
0.41
1.21
1.5
0.76
3.51
2.8
0.27
0.89
2.41
0.25
4.8
0.17
1.04
1.21
4.75
0.72
3.9
2.3
3.01
4.58
3.78
4.04
1.34
1.74
3.98
3.83
3.58
0.2
0.84
3.37
1.01
3.44
0.28
2.41
2.38
4.13
1.52
2.8
0.98
4.85
3.73
4.63
3.08
4.61
2.14
1.07
1.15
3.12
2.88
1.47
0.09
0.42
1.74
3.86
0.4
0.54
2.96
2.75
2.41
2.96
1.06
0.55
1.49
3.11
3.4
3.83
2.67
0.77
3.22
2.3
3.75
2.5
3.36
2.54
4.73
1.36
0.54
1.02
2.92
3.45
1.2
1.94
1.04
3.06
4
3.6
4.79
1.82
0.73
4.87
4.02
1.92
2.5
4.05
1.77
0.14
1.65
1.91
4.98
3.3
0.13
4.89
0.85
4.83
1.57
1.11
3.42
2.87
3.78
2.37
0.69
3.15
4.69
3.21
4.98
2.64
2.4
2.68
4.33
1.04
1.38
0.35
1.14
4.88
3.99
1.86
3.32
4.2
0.28
2.8
3.78
0.29
3.1
4.23
2.86
3.02
0.33
4.45
4.85
2.91
0.7
2.1
4.73
4.49
4.59
2.32
1.82
2.39
4.28
0.96
1.43
2.47
0.81
4.67
1.9
2.32
0.79
3.4
0.16
1.3
4.6
2.13
1.18
3.72
0.46
4.53
0.65
0.47
1.27
1.16
0.44
3.16
0.31
1.58
1.62
2.75
0.27
4.03
3.84
1.67
3.93
4.2
2.79
2.12
2.75
3.08
3.12
2.97
0.23
4.86
1.24
3.88
2.65
2.92
3.79
2.8
0.3
1.05
0.78
0.23
2.33
2.24
2.69
1.83
3.25
0.78
3.32
4.76
0.55
3.49
4.47
4.12
0.16
2.65
2.91
4.92
2.13
4.95
0.99
3.67
3.81
4.45
2.21
3.78
3.03
4.37
1.38
2.37
4.92
4.65
1.07
1.29
4.91
0.51
4.58
4.14
4.69
2.46
3.26
0.91
1
0.61
3.85
2.69
4.27
0.84
0.07
4.75
2.65
1.56
0.96
2.72
2.51
2.95
2.25
2.46
2
3.61
4.66
2.12
4.69
0.49
1.69
3.32
4.56
2.42
4.14
2.68
0.46
2.49
2.19
4.97
1.6
1.01
4.59
2.9
0.21
1.82
2.55
2.29
2.1
3.93
1.33
0.63
3.27
2.49
4.85
1.4
3.99
2.1
0.4
4.69
1.88
2.1
4.2
1.6
1.81
1.61
2.23
2.94
2.31
0.96
2.43
2.47
2.88
3.32
0.75
1.53
3.81
1.52
1.77
4.77
1.4
4.2
4.59
1.61
3.57
3.82
4.1
0.02
3.17
3.84
3.43
0.15
0.52
1.43
4.65
2.69
2.73
2.33
0.95
4.38
3.27
1.15
2.43
2.76
0.48
3.71
0.72
1.94
3.29
0.61
4.55
0.82
2.16
1.37
3.33
0.25
4.79
2.22
0.13
1.96
4.22
0.85
4.01
2.64
0.48
0.58
3.65
1.54
2.61
1.41
4.34
2.26
2.15
3.58
1.88
4.75
4.85
1.12
3
3.99
0.45
4.93
1.54
1.8
4
4.61
3.43
0.6
3.74
3.67
4.33
1.1
0.44
4.21
1.31
3.93
0.79
2.28
3.17
3.16
1.33
0.46
2.72
0.31
2.42
1.01
3.3
3.18
1.09
0.45
4.14
3.46
1.28
3.35
2.68
2.18
1.65
3.23
2.93
3.19
3.63
3
3.35
2.09
0.83
1.86
3.13
4.36
3.41
1.91
4.38
3.43
0.78
1.93
4.3
0.78
2.93
3.77
1.65
1.58
4.26
1.15
2.85
0.97
0.14
2.89
0.39
0.15
3.93
1.39
2.77
4.19
4.06
3.85
3.86
2.7
1.2
0.84
3.9
1.92
3.31
0.69
3.6
1.59
0.92
4.14
1.11
4.52
0.37
2.57
4.79
3.26
4.12
1.08
0.94
4.23
2.05
3.33
2.69
3.59
3.2
1.65
4.92
2.7
1.69
0.59
3.97
2.11
4.38
4.76
3.85
4.98
4.93
3.85
4.47
3.16
1.61
3.12
2.08
2.03
4.39
1.33
2.91
4.34
4.98
1.77
0.51
3.36
1.65
2.74
0.29
4.43
4.49
4.57
2.88
4.1
0.68
3.46
3.67
0.36
4.06
3.4
4.67
1.48
4.31
2.15
3.76
2.18
4.73
3.14
0.4
2.63
3.39
1.08
0.36
