3.42
0.54
0.26
0.22
1.89
0.29
2.02
3.35
3.25
1.54
3.23
0.41
3.05
2.03
2.3
0.92
2.3
2.81
2.21
1
1.19
4.72
0.56
1.14
3.43
4.79
3.85
3.1
3.78
3.45
4.75
2.69
4.01
1.75
0.81
1.17
2.7
4.33
2.07
4.43
0.58
0.71
3.17
3.7
3.39
3.35
4.47
1.44
3.64
3.45
3.19
1.07
3.61
2.8
4.98
0.35
2.43
4.21
0.23
3.41
0.49
0.63
1.78
0.95
3.49
1.21
0.51
3.64
3.24
0.05
1.15
1.88
0.78
3.01
4.42
1.85
0.11
3.22
3.56
4.63
4.48
2.52
4.77
3.77
0.75
3.42
1.97
4.49
2.01
4.93
0.47
0.42
3.59
3.96
0.12
2.29
1.96
0.33
3.89
0.91
4.3
3.65
1.26
1.76
3.22
4.75
2.05
4.01
0.04
0.36
1.82
2.82
1.91
3.64
2.44
4.49
1.9
0.83
4.76
4.12
4.76
3.89
1.8
3.18
2.17
1.07
0.86
2.95
4
4.35
2.96
3.62
4.5
1.42
0.55
3.45
0.35
1.92
4.31
2.25
2.64
4.23
0.94
2.24
0.41
1.52
3.4
3.45
0.56
4.54
3.83
4.3
1.11
2.62
0.57
4.66
4.22
3.17
2.68
4.86
4.86
4.47
4.9
3.35
1.87
3.13
0.81
2.83
2.97
3.38
2.17
3.75
1.32
4.16
1.3
3.8
4.17
4.97
1.64
1.17
2.57
2.45
0.42
2.06
2.35
2.53
2.51
1.33
2.69
3
3.89
2.25
3.88
0.16
2.09
1.71
2.41
2.03
0.07
2.08
2.25
1.37
2.77
1.15
4.6
1.3
0.21
3.33
4.57
0.44
0.9
1.02
2.36
4.79
4.37
2.77
1.59
0.59
2.8
2.41
1.7
1.89
3.9
2.38
2.57
4.45
0.73
2.76
4.63
2.5
1.52
3.29
4.04
0.05
1
2.29
0.41
3.31
2.83
1.16
3.44
1.11
4.82
2.79
0.37
2.72
0.04
2.93
2.01
2.03
1.98
4.11
1.22
2.91
0.55
3.41
4.58
3.4
1.33
3.72
1.39
0.42
0.8
0.74
0.33
0.6
0.73
3.16
0.25
1.07
1.8
2.65
1.27
3.21
4.67
3.89
2.89
1.02
0.15
4.35
3.22
0.57
0.29
0.19
1.77
2.27
4.62
3.56
3.69
4.66
3.02
1.53
1.36
0.15
3.08
2.91
3.41
1.95
2.73
4.34
4.52
4.13
3.34
4.93
4.47
4.79
3.12
2.83
3.05
0.78
0.55
2.28
5
3.26
3.89
1.2
1.58
0.57
4.48
4.72
3.86
2.56
3.2
4.12
0.85
0.21
1.94
1.5
0.05
3.33
3.89
4.71
4.61
0.1
2.3
4.59
0.45
0.18
1.57
3.75
2.66
0.05
3.34
1.51
3.62
4.27
0.88
3.24
0.3
3.96
0.39
4.28
4.66
0.94
0.52
4.23
2.01
2.83
2.88
3.17
2.01
4.25
1.53
2.62
0.93
4.73
1.47
4.03
1.6
1.91
0.52
4.76
0.05
3.22
0.33
4.49
0.52
4.2
0.79
0.6
4.83
2.36
0.65
2.65
1.19
3.81
2.09
0.26
0.95
1.53
2.23
1.68
1.7
1.59
3.82
1.04
1.51
2.54
1.22
2.89
2.15
1.95
1.47
4.25
2.9
4.7
1.84
3.47
3.12
2.9
0.49
4.89
3.13
3.24
0.12
0.72
4.71
4.91
0.38
2.63
2.43
0.48
4.17
1.09
3.35
2.81
1.04
3.45
3.18
0.61
1.67
3.15
0.97
1.46
2.67
0.15
4.01
1.65
4.25
2.04
1.37
3.41
1.23
3.17
1.28
3.26
2.12
1.8
3.16
2.01
0.95
3.32
3.54
4.11
2.23
3.77
3.41
1.62
2.31
4.19
0.19
1.39
0.15
1.37
1.86
3.73
0.25
1.6
1.11
2.48
3.92
4.49
3.71
3.71
3.08
1.44
3.62
2.5
2.38
2.21
0.02
1.16
1.09
3.91
2.02
3.65
4.91
1.86
0.69
2.57
1.55
2.73
4
1.19
4.01
1.2
4.09
1.82
0.5
1.75
2.45
1.99
4.76
1.38
3.56
4.35
1.12
0.15
2.2
3.26
3.01
0.61
4.25
4.15
2.89
4.71
1.9
4.08
3.67
4.38
4.64
4.15
3.59
1.32
2.2
4.05
2.55
0.19
0.13
4.55
2.72
3.23
4.64
4.72
4.56
3.15
3.98
0.29
0.61
1.76
2.39
0.9
3.38
2.93
0.58
1.44
0.73
1.59
4.34
2.99
2.6
2.43
0.65
3.49
2.06
1.77
1.71
2.34
1.99
4.31
4.27
3.09
4.21
1.48
3.64
4.16
0.53
1.11
2.4
1.77
4.48
1.95
3.72
1.4
2.1
4.06
4.96
1.05
1.96
2.04
0.59
4.43
1.74
0.81
0.77
4.02
3.29
4.71
2.91
2.63
1.35
1.34
0.09
1.16
1.27
4.01
1.63
4.04
0.34
4.89
1.11
2.8
0.71
0.08
2.99
4.7
0.11
0.27
2.1
2.42
4.44
4.45
4.53
0.49
1.77
3.9
0.22
0.81
1.44
1.31
3.2
2.2
2.54
1.45
3.2
3.03
4.76
4.9
4.96
0.49
0.3
3.34
1.01
2.05
2.59
1.79
4.04
4.72
2.85
2.74
1.31
3.54
3.08
0.39
4.54
1.73
3.08
1.53
3.23
1.8
2.57
2.79
2.22
4.69
2.78
0.79
1.63
3.72
3
4.19
0.39
1.27
1.58
1.57
0.12
1.67
1.84
0.76
2.53
4.08
2.91
1.83
1.62
4.32
4.52
2.46
2.68
3.46
4.59
2.07
2.67
3.36
0.08
0.31
0.47
1.89
3.75
1.31
4.73
0.86
0.14
1.81
3.92
4.76
0.52
0.1
3.36
3.89
1.26
3.69
2.96
4.39
0.11
3.86
2.66
4.89
2.82
0.65
3.17
1.43
4.19
1.54
3.19
1.56
1.99
2.17
1.62
4.66
1.12
0.56
2.95
2.95
4.75
3.26
4.23
0.58
4.57
3.34
1.85
1.77
4.85
4.87
2.76
2.03
3.96
4.08
1.24
2.16
1.47
4.02
3.33
2.02
0.66
3.99
1.31
1.17
2.16
2.67
1.93
2.92
0.21
3.28
4.11
0.18
1.2
2.6
1.56
2.85
3.6
2.51
0.51
0.28
0.14
2.42
4.94
3.95
0.54
4.84
1.05
0.89
4.04
4.14
1.84
3.13
3.42
3.86
2.83
1.33
4.9
1.39
2.17
3.62
4.18
3.34
3.68
2.73
2.53
2.74
4.58
1.24
2.76
4.23
1.18
1.97
1.64
4.86
0.93
4.06
4.03
2.69
4.43
1.59
2.42
4.24
2.16
2.48
3.55
2.69
3.04
1.13
4.25
2.92
1.77
1.39
2.2
0.24
1.24
4.64
2.03
4.41
3.07
3.54
0.64
2.4
4.64
1.08
4.46
2.89
0.68
3.4
4.61
0.32
0.8
0.37
1.08
2.45
4
3.87
4.96
4.81
0.39
3.69
2.62
1.93
3.65
4.53
0.87
0.83
2.44
1.08
2.96
1.03
3.29
0.07
2.66
2.67
2.81
0.39
1.89
2.55
1.08
0.12
1.03
0.14
0.95
4.82
1.74
0.11
1.15
0.04
4.87
0.03
0.57
2
3.15
3.09
0.85
4.38
0.74
0.41
2.01
0.87
3.26
0.28
4.11
4.06
3.73
4.89
2.66
0.88
1.16
2.24
2.63
4.8
2.27
2.48
4.28
4.95
1.35
0.58
5
0.39
3.62
2.92
0.17
4.44
3.99
0.86
2.94
2.22
0.92
4.83
2.99
3.21
4.14
0.84
1.22
1.97
0.2
4.7
3.68
4.13
3.14
4.6
0.8
4.4
4.05
4.06
1.5
3
2.4
2.65
3.85
4.85
3.95
0.23
3.5
1.28
0.26
3.21
2.65
1.07
4.17
0.19
3.81
0.99
1.56
4.27
0.21
1.66
4.35
2.66
1.97
2.04
2.4
2.05
2.07
2.1
1.91
4.04
1.5
4.58
4.04
2.42
1.39
2.7
0.47
3.68
0.77
4.42
4.16
2.8
3.28
2.47
1.3
0.24
4.03
3.61
4.99
4.65
2.79
1.56
3.12
4.72
2.48
4.47
3.89
2.71
2.86
2.31
1.05
3.44
4.13
1.96
0.08
4.78
1.03
1.09
4.7
0.58
2.97
4
3.39
0.69
4.14
2.98
2.13
1.59
2.8
4.35
3.44
3.77
1.47
0.02
0.34
1.98
4.29
0.75
4.88
0.05
0.24
3.73
2.71
0.87
4.3
2.33
1.09
2.89
1.8
3.73
0.85
3.7
1.12
5
3.91
1.34
2.13
3.99
0.69
3.06
0.05
3.33
1.27
1.21
1.77
2.9
3.85
2.81
2.75
1.15
0.22
1.44
2.94
4.99
2.12
3.61
1.6
5
0.46
0.36
2.33
4.35
2.18
2.07
3.35
1.59
2.41
3
3.74
1
0.13
4.95
1.51
3.56
0.3
1.72
0.9
0.45
0.32
1.16
0.66
4.24
4.45
0.41
4.16
0.47
1.13
0.6
4.82
0.88
0.62
4.66
4.5
1.44
4.23
2.37
4.02
2.54
3.95
4.14
1.35
2.37
3.98
1.06
3.26
3.66
0.56
0.89
2.21
2.53
4.38
3.09
0.95
4.84
1.24
4.14
3.65
4.42
0.16
3.84
2.4
3.26
4.24
3.51
4.66
1.89
3.03
0.47
4.42
0.03
4.04
1.06
2
0.6
4.54
1.41
2
1.51
3.1
0.07
4.69
1.85
4.04
0.01
2.08
1.83
1.18
3.2
4.87
1.95
0.65
1.52
0.06
0.23
0.73
2.47
0.03
1.53
4.06
2.4
4.03
3.64
1.84
0.37
1.91
2.63
4.44
1.04
3.63
4.34
4.05
0.73
1.71
0.54
0.78
2.78
0.78
0.98
4.51
1.36
2.91
2.8
1.02
3.37
4.44
4.49
4.23
2.85
2.77
0.45
3.67
2.31
1.79
2.78
2.43
1.42
2
4.63
2.18
2.99
1.19
3.96
2.93
4.29
2.02
4.82
3.88
1.22
3.8
3.11
3.48
1.63
0.53
4.09
0.99
3.67
3.68
2.46
2.79
4.58
3.32
2.55
1.87
2.56
2.33
1.64
4.45
2.36
1
1.33
2.44
1.72
2.85
3.41
3.92
0.31
1.09
3.01
4.31
1.61
1.34
1.72
1.5
1
0.75
3.31
3.22
0.92
4.57
1.93
0.85
3.5
4.41
3.38
1.12
1.8
1.69
4.16
4.08
1.73
2.36
1.49
3.23
0.67
0.85
3.17
1.17
3.41
0.56
3.61
0.07
1.38
1.84
3.55
2.48
2.55
1.06
0.15
1.81
4.9
1.95
4.31
1.67
3.63
4.07
1.97
2.7
3.7
1.5
3.22
0.6
1.16
1.21
4.84
0.19
0.16
1.53
0.26
3.69
2.6
3.43
2.39
3.18
4
3.03
0.83
4.36
4.77
4.18
4.28
2.51
0.85
2.86
1.97
2
1.66
4.77
1.23
1.99
3.63
0.32
1.19
2.78
3.48
2.97
0.84
0.79
2.69
2.03
4.69
2.68
1.07
3.66
1.29
1.36
4.47
1.84
1.78
1.83
3.99
2
0.75
1.45
2.94
0.57
4.5
0.72
1.72
3.01
0.42
2.43
4.33
0.78
4.42
2.15
2.08
0.1
2.72
2.42
0.85
1.84
1.9
1.22
2.65
4.25
4.42
2.52
1.02
0.56
0.02
1.88
1.89
3.19
3.59
0.82
2.55
4.85
0.34
4.3
3.68
3.21
4.24
3.51
2.14
1.96
1.26
3.84
3.22
0.66
4
0.24
4.92
2.82
2.11
4.78
3.41
3.27
0.27
1.96
3.34
3.54
0.85
1.7
2.74
2.15
0.28
1.77
1.26
2.21
3.48
2.41
4.01
1.94
4.33
0.2
2.03
0.15
2.78
2.31
0.74
0.42
0.59
2.66
1.56
0.68
3.64
4.29
3.5
4.21
1.53
4.79
4.6
2.4
4.72
3.15
1.73
3.63
1.26
0.25
2.59
4.84
1.61
4.87
0.93
1.8
3.66
0.91
2.23
4.58
0.6
0.3
2.06
3.01
0.9
4.67
1.43
1.07
3.15
1.72
3.52
2.14
0.83
0.17
2.01
4.52
3.14
3.33
2.13
1.41
3.08
3.42
3.26
1.71
1.72
4.19
0.42
4.08
2.32
0.55
3.03
0.92
4.69
0.36
3.07
0.13
4.75
4.32
4.94
0.78
4.76
3.77
4.05
2.27
1.83
3.93
0.81
0.18
0.26
1.23
0.01
4.99
4.7
1.75
1.64
3.81
0.8
1.22
3.56
4.59
1.43
3.08
1.05
4.86
2.15
1.53
4.88
4.58
4.96
0.32
2.93
4.27
0.78
3.32
0.14
4.78
3.11
2.55
1.54
4.34
0.12
2.74
4.3
3.6
3.74
2.25
4.51
3.24
2.22
1.38
1.93
3.31
4.2
2.24
3.49
1.82
4.16
2.52
1.08
2.02
2.41
0.28
3.32
3.86
0.6
0.17
4.86
3.62
0.07
4.66
0.99
0.1
2.54
0.18
4.64
1.24
1.99
2.78
1.61
2.17
3.36
4.97
3.1
4.61
2.06
1.33
4.85
2.23
4.29
4.56
0.53
1.77
3.49
4.45
2.74
0.35
0.75
0.25
3.44
1.13
3.94
4.34
2.07
2.52
4.25
2.83
3.74
0.29
4.64
0.84
3.05
1.25
3.88
2.73
2.93
4.2
3.91
0.16
2.13
1.93
3.46
0.99
3.07
2.08
0.19
4.34
0.41
2.11
3.73
2.07
4.16
0.24
4.25
0.46
0.8
3.07
3.87
4.04
2.1
1.64
4.26
0.88
2.44
1.7
4.29
2.63
0.77
1.57
2.57
0.72
4.57
1.52
3.71
4.35
4.46
4.29
4.16
4.52
4.02
1.22
0.3
0.23
0.68
0.38
3.02
2.62
0.94
4.78
3.86
4.46
4.65
1.87
4.36
3.55
0.6
4.23
0.24
2.24
0.33
0.59
4.06
0.78
4.51
4.45
4.7
1.15
3.35
0.39
3.63
0.07
4.14
2.51
0.57
1.97
1.05
2.38
2.6
1.94
3.07
0.56
1.02
2.63
2.28
1.7
4.68
0.54
4.13
1.51
2.44
4.56
0.98
1.64
2.76
0.16
3.98
2.69
0.68
2.25
0.29
1.01
3.67
1.91
2.02
1.51
3.34
3.78
2.18
1.48
1.2
0.77
1.47
3.15
4.67
2.24
0.92
3.85
4.82
0.68
3.45
3.54
0.08
3.14
0.51
4.49
4.77
2.5
1.82
1
0.55
0.24
1.05
4.06
0.85
1.15
0.61
0.28
0.66
2.14
2.49
2.37
2.07
1.06
2.39
2
2.36
3.91
2.45
0.6
3.5
4.79
1.37
0.11
4.04
0.28
0.02
3.47
3.62
0.15
3.94
1.66
4.76
2.67
3.28
2.24
0.78
2.92
2.97
1.35
0.37
4.09
1.28
3.91
0.41
1.84
3.35
4.91
0.29
2.6
0.59
4.74
3.16
2.29
1.7
3.39
3.63
0.88
1.71
3.77
1.26
4.24
3.35
0.01
2.36
0.95
2.2
1.73
2.17
4.85
3.57
2.75
1.5
0.35
2.43
4.23
1.72
2.33
2.75
4.02
3.92
3.2
2.3
1.19
3.36
0.76
0.64
4.51
2.88
0.79
1.48
3.94
1.19
1.85
4.82
0.11
4.45
0.92
4.77
1.23
3.6
1.79
4.91
0.12
1.06
0.93
2.93
4.7
3.66
2.49
1.28
1.46
0.4
4.03
1.81
2.62
2.16
0.48
3.49
2.67
1.44
0.05
2.92
1.63
4.21
2.85
2.47
2.32
1.6
2.6
2.38
4.55
3.63
3.31
1.22
4.03
0.78
4.72
0.35
2.85
4.96
2.21
0.78
1.29
2.97
0.96
2.79
4.03
0.47
1.39
3.05
3.7
3.64
0.07
2.28
0.92
1.17
3.1
0.58
0.62
2.41
1.62
0.17
3.4
3.79
4.25
0.13
0.52
1.31
1.48
2.74
1.49
4.08
2.24
1.96
1.35
2.06
2.16
3.35
0.65
4
1.21
0.55
3.34
1.46
0.4
2.35
4.65
4.23
3.52
1.34
1.54
4.68
2.25
1.58
0.59
4.26
3.65
1.43
1.98
2.17
4.01
4.94
4.1
0.91
0.52
2.08
4.59
3.93
0.96
0.93
4.05
0.41
1.06
3.53
1.12
3.24
2.13
4.46
2.09
4.94
0.74
2.35
1.46
2.04
4.79
2.78
2.76
4.34
2.02
3.38
1.85
1.69
3.11
1.38
2.06
0.1
1.36
0.56
1.66
0.43
0.6
3.66
0.3
2.41
1.73
1.38
2.94
0.06
0.56
2.08
4.52
2.38
3.71
1.84
1.74
1.59
2.67
0.32
4.42
3.54
2.98
4.39
0.48
4.57
0.41
0.36
2.31
4.11
1.85
1.8
4.65
4.94
3.3
0.75
3.16
4.29
3.17
0.2
2.58
1.15
2.03
1.19
3.79
2.84
1.66
0.05
4.68
0.51
3.21
4.32
3.91
1.28
3.53
1.76
1.21
0.19
2.61
4.19
1.59
3.4
0.63
1.31
4.63
1.99
1.11
0.12
0.29
2.96
4.18
1.85
3.35
1.08
1.86
3.06
3.51
0.69
3.69
1.9
0.72
2.35
3.34
3.06
0.95
2.61
2.42
4.08
0.63
3.7
0.01
2.51
2.58
0.02
4.52
0.14
0.47
3.62
0.33
4.32
2.13
0.62
1.52
0.7
4.72
0.5
2.57
4.43
1.95
4.92
1.43
3.31
2.4
0.58
0.9
0.85
3.63
1.97
1.56
2.01
1.08
2.55
3.65
4.8
0.3
2.61
1.06
1.54
2.78
1.73
3.21
1.01
3.02
1.52
3.85
0.04
3.53
2.25
0.77
3.37
0.93
3.98
1.71
2.5
2.91
4.27
3.45
1.64
0.58
2.17
1.27
4.82
3.16
2.89
1.35
3.73
0.91
3.96
3.84
2.81
3.69
2.81
1.9
2.42
2.24
2.65
3.97
0.42
3.04
3.47
0.36
1.08
0.81
3.98
0.85
0.74
1.52
3.58
2.12
3.68
3.31
1.98
1.49
3.85
1.37
1.51
3.2
3.2
4.39
0.98
0.45
3.5
2.6
1.75
4.21
2.45
2.78
4.82
0.38
1.18
0.77
2.5
1.77
1.64
1.1
3.26
4.87
2.18
2.3
2.51
2.68
0.26
3.65
4.27
3.28
1.45
1.78
2.32
0.07
4.81
3.66
0.08
3.58
2.26
1.03
4.47
4.82
2.13
0.98
0.46
1.22
2.77
0.36
0.45
0.81
3.78
1.31
1.03
3.37
3.36
3.33
4.08
3.71
0.95
1.29
2.29
3.33
1.34
0.11
2.11
0.83
3.92
2.39
3.77
4.46
2.27
2
1.27
4.52
1.25
3.03
1.83
4.54
2.75
3.6
1.57
1.71
2.92
1.46
0.99
4.14
3.39
4.81
1.1
0.19
1.76
4.14
3.42
1.58
0.48
1.49
2.72
2.28
2.99
0.19
0.3
1.9
3.98
2.33
0.79
0.44
4.71
3.31
2.12
0.79
4.43
1.96
4.89
1.81
0.1
1.25
1.78
4.44
2.32
3.78
0.23
0.84
2.74
2.53
3.55
2.34
4.62
2.63
0.23
1.45
0.99
4.34
0.75
4.75
3.55
3.03
4.13
2.32
3.27
2.84
2.33
2.1
1.01
4.41
4.61
3.81
2.96
2.27
4.15
3.21
4.39
0.63
3.87
2.74
1.76
1.63
1.55
3.94
4.48
1.81
1.81
3.95
0.92
2.15
2.12
3.91
1.09
0.02
0.66
2.85
0.3
3.78
3.03
2.89
2.16
2.68
4.82
0.17
2.95
0.68
0.36
3.61
0.05
2.78
2.62
3.84
1.88
2.17
3.74
4.77
4.73
1.79
2.3
3.31
4.82
2.09
0.93
4.81
4.32
1.19
4.85
3.98
2.96
0.26
4.73
4.58
4.77
1.28
3.67
4.31
1.85
4.24
3.34
0.1
1.69
4.3
3.15
3.58
4.96
3.97
2.27
4.11
0.4
1.14
2.19
3.69
2.02
3.83
3.46
3.64
3.81
3.81
2.76
4.55
2.01
4.89
2
1.01
1.36
1.31
1.47
2.92
4.55
2.56
4.16
0.17
2.11
2.94
1.83
3.63
1.53
0.02
1.71
2.23
0.94
3.66
3.11
2.49
3.66
0.33
0.92
4.84
2.44
2.68
4.38
2.18
3.15
2.82
1.81
3.43
2.61
2.2
4.99
4.28
2.24
0.64
2.83
0.21
4.86
0.85
3.28
1.99
1.26
2.13
4.8
0.46
3.45
2.99
2.27
4.47
1.65
1.09
0.46
3.99
1.36
0.29
1.89
0.39
0.61
4.76
0.73
0.55
0.01
3.74
1.57
3.14
0.71
4.33
4.52
2.53
1.64
0.97
2.5
4.48
3.48
2.94
2.9
3.85
4.63
4.24
1.2
4.78
1.15
5
3.95
1.59
3.76
3.83
1.23
3.96
0.82
2.72
2.11
1.91
0.54
3.96
2.43
3.45
2.1
