2.47
3.81
4.21
0.27
1.18
3.05
1.54
1.15
2.08
2.05
4.6
2.34
3.05
1
3.28
4.8
3.26
0.54
1.83
0.25
1.86
0.8
2.3
1.13
1.44
4.13
2.8
3.29
4.85
4.87
3.03
0.25
4.03
1.5
1.48
2.68
3.72
4.07
3.59
2.55
2.69
4.58
0.11
4.87
3.63
1.2
1.69
3.88
1.13
1.14
0.37
4.16
1.91
0.06
0.76
3.14
4.09
3.96
2.15
1.94
5
2.37
1.23
2.63
4.32
2.58
4.4
4.95
0.32
1.28
4.76
0.21
0.52
1.82
4.25
0.39
0.59
4.1
0.52
1.75
1.69
2.63
1.62
1.55
4.19
3.84
4.09
4.69
3.14
4.72
1.77
4.08
4.02
1.35
5
0.53
1.95
0.61
2.81
0.84
4.56
3.77
3.14
4.83
1.56
4.96
3.27
1.13
2.76
2.74
1.45
3.79
3.76
4.63
4.19
3.57
4.6
4.83
2.44
3.63
1.45
3.4
1.64
2.19
1.19
1.12
3.12
1.59
4.58
0.11
0.13
0.14
4.95
4.19
0.68
2.13
2.65
1.11
3.41
1.76
1.02
2.5
1.48
1
1.87
4.59
4.59
2.19
3.72
2.34
4.02
0.03
3.58
3.88
2.91
4.6
0.77
3.8
2.68
2.54
4.84
0.88
2.34
3.41
2.48
1.24
4.94
0.65
1.32
3.33
2.11
1.65
4.29
0.9
0.9
4.06
2.18
1.71
0.17
4.17
4.1
4.22
2.28
0.33
4.17
3.37
2.11
3.84
2.93
0.17
1.64
0.3
4.14
4.48
0.17
1.23
0.3
0.51
4.1
2.94
2.22
2.9
1.45
1.5
3.55
4.36
3.27
2.51
1.92
2.42
3.39
3.24
3.59
2.59
3.37
1.34
3.13
4.21
0.19
3.37
0.13
3.48
3.07
3.03
2.16
2.57
0.66
3.81
1.24
2.59
2.73
3.48
4.77
1.51
1.18
4.85
0.3
1.33
1.48
0.14
0.73
4.85
0.73
2.19
0.39
0.57
1.91
2.62
2.01
0.33
4.08
2.26
0.17
0.93
4.68
4.52
2.38
0.19
3.36
0.67
4.05
0.51
2.64
1.42
2.77
3.7
1.27
1.07
0.2
3.4
2.73
1.41
2.9
1.95
3.59
2.39
1.75
2.12
4.46
4.68
3.52
0.04
3.41
3.14
2.33
1.96
2.33
0.49
2.94
0.22
0.82
0.7
0.49
3.71
2.31
2.48
1.83
0.92
0.55
4.4
0.12
4.91
3.41
1.7
0.93
0.71
0.96
4.75
1.75
4.62
2.32
3.88
3.44
3.04
4.26
2.2
1.35
1.71
2.45
0.09
0.21
4.79
4.64
4.2
4.96
0.24
3.65
0.67
0.25
1.45
0.4
3.74
3.72
2.15
1.82
0.83
0.59
0.54
4.03
2.07
2.4
0.25
4.86
1.21
4.15
0.16
2.83
0.12
0.56
1.07
0.04
3.58
1.11
1.09
4.9
1.98
1.77
1.29
0.76
4.73
3.34
0.92
1.51
1.07
4.62
4.78
4.58
1.99
1.54
4.45
1.77
4.46
2.11
2.68
0.05
0.95
1.9
4.72
0.76
3.55
3.97
1.64
4.1
0.24
3.55
3.62
0.09
3.54
4.3
0.54
2.99
3.29
3.75
3.34
2.22
2.22
3.87
2.54
3.2
2.69
0.83
2.59
1.57
1.48
4.18
1.84
1.18
2.51
2.63
0.23
0.79
0.68
1.46
0.33
3.05
0.17
3.09
4.7
1.73
0.84
4.2
0.78
1.26
4.93
3.88
4.09
4.69
0.54
3.82
1.82
4.99
1.28
0.27
1.61
4.13
2.35
2.94
0.01
3.18
2.97
3.17
2.03
4.86
1.55
1.66
2.45
0.62
2.55
0.19
2.29
2.6
4.25
0.91
1.96
4.08
2.44
2.51
3.07
3.19
4.21
1.27
4.02
3.45
4.68
3.72
4.63
2.05
3.38
3.57
1.48
1.29
2.15
2.45
3.82
1.76
0.17
0.96
3.88
3.36
4.15
1.11
3.44
2
4.05
4.17
1.25
1.48
1.88
3.46
3.85
4.51
3.8
2.41
3.46
2.16
2.92
4.94
4.77
0.41
3.24
1.67
1.78
0.23
3.41
3.4
3.56
2.64
2.77
2.72
2.71
2.8
2.72
0.5
2.83
0.78
1.77
4.64
1.26
1.98
1.41
2.83
2.28
1.39
1.68
3.74
0.06
1.87
4.84
5
3.05
2.8
4.63
4.02
0.87
3.37
4.07
1.53
1.34
4.97
0.66
0.25
4.88
0.07
2.78
3.44
2.43
0.59
0.89
3.46
2.72
0.13
4.56
4.68
1.66
2.33
0.27
3.71
0.95
2.22
1.61
2.84
3.64
4.55
1.42
3.81
3.78
2.58
2.52
4.96
1.22
2.81
0.91
1.3
1.87
1.16
2.43
0.07
2.19
0.93
2.12
3.14
3.93
4.25
2.74
2.07
2.73
4.87
4.85
2.16
4.51
2.37
3.55
1.06
3.48
1.71
1.2
3.91
1.33
2.26
3.56
1.16
0.09
3.84
3.95
4.43
4.71
2.36
1.48
2.95
2.97
4.42
2.63
2.37
0.84
1.88
0.92
1.66
4.95
3.09
3.08
1.85
4.59
3.73
3.55
3.96
3.84
1.14
4.52
0.3
2.9
3.2
4.99
3.04
4.68
4.45
2.85
0.44
4.28
3.54
2.77
0.29
1.23
0.39
1.85
2.53
2.71
2.68
2.83
2.35
3.13
3.02
2.75
2.21
0.98
4.32
5
1.13
1.28
3.72
4.95
3.08
1.77
1.3
4.14
0.49
0.23
1.01
1.24
0.09
2.36
3.04
0.13
1.74
4.02
2.53
4.66
0.87
2.06
0.79
2.44
4.29
0.08
4.47
1.91
2.44
2.56
4.83
1.33
2.81
1.27
3.88
3.28
3.31
4.76
1.92
2.09
0.28
2.44
0.84
4.95
0.73
3.16
4.4
3.92
1.75
1.76
3.6
0.26
2.78
3.83
4.67
2.39
2.25
0.19
2.52
1.61
0.97
4.65
3.7
3.98
4.35
4.8
0.26
1.03
3.53
4.56
2.5
4.93
2.32
4.72
3.74
3.29
2.42
1.21
3.81
0.66
4.95
4.22
4.33
3.61
2.01
0.95
3.55
3.46
3.34
1.69
0.09
0.84
3.38
2.66
1.67
4.22
4.68
4.32
0.15
1.64
4.63
3.53
2.52
3.43
4.28
0.97
3.56
1.31
1.99
2.84
3.72
2.68
1.04
2.98
2.65
1.5
2.14
0.17
3.6
0.68
0.17
1.5
3.05
2.54
2.95
3.51
1.8
3.03
2.48
4.9
1.89
4.02
3.03
3.92
4.98
2.76
2.26
4.85
2.71
3.95
2.22
0.91
2.22
1.04
2.67
3.53
3.31
0.62
4.17
0.66
0.74
2.18
0.38
3.61
2.59
4.8
1.38
0.27
2.07
4.01
2.87
0.25
1.88
2.08
3.45
3.36
4.48
2.56
1.54
0.48
4.93
4.87
4.06
2.9
1.42
0.39
1.24
4.81
2.62
4.45
3.65
2.59
0.35
1.04
2.14
4.78
1.67
2.25
4.73
3.57
0.88
3.23
3.62
3.93
1.22
1.62
0.86
1.99
3.77
2.14
4.88
1.22
3.38
0.86
1.15
0.51
3.05
1
4.58
4.08
1.93
0.95
2.35
3.47
1.33
0.58
1.59
2.11
4.88
4.77
1.91
4.94
1.48
1.55
2.75
4.63
1.5
4.3
3.21
3.1
2.66
4.32
3.78
4.7
0.57
0.68
2.44
0.49
3.79
3.32
4.02
0.26
0.25
1.16
2.27
0.51
0.61
4.23
1.67
2.97
3.51
1.46
4.09
0.09
4.64
0.2
3.23
1.19
2.31
3.82
0.98
1.73
4.95
4.98
3.55
3.63
1.78
4.04
3.39
4.83
4.53
4.14
0.68
0.9
3.07
0.45
4.75
1.67
4.44
1.38
3.96
4.59
4.09
4.85
1.11
4.3
4.45
3.95
3.53
3.8
1.85
1.6
0.17
2.66
0.69
3.07
1.64
4.33
3.39
3.13
3.83
3.93
0.41
0.73
0.09
3.69
0.89
4.5
1.88
4.41
3.06
4.92
2.01
3.01
0.3
1.12
2.54
1.74
3.46
0.85
2.61
4.22
3.8
0.83
3.11
0.65
3.73
3.68
2.89
4.92
2.66
2.72
4.71
3.36
3.03
1.56
1.34
0.55
1.74
3.87
3.76
1.87
2.92
3.02
0.7
2.98
4.08
0.54
2.75
1.41
3.84
4.03
0.3
1.18
4.47
3.5
2.3
4.76
4.39
4.55
3.73
4.55
3.58
1.76
0.04
2.62
1.3
3.55
2.79
1.27
1.09
1.15
2.8
2.21
0.43
1.53
4.1
0.49
1.13
1.26
2.74
3.48
5
3.4
3.98
0.13
2.98
4.41
0.79
3.94
4.57
4.45
0.92
0.55
1.15
3.66
2.48
3.59
2.16
4.53
2.72
2.24
4.52
2.95
0.42
2.5
1.14
3.47
4.34
4.7
4.69
4.71
4.87
0.47
4.72
1.6
4.78
2.9
2.32
1.79
2.72
1
0.07
2.27
1.85
0.93
4.9
1.07
1.31
3.79
1.7
2.61
4.25
0.62
1.15
3.83
1.38
1.28
2.9
3.78
2.69
4.27
1.03
4.53
1.57
2.07
0.84
2.19
1.46
2.13
4.46
0.15
2.26
4.32
1.2
4.37
0.07
2.75
2.73
1.1
0.19
1.63
1.13
2.75
3.27
1.82
0.37
4.75
0.37
3.13
0.76
2.49
2.07
1.55
2.02
0.27
4.68
3.72
4.56
1.16
3.13
0.37
4.71
3.17
1.04
4.39
3.13
3.36
4.29
0.95
0.95
4.48
0.37
1.46
1.47
4.57
3.05
4.43
4.47
4.08
4.5
0.74
0.75
2.59
1.41
4.01
2.74
2.67
2.85
1.92
4.83
2.85
3.81
4.32
3.6
2.83
2.95
4.32
1.03
0.48
4.94
2.54
1.9
3.23
2.54
3.78
2.75
1.67
4.03
0.77
0.5
3.96
4.5
4
1.62
4.97
1.26
2.52
1.01
4.51
3.89
1.4
1.46
1.67
1.54
2.88
4.05
4.64
2.19
0.71
4.67
2.23
0.18
0.79
2.66
0.47
1.9
3.69
3.64
2.69
1.83
3.02
0.59
4.85
3.6
3.83
4.6
4.19
3.96
0.29
1.62
3.04
1.93
4.04
0.38
1.86
3.34
2.28
3.27
4.01
4.87
3.48
1.67
3.37
2.17
3.49
3.25
0.05
3.6
1.03
4.88
0.52
1.11
2.93
4.89
0.48
1.95
3.6
1.78
0.96
4.62
1.17
3.74
2.76
3.26
4.57
1.41
4.01
1.36
1.15
2.69
4.5
4.1
1.36
3.16
1.51
2.77
0.26
4.04
0.9
2.53
2.72
1.33
1.68
3.96
0.76
4.7
1.1
1.57
0.57
4.88
4.14
0.4
2.36
2.18
1.85
4.2
4.1
1.64
1.81
2.63
2.64
2.96
0.84
0.08
1.2
1.73
1.17
3.64
1.98
1.1
3.61
2.96
3.15
1.38
1.03
0.77
1.05
0.25
2.33
3.52
2.89
2.51
4.26
1.69
4.42
1.19
2.4
0.74
4.34
1.35
0.23
1.69
4.67
3.18
1.76
4.59
1.24
2.12
4.04
4.61
3.78
4.54
3.43
4.14
3.39
4.98
3.5
1.8
3.4
3.25
0.98
4.26
4.05
2.15
3
4.96
4.85
1.33
0.21
2.56
0.33
4.32
0.82
3
2.99
2.89
1.09
4.7
1.26
4.25
3.6
3.35
2.16
0.28
1.81
3.1
3.81
3.06
4.6
4.99
0.55
1.57
2.29
2.81
0.17
3.2
0.54
2.68
1.33
0.82
0.83
4.34
3.09
1.71
4.34
1.98
2.08
4.22
1.62
4.67
4.51
2.44
1.73
4.97
4.86
1.46
2.32
1.11
0.21
4.41
4.59
4.49
2.37
4.49
1.09
3.06
2.89
4.05
3.51
1.2
4.55
2.45
3.81
2
2.33
1.61
1.5
1.65
3
2.25
4.54
3.7
0.25
0.02
2.81
0.26
4.97
2.35
3.51
2.87
4.16
3.73
4.96
0.93
0.81
0.55
3.24
0.88
1.63
1.42
0.9
3.23
1.44
3.06
0.09
3.58
3.57
0.88
3.92
2.57
4.16
1.09
3.01
3.64
2.44
3.19
4.51
3.51
0.41
0.34
4.24
2.75
1.11
1.69
0.53
2.9
2.73
0.75
2.36
2.68
2.29
0.73
2.55
2.98
3.25
0.37
4.05
1.88
0.67
3.04
1.64
1.68
3.15
2.39
3.46
2.52
3.44
0.99
2.08
1.2
3.72
0.95
3.55
1.17
4.84
4.86
1.07
3.79
1.29
2.13
4.66
0.94
4.56
1.88
3.34
1.99
4.38
1.38
4.84
3.61
4.92
0.64
1.3
1.31
2.99
0.27
2.36
1.18
1.73
1.79
4.78
1.05
3.88
4.19
1.33
1.05
0.94
2.5
2.66
0.86
4.09
1.35
2.96
0.43
2.88
0.57
0.51
0.08
4.96
0.12
4.67
3.59
2.27
4.28
3.44
1.2
2.99
4.32
3.16
1.45
4.72
0.06
4.59
4.2
1.68
0.6
0.16
3.05
3.62
2.11
0.01
0.54
4.46
1.66
3.01
1.52
4.22
4.74
2.44
1.79
2.54
2.94
0.12
0.32
3.72
4.28
4.01
0.92
2.03
2.57
2.33
0.23
0.35
2.37
3.4
3.76
2.69
4.49
3.22
3.33
2.16
0.84
1.28
1.51
1.66
4.89
0.14
0.82
4.84
0.87
4.17
0.25
3.53
3.97
4.66
0.49
0.72
1.71
4.86
3.52
4.06
0.26
0.09
0.91
4.19
4.42
3.84
2.43
0.62
2.22
2.35
1.35
4.74
0.78
0.65
0.57
1.63
4.76
1.61
0.14
3.64
4.56
0.92
1.61
3.31
2.77
3.38
3.03
0.79
0.81
2.35
3.44
2.38
2.93
0.36
0.1
3.07
4.65
3.51
2.27
3.23
2.66
0.91
2.46
1.96
1.3
0.93
4.3
4.16
4.47
3.81
2.69
2.54
1.79
4.35
2.81
1.47
3.49
1.36
1.39
0.81
1.39
3.57
1.06
0.62
3.09
3.85
0.38
0.2
0.53
3.7
3.9
2.9
3.76
1.8
1.85
2.31
3.23
1.73
4.37
3.17
4.84
2.76
4.23
2.02
1.51
1.85
4.8
1.63
0.73
1.52
4.58
3.3
2.03
4.59
3.95
4.17
4.38
4.34
4.56
4.01
4.59
4.71
1.83
4.12
3
2.77
1.1
1.66
3.96
0.61
4.91
1.56
0.18
0.34
3.41
4.85
2.95
1.02
0.5
1.82
0.84
0.02
0.12
1.04
0.87
3.72
1.25
1.71
4.71
2.82
3.98
3.43
3.28
0.83
2.49
3
1.89
4.97
0.4
4.88
4.45
2.03
4.07
0.14
2.2
4.02
0.66
4.59
0.43
4
4.19
1.94
3.5
4.68
4.87
3.86
0.25
3.41
4.62
0.96
2.39
1.02
2.08
1.78
4.17
0.35
0.76
0.31
3.05
0.66
1.59
1.76
0.75
1.38
0.43
0.33
4.82
1.61
3.38
4.97
2.5
1.78
4.17
4.63
3.55
4.97
1.86
1.79
2.14
4.86
3.26
3.48
2.55
2.81
1.8
0.8
3.19
2.67
4.2
0.57
4.66
1.68
4.29
3.23
4.49
4.29
4.7
3.44
3.68
3.38
4.27
2.72
3.16
1.42
0.4
2.18
2.13
4.82
2.09
2.76
4.42
0.26
3.65
2.67
2.03
3.47
1.45
0.04
4.03
1.75
3.38
4.65
1.7
1.29
1.03
0.45
1.47
3.76
2.49
4.25
1.94
4.61
3.93
2.29
1.89
1.96
4.61
1.05
2.44
4.05
3.66
4.77
4.02
1.51
2.94
0.01
3.02
3.02
3.62
0.11
2.78
0.73
2.7
3.95
2.84
1.78
0.98
4.35
2.17
0.84
4.98
3.64
4.02
1.39
2.55
2.39
2.4
3.26
2.64
1.9
2.03
4.66
2.98
4.89
1.05
0.26
1.94
1.81
3.81
4.09
3.07
1.29
4.85
5
1.4
4.83
4.86
1.7
1.86
2.33
1.91
3.58
2.06
0.38
3.19
4.41
1.97
1.87
0.15
0.89
3.37
0.04
1.84
2.02
3.96
0.92
2.72
2.94
2.48
3.71
3.63
1
1.1
3.73
4.79
3.03
2.68
4.71
0.35
3.84
1.44
4.57
4.54
0.19
4.78
4.41
2.24
4.68
1.18
3.82
2.13
2.56
3.85
2.74
4.97
1.67
4.79
1.74
2.03
0.63
0.38
3.81
2.17
1.38
4.27
4.68
2.56
1.25
2
0.34
4.1
2.61
4.74
2.91
1.85
4.54
4.79
2.51
4.52
0.39
3.59
0.7
3.45
0.85
1.11
2.19
2.81
3.38
0.87
1.69
0.91
4.75
2.35
4.76
4.93
1.38
0.64
1.2
2.04
2.42
2.85
3.95
4.51
4.79
0.24
4.79
4.15
2.91
1.65
4.37
0.53
0.05
3.85
0.56
4.95
1.99
2.45
1.61
3.14
0.04
4.74
2.25
1.81
3.19
0.95
0.55
4.67
2.77
2.41
2.64
2.78
4.92
2.87
0.21
4.2
4.31
0.12
4
1.5
2.69
4.05
0.11
1.75
3.58
3.25
1.35
1.69
1.16
4.25
0.37
2.64
0.87
2.5
4
1.61
2.47
4.31
2.48
4.97
2.32
1.9
4.79
2.56
3.15
4.37
3.05
4.22
0.75
3.43
0.4
1.98
1.05
2.51
0.43
4.44
2.73
4.23
3.95
1.6
4.25
0.18
4.53
1.13
0.46
0.83
1.08
4
0.2
1.06
1.34
0.48
4.66
1.15
2.66
1.36
1.75
2.76
2.49
3.84
4.12
0.11
4.89
3.84
2.5
1.93
0.87
0.27
4.16
4.13
0.14
4.74
0.76
4.2
0.32
3.32
3.13
0.19
3.15
2.37
2.07
3.93
3.35
2.96
1.8
1.12
3.48
2.17
4.04
1.25
4.72
0.74
2.28
2.84
0.11
2.37
4
4.17
0.95
4.7
0.69
0.66
4.72
3.96
2.54
2.48
2.7
1.98
2.99
1.5
2.23
2.31
3.23
4.66
4.88
2.25
0.11
1.48
4.72
0.27
3.45
2.07
2.53
3.7
1.55
0.26
3.19
1.38
2.83
3.72
3.29
2.79
1.05
3.03
2.84
2.09
0.07
0.28
1.53
0.42
4.02
4.29
4.28
4.47
3.2
1.04
3.97
3.47
0.66
0.12
1.45
0.8
4.32
1.31
4.32
4.5
2.75
3.01
3.08
0.34
0.63
3.06
3.58
4.12
4.38
3.57
2.99
3.25
2.54
2.91
1.16
4.33
3.15
1.65
0.92
3.32
4.05
1.92
0.39
1.26
3.17
0.2
0.99
0.51
4.15
0.02
3.69
4.07
4.67
1.85
2.68
4.5
4.62
3.5
1.85
3.56
3.63
0.44
3.91
1.7
4.79
4.89
1.3
3.53
0.2
2.12
2.91
2.2
2.04
4.49
1.92
0.12
4.66
3.5
4.66
0.29
4.35
3.09
4.76
1.96
4.52
4.8
2.14
4.18
3.8
1.01
3.16
4.55
4.85
2.44
0.38
3.68
4.77
2.88
2.38
1.29
2.41
3.86
0.65
1.24
2.12
0.76
2.94
0.8
3.18
3.63
4.34
2.19
3.58
0.6
2.05
2.87
0.1
0.7
2.01
2.06
1.23
3.74
2.85
1.46
2.62
2.4
4.39
3.68
3.28
0.4
2.45
0.19
1.31
1.77
0.67
0.84
4.07
4.97
2.49
3.92
2.99
4.64
2.11
2.37
3.22
2.61
0.09
4.47
0.82
0.48
1.16
0.47
4.69
1.8
2.01
4.24
4.08
0.07
1.69
1.71
1.66
2.1
1.99
4.12
1.21
2.54
3.76
4.29
0.75
2.68
4.72
3.25
2.91
0.21
4.8
1.23
1.21
3.65
0.2
4.95
4.76
4.88
0.5
1.37
0.87
4.98
2.54
3.58
2.74
3.04
4.67
2.58
3.26
3.79
3.87
0.41
4.63
3.85
4.42
0.12
2.3
1.69
0.39
3.2
1.56
0.56
2.09
3.19
4.72
0.66
3.1
2.33
3.48
1.28
1.04
3.42
3.67
3.65
1.42
4.27
1.95
4.51
3.37
4.22
0.85
1.54
1.53
0.97
1.12
2.34
3.56
3.27
0.18
3.76
2.9
0.65
1.97
4.29
0.9
4.4
2.55
0.49
2.43
3.29
3.97
4.95
3.14
0.54
4.79
0.41
2.26
4.65
3.46
1.29
1.3
3.22
2.5
2.39
2.89
3.21
2.29
3.84
2.31
2.02
3.04
4.76
2.62
3.72
1.11
1.17
2.79
4.7
3.33
3.19
3.63
3.95
2.24
2.05
2.91
3.89
3.61
4.87
0.25
1.18
3.2
4.07
0.58
1.87
3.49
1.54
0.65
4.63
2.81
3
0.37
2.55
0.65
0.65
4.52
3.5
3.93
4.45
1.26
1.93
0.53
2.81
3.28
3.38
0.27
3.12
4.66
2.57
4.8
0.09
2.53
0.13
3.31
