4.61
1.69
1.6
4.55
3
4.94
1.11
4.24
1.23
0.48
1.77
0.16
2.27
4.04
1.02
2.68
2.34
1.19
1.32
2.47
0.74
2.92
2.28
2.05
1.42
4.86
3.89
4.01
4.09
3.47
4.46
4.75
2.19
2.31
3.99
1.84
2.46
1.09
0.74
4.5
4.12
4.39
1.39
2.68
2.24
0.09
1.55
1.63
2.09
3.92
3.81
0.68
4.64
0.12
4.56
4.24
2.54
2.29
2.5
2.08
1.14
4.59
2.83
4.11
0.84
2.58
3.36
2.88
3.45
3.57
0.6
4.76
3.29
0.1
0.1
1.25
0.86
2.4
0.07
0.53
1.51
1.57
3.61
2.04
1.71
4.69
1.31
0.15
0.88
4.82
2.35
1.28
3.41
1.6
4.82
3.43
2.64
0.68
1.4
0.06
0.92
3.46
3.01
3.12
4.21
3.98
0.74
1.67
4.91
1.13
2.43
2.11
2.43
4.2
1.49
3.04
3.6
4.05
3.6
3.34
3.38
3.56
3.14
4.74
3.6
3.75
4.41
2.53
3.04
4.83
2.72
3.17
3.1
0.63
0.15
3.68
3.21
1.13
3.97
1.18
0.28
3.56
4.35
3.39
1.99
1.02
1.55
3.63
4.21
1.98
3.44
4.79
0.37
0.42
3.33
0.47
1.07
3.16
0.98
4.21
4.88
4.3
1.73
0.98
4.62
1.99
0.25
0.81
2.36
3.17
4.44
3.23
4.85
2.62
4.2
4.17
0.85
1.35
3.41
4.54
1.22
3.67
2.71
4.11
1.06
3.19
2.72
2.15
1.82
3.98
2.02
0.23
0.46
4.82
0.99
3.44
0.71
2.3
0.84
0.45
2.3
4.22
4.61
3.89
1.04
2.64
1.31
4.86
1.69
0.05
4.61
1.25
0.56
0.2
4.86
2.1
1.11
3.5
0.69
0.51
3.09
4.14
2.34
0.88
2.78
4.32
3.73
1.97
4.1
4.11
1.38
0.06
1.57
4.63
2.36
0.63
0.56
1.62
1.74
3.23
2.8
3.62
1.31
4.79
0.09
4.8
0.2
2.8
4.2
1.52
3.43
4.84
0.62
0.41
1.66
1.83
2.82
1.73
3.31
0.37
0.02
4.9
2.35
2.7
2.23
1.66
1.43
4.94
2.78
1.91
0.71
2.18
2.01
4.26
2.17
4.82
2.28
3.73
4.86
4.8
2.13
2.53
4.73
4.79
0.49
4.71
3.82
4.4
2.79
2.49
1.96
1.78
0.47
2.1
2.86
4.33
4.9
2.08
3.34
2.78
2.06
3.45
0.95
4.13
4.06
2.57
3.77
2.28
2.84
4.11
4.22
2.19
3.84
0.94
1.47
3.43
1.7
3.06
4.07
4.68
0.25
2.4
2.06
2.2
1.61
2.23
1.82
4.41
1.19
1.83
0.26
4.12
1.73
3.9
0.16
2.81
2.87
3.08
0.01
0.08
1.22
2.44
3.92
4.91
0.98
4.57
4.52
2.85
2.35
3.01
2.96
3.7
0.02
1.74
1.34
2.68
4.87
3.78
4.45
4.17
2.1
1.89
4.34
1.49
4.17
0.95
4.66
4.96
0.29
3.57
2.76
2.92
2.39
3.67
2.61
2.54
0.14
2.68
3.97
5
3.54
3.17
0.45
0.22
3.28
0.79
4.88
4.4
4.2
0.96
4.55
1.64
4.3
2.92
2.1
2.48
3.41
4.82
3.59
4.12
4.74
3.53
2.44
3.99
1.16
2.06
3.23
0.17
0.99
3.22
1.77
4.14
4.26
4.89
1.63
3.71
4.07
2.01
1.87
4.16
1.23
1.62
3.39
2.91
3.16
3.69
0.91
1.69
4.3
0.53
0.87
1.68
3.91
1.23
3.49
3.32
2.3
3.33
4.45
3.14
2.78
0.97
3
4.52
4.98
0.49
0.12
4.25
0.52
0.49
2.66
4.46
1.85
4.33
0.97
0.66
0.71
1.68
2.94
1.26
2.93
4.13
2.06
1.94
4.78
4.64
0.75
4.73
3.32
2.26
4.13
4.15
0.43
2.08
4.15
2.41
4.58
3.77
4.92
0.98
3.78
0.32
4.71
4.37
0.38
0.37
2.69
0.48
3.75
4
1.71
4.03
1.52
2.1
1.63
2.8
2.33
3.61
1.09
2.79
1.77
0.61
4.25
4
4.67
2.3
3.63
2.77
4.45
0.68
2.85
3.43
1.72
2.28
1.1
4.4
2.72
1.75
1.88
2.32
1.21
4.42
1.58
2.87
1.58
1.53
2.49
3.02
0.13
4.2
0.67
4.94
1.84
1.97
2.64
3.38
3.66
2.58
4.9
4.34
1.04
3.23
2.87
5
3.54
4.47
1.66
4.55
4.85
3.95
4.36
0.1
0.52
4.43
1.76
2.97
1.99
1.32
3.45
1.79
0.12
4.34
0.96
1.62
1.01
3.13
4.64
1.88
4.84
3.57
3.46
0.12
1.41
4.77
3.11
2.23
2.7
0.15
3.9
3.35
2.56
4.46
0.29
4.96
1.69
2.17
4.83
4.82
0.3
1.57
1.98
3.4
0.37
0.08
3.11
4.08
0.7
2.48
3.19
2.16
3.5
3.24
3.39
2.54
2.17
1.91
0.9
4.55
2.78
3.07
1.78
0.18
4.54
4.46
3.56
4.86
3.41
2.55
3.96
4.07
2.05
3.3
4.26
0.58
3.69
1.63
1.3
2.77
4.4
0.73
4.71
1.84
1.25
1.89
4.78
4.15
0.13
2.24
3.09
3.2
2.98
4.77
3.6
0.06
3.74
3
0.46
4.88
1.07
3.35
0.04
4.98
4.61
1.38
2.33
1.51
0.19
1.95
3.76
4.24
4.72
1.28
4.65
2.43
2.27
0.86
2.46
4.14
3.18
1.73
1.44
4.23
4.35
4.07
4.6
2.54
2.78
1.92
4.42
2.83
3.49
2.16
4.82
3.4
4.03
3.43
3.79
4.89
1.63
4.71
2.54
4.4
2.34
2.02
1.29
2.11
2.3
0.91
2.83
2.48
1.99
3.67
1.22
1.61
4.34
4.38
2.8
2.5
2.45
4.87
2.75
1.34
0.67
4.27
1.65
2.78
1.52
0.09
1.2
1.61
0.37
2.78
0.33
4.23
0.99
2.88
4.99
0.9
4.17
1.73
3.08
1.36
2.06
2.88
2.65
3.01
1.78
4.18
2.13
0.41
2.99
0.34
3.49
0.14
1.96
2.71
2.64
1.87
1.09
1.15
2.39
4.14
3.08
1.52
3.93
1.86
4.18
1.22
0.73
3.54
3.75
1.66
2.68
0.07
3.84
2.72
0.03
0.24
2.55
0.02
2.26
4.68
3.84
1.06
3.49
0.8
3.23
3.48
3.94
1.15
0.47
3.16
2.41
2.8
4.11
0.07
2.63
3.3
1.68
4.28
2.96
4.87
3.52
2.78
3.84
1.62
1.25
2.85
1.22
2.55
4.34
2.41
0.35
2.56
0.54
0.1
3.62
4.57
2.77
3.96
2.64
4.15
2.84
1.11
3.8
1.03
2.87
4.44
0.57
1.06
4.4
0.55
0.99
0.88
0.97
2.92
0.15
1.77
4.24
0.71
2.73
2.8
3.82
3.36
1.38
1.94
2.06
2.19
2.86
4.13
2.5
3.62
4.04
4.56
1.85
2.73
0.47
0.96
1.52
0.49
0.27
2.29
4.33
0.34
1.75
3.26
1.85
2.68
4.98
1.76
0.53
1.48
4.25
3.02
4.3
3.4
1.49
0.16
4.32
4.5
0.91
0.37
2.43
3.27
2.56
0.53
3.81
1.62
1.48
3.63
3.25
2.69
2.69
0.44
1.34
3.88
3.57
2.06
3.27
3.41
2.9
1.24
4.78
1.47
3.48
4.6
2.71
2.16
3.94
2.62
3.46
2.11
1.11
0.43
3.88
0.38
2.57
0.68
3.85
0.78
0.85
3.72
3.58
2.1
4.76
3.83
4.15
0.38
0.03
2.32
4.5
3.43
2.3
2.43
1.65
2.53
0.35
4.88
3.06
1.15
4.76
4.21
4.26
4.51
1.95
1.28
2.29
1.35
3.98
4.81
1.92
4.28
4.62
0.32
4.72
2
1.56
1.58
1.6
3.54
0.03
3.89
3.59
3.18
1.37
1.82
3.7
2.54
3.14
0.16
2.13
1.67
2.05
3.81
4.47
2.61
2.19
0.27
2.25
3.34
0.79
3.61
4.4
3.33
4.77
4.89
1.22
4.16
3.86
1.32
2.91
2.77
3.01
0.98
0.91
0.88
1.01
3.09
0.73
3.2
3.29
2.65
0.84
0.93
2.27
3.82
0.67
4.47
3.85
2
3.92
0.67
1.11
2.13
2.61
1.43
0.09
2.05
1.21
1.9
3.09
0.9
3.11
3.89
1.4
3.67
0.8
1.78
2.92
0.54
3.88
1.79
2.23
2.32
4.78
2.56
4.65
0.24
3.36
4.05
0.76
1.8
3.81
3.31
1.96
0.74
3.02
3.71
4.84
1.69
1.38
2.09
4.97
2.56
2.87
0.95
3.07
3.74
0.98
4.25
0.37
2.24
1.8
0.96
1.41
1.94
0.93
4.07
3.7
3.34
4.94
3.39
1.73
1.51
2.28
4.44
3.16
3.58
3.57
0.99
3.74
3.71
4.4
2.91
0.22
1.19
4.23
0.55
4.22
0.66
1.25
1.3
0.99
4.71
2.47
0.97
0.22
2.58
4.33
1.09
4.73
3.37
2.16
3.07
0.8
4.03
0.41
2.66
1.01
4.41
1.82
0.42
2.74
0.35
3.9
1.33
3.22
4.59
0.49
4.37
4.32
2.89
3.63
0.6
0.72
0.64
4.2
1.72
1.73
3.82
0.32
2.24
4.44
4.88
1.56
0.74
1.06
4.48
0.48
2.33
1.86
1.95
4.77
4.2
3.09
0.96
4.54
0.04
2.87
3.97
2.19
1.27
4.96
3.37
3.37
3.2
3.96
4.37
4.54
3.57
2.15
0.06
2.85
1.58
0.39
3.43
3.64
1.06
2.75
3.39
4.06
1.47
4.63
1.91
1.81
0.81
1
0.06
0.28
0.04
2.19
1.38
4.14
2.71
0.11
4.59
4.42
3.83
4.65
2.42
0.87
0.07
2.29
3.39
3.3
2.42
1.81
0.57
4.55
3.19
4.45
0.52
1.91
4.24
2.73
3.33
4.1
4.44
1.18
3.67
0.37
0.93
0.69
1.96
4.67
2.48
0.02
0.14
4.77
3.3
5
2.89
3.64
0.56
1.06
1.81
1.61
2.31
4
3.65
3.43
1.67
0.11
4.2
0.03
2.24
1.19
4.45
0.85
3.47
1.46
0.22
1.32
5
1.83
0.86
4.17
2.21
3.19
1.71
2.19
4.51
3.61
1.99
2.65
4.87
4.18
4.21
4.08
1.71
3.06
2.72
1.36
4.43
1.33
2.09
2.4
0.47
0.66
1.69
0.45
4.08
2.39
3.24
4.3
2.2
0.71
1.27
2.61
4.69
4.57
0.99
0.04
2.42
4.33
3.26
0.84
0.78
4.69
0.4
3.86
3.12
4.27
1.24
1.15
3.68
0.12
0.72
2.85
3.29
0.91
3.3
2.5
1.43
4.13
0.34
2.44
4.37
0.35
4.09
1.11
1.18
4.13
4.88
2.21
4.42
1.73
2.64
4.76
1.72
3.24
1.25
1.74
1.35
3.81
1.73
2.61
3.75
4.41
2.57
3.07
2.39
2.48
3.14
3.7
0.35
0.12
4.51
0.61
1.68
0.56
2.22
4.09
2.77
4.19
1.87
1.43
0.93
1.43
3.45
4.03
1.92
2.42
2.76
3.53
4.88
1.7
2.91
4.08
1.5
4.86
0.62
1.24
2.36
0.04
0.81
4.16
4.58
4.47
3
4.64
4.79
1.13
3.43
2.36
4.5
1.12
2.8
2.32
1.83
2.91
1.3
2.07
3.92
3.37
3.05
0.89
3.84
1.85
4.41
0.09
1.78
3.3
0.11
0.15
3.13
2.28
4.73
3.89
1.71
4.32
4.97
0.29
1.07
4.64
4.56
4.81
3.77
1.12
2.96
2.18
2.83
4.68
4.9
2.55
2.52
4.25
1.15
0.77
0.53
0.66
0.91
4.44
4.52
2.15
3.97
3.11
3.5
3.8
3.65
3.43
4.53
2.83
2.13
2.98
0.92
4.87
2.39
1.31
2.16
4.42
0.19
2.02
4.75
0.4
0.59
4.52
4.42
1.31
2.37
0.4
3.3
3.61
2.21
1.5
3.59
1.02
0.53
5
3.38
3.68
1.68
4.27
1.15
0.3
0.52
4.02
1.6
4
0.97
0.98
3
3.94
4.09
1.14
0.36
4.25
1.74
1.21
2.91
4.85
2.13
3.79
4.76
1.84
0.28
1.35
0.44
0.32
1.01
1.36
2.3
4.67
0.38
1.81
4.72
0.19
4.12
3.35
1.07
0.66
0.4
0.35
4.03
2.89
0.48
1.76
2.07
2.43
3.71
2.37
2.5
2.91
1.46
3.28
3.68
3.98
2.71
3.7
4.13
0.77
4.16
0.31
4.39
1.69
0.01
1.72
1.39
3.58
3.51
2.44
0.96
4.47
0.72
1.37
2.69
0.03
3.39
0.64
1.52
3.39
1.13
3.82
1.88
4.48
1.27
4
1.83
1.55
3.24
0.41
4.49
3.15
4.47
0.22
0.34
4.97
2.21
1.62
0.16
5
1.08
0.59
1.05
0.26
2.45
1.65
1.98
0.36
1.09
4.62
2.53
3.04
3.8
2.08
4.2
4.36
4.82
2.93
3.03
2.41
3.24
0.34
1.75
3.67
3.12
2.78
1.74
2.46
4.64
0.78
3.07
2.61
3.86
2.1
1.98
4.96
4.16
1.04
0.86
4.69
2.45
1.18
4.92
1.64
1.9
4.56
1.38
4.55
4.26
1.75
2.22
0.04
4.39
1.94
4.07
2.6
3.54
1.18
1.17
4.79
1.98
4.3
4.05
3.38
3.9
4.18
3.5
3.66
4.3
2.26
3.1
3.74
1.68
4.49
4.64
3.05
1.05
0.65
2.8
0.65
1.73
1.68
3.05
0.24
2.84
3.4
2.8
1.9
0.55
1.58
3.46
0.76
1.99
1.87
4.35
0.63
2.04
0.14
1.01
2.45
1.76
1.37
3.09
0.42
0.05
1.92
4.12
0.53
3.48
0.16
3.49
1.39
3.21
2.95
1.9
3.09
2.61
2.88
1.36
0.65
1.46
3.37
3.52
3.14
2.46
1.03
0.79
4.3
3.75
2.36
2.35
0.64
0.05
4.06
3.56
1.07
0.97
5
2.08
3.87
0.91
1.47
3.09
3.19
1.44
0.96
3.2
1.98
2.31
1.33
1.23
0.6
2.61
4.31
2.45
4.54
3.22
0.46
1.15
4.99
1.47
4.32
2.38
2.37
2.96
1.49
2.71
0.56
1.66
4.55
3.85
2.51
3.46
1.77
3.75
0.78
4.22
0.21
0.2
1.72
0.01
3.38
1.86
1.65
4.34
2.85
4.86
0.22
4.61
2.31
0.4
4.69
2.08
1.87
0.18
0.77
4.32
1.13
1.63
4.17
2.48
0.34
1.24
1.98
4.95
2.96
3.93
4.7
1.48
4.65
1.56
1.88
1.25
1.27
4.43
4.62
5
4.74
3.49
3.04
1.06
4.95
1.55
0.17
3.37
1.68
1.66
3.31
0.36
1.1
0.32
0.1
4.36
2.3
0.04
1.93
3.14
1.57
1.81
2.07
2.2
1.68
3.92
0.86
0.72
1.05
1.27
2.41
4.38
0.68
1.07
4.91
2.57
1.76
2.77
0.3
4.67
3.23
4.11
1.37
1.51
1.37
0.87
3.17
4.57
1.7
1.68
1.89
2.52
4.19
3.86
0.84
4.76
1.81
1.16
4.28
2.25
4.39
1.88
3.23
3.39
0.89
0.78
1.3
1.81
1.93
3.38
3.08
1.6
4.27
1.92
0.99
0.84
2.4
4.23
2.98
3.73
3.17
3.66
0.31
4.39
3.73
0.87
1.82
2.64
2.45
2.74
1.63
2.11
0.48
2.98
1.07
1.99
4.72
4.92
4.61
3.05
4.28
2.72
0.98
3.9
0.81
4.56
2.34
2.57
4.7
3.46
0.05
0.25
3.26
0.14
0.97
2.21
3.41
0.27
0.29
1.73
3.33
2.28
4.21
4.73
0.12
4.86
3.17
0.12
1.12
0.43
3.12
2.15
1.35
1.55
2.73
3.48
4.9
0.76
2.03
0.22
2.72
1.46
4.59
0.94
2.44
1.95
0.97
2.13
3.17
3.56
2.23
0.96
3.19
3.01
2.48
1.56
1.26
3.01
2.53
2.04
2.28
5
4.85
4.28
4.18
4.93
4.4
3.51
2.54
3.97
1.84
2.97
0.13
0.13
4.28
0.29
1.27
1.67
3.27
1.69
1.51
3.01
3.33
2.9
2.31
0.92
3.18
3.11
2.57
3.7
0.14
1.45
0.61
2.2
2.51
4.69
2
1.35
4.9
3.27
3.18
1.95
3.86
4.38
0.95
2.52
1.42
1.39
2.75
3.56
4.11
4.89
0.88
3.18
0.15
4.85
0.16
0.63
3.83
4.49
4.85
1.4
0.02
3.59
1.15
4.73
0.39
4.9
3.52
0.61
3.54
2.41
3.81
3.11
0.45
2.24
4.07
4.94
2.79
0.25
1.4
0.47
1.25
1.85
4.77
0.15
3.07
3.65
1.93
2.67
3.69
0.5
4.5
3.1
4.58
3.76
1.96
1.85
4.99
4.47
0.9
0.57
1.48
3.05
3.05
2.05
1.78
3.52
4.67
2.02
4.19
2.38
2.43
0.9
2.63
2.37
1.29
3.06
3
1.65
0.5
3.47
3.06
2.99
0.99
2.6
0.89
4.95
0.94
0.95
4.06
1.66
4.22
1.64
2.24
0.09
4.5
4.75
2.52
0.2
3.55
2.99
0.71
3.74
4.57
1.78
0.49
3.87
3.56
0.51
1.09
3.44
1.08
1.96
3.68
0.7
4.09
1.03
2.19
2.68
3.69
3.16
0.02
3.94
3.49
0.12
1.72
1.5
3
3
3.47
3.45
2.57
0.7
0.51
2.94
1.23
0.4
4.31
4.18
4.09
0.04
0.85
0.32
3.43
3.39
1.72
4.89
4.96
4.97
3.31
1.58
3.71
4.56
3.8
0.64
0.62
1.64
0.46
2.82
2.66
2.91
0.44
4.84
3.05
4.23
2.81
1.35
4.95
0.62
2.95
1.19
0.11
2.25
4.64
3.89
1.47
2.54
3.59
1.67
4.33
4.73
2.57
0.85
1.7
4.33
3.46
3.4
1.46
2.93
3.01
1.28
3.47
2.41
0.18
2.82
2.9
1.21
3.06
3.33
4.39
4.22
2.05
2.9
2.83
3.43
1.33
1.18
3.85
4.1
3.95
3.54
3.99
0.2
2.52
4.18
0.32
3.37
3.35
3.45
1.8
1.09
3.98
1.29
1.5
3.68
0.83
0.02
0.11
2.32
4.18
4.48
3.56
2.78
2.32
3.37
3.19
4.97
4.84
4.08
3.37
4.04
0.56
2.53
0.03
2.26
0.01
1.19
2.88
4.53
4.58
0.02
0.89
1.96
2.94
1.08
2.63
2.25
4.27
3.25
4.9
0.46
2.69
3.44
2.54
0.45
0.51
1.09
0.83
2.27
2.62
3.68
1.85
2.36
2.62
5
1.37
3.63
4.08
2.42
0.41
2.9
0.99
4.55
4.58
0.36
1
1.94
1.41
4.47
1.98
2.89
4.67
3.04
2.51
2.87
1.09
3.32
1.17
1.07
0.32
2.29
4.98
2.06
0.17
0.29
1.97
1.58
3.67
1.59
2.52
1.66
2.73
0.51
2.06
1.66
4.13
0.93
0.7
1.62
1.75
1.28
3.58
2.5
3.27
0.59
4.96
2.55
0.69
3.12
3.73
4.07
1.96
0.47
3.35
2.27
4.08
3
1.9
0.45
1.88
3.5
3.23
3.25
2.03
2.67
3.99
4.61
2.23
4.52
0.03
1.36
4.37
0.45
1.3
1.21
3.75
1.52
4.68
4.72
3.39
3.4
4.69
3.17
3.6
0.02
0.49
0.9
4.29
0.53
2.88
4.8
1.97
4.01
0.34
3.99
1.91
2.17
0.98
4.67
1.6
0.1
0.43
2.38
3.75
3.71
0.7
0.75
0.51
2.98
2.96
1.32
1.94
0.65
2.97
1.58
0.51
1.03
2.68
3.59
0.1
1.02
4.28
3.52
2.94
4.26
4.58
1.97
1.38
1.26
4.93
0.88
1.56
1.03
1.3
1.23
0.29
1.01
3.83
4.47
1.55
4.31
4.81
1.23
0.35
2.47
0.71
3.76
3.43
1.75
4.97
1.71
3.21
2.08
3.96
4.03
0.12
4.23
4.08
3.39
0.96
1.19
0.29
1.39
3.47
3.08
2.71
3.21
4.01
3.02
2.19
4.51
4.66
1.27
2.31
0.38
1.99
3.21
4.07
3.19
1.11
0.85
2.53
3.83
4.45
4.36
2.99
4.21
0.34
0.36
0.73
2.81
3.51
1.51
0.07
1.71
2.14
3.5
2.81
0.91
2.23
0.17
2.39
0.22
2.39
2.64
0.56
1.95
2.5
0.26
3.6
3.42
2.21
4.89
0.48
0.2
2.36
1.18
4.46
0.09
0.28
1.89
3.94
0.83
1.68
2.69
3.23
0.39
2.3
3.68
1.68
1.42
2.95
4.63
1.83
2.74
3.54
2.71
4.64
4.75
4.74
0.01
4.2
3.14
1.34
4.24
4.29
1.78
0.15
4.57
0.6
2.01
