3.14
2.69
2.07
2.36
4.34
3.11
3.49
3.78
2.99
4.67
3.75
3.08
1.61
2.45
1.33
2.84
0.55
2.48
0.18
1.57
3.02
1.68
1.7
0.91
3.8
1.41
4.16
4.91
1.68
4.06
4.2
0.22
1.48
4.06
0.76
3.09
1.34
3.89
4.56
4.26
4.58
2.06
1.25
4.16
3.92
2.78
1.47
3.83
1.97
3.43
3.37
2.41
0.44
2.01
3.18
1.23
1.19
4.95
4.63
3.52
2.38
4.54
4.38
0.29
1.32
1.89
1
2.98
4.65
0.73
0.79
2.22
0.3
1.05
3.23
3.69
4.31
0.88
1.94
1.32
0.6
3.83
3.41
3.86
1.3
2.87
0.91
4.06
3.82
3.78
4.74
1.3
3.26
4.39
2
0.7
2.43
0.9
2.93
4.26
4.46
3.32
1.83
1.42
2.45
2.41
2.78
4.62
2.62
4.34
4.06
4
3.97
2.49
0.23
1.07
1.17
4.32
2.99
1.85
2.93
1.03
2.99
4.62
2
2.83
4.63
1.63
4.11
3.21
1.22
0.43
2.22
4.95
3.81
2.87
3.67
2.22
1.18
3.56
1.8
3.44
3.68
4.01
1.08
0.65
4.9
2.56
1.35
0.49
0.33
1.62
2.69
1.26
0.91
0.42
3.98
4.38
4.41
1.63
0.59
1.85
4.82
1.19
0.05
4.62
1.76
3.43
0.05
0.31
4.52
4.26
2.08
1.57
1.92
3.05
1.04
4.31
0.95
2.91
4.89
0.87
3.39
3.63
2.97
2.7
1.4
1.06
0.65
3.37
0.86
0.13
3.07
4.69
0.84
1.12
4.43
0.44
2.24
1.32
0.85
1.53
2.88
1.7
2.64
1.67
1.53
3.06
0.93
3.06
3.58
4.16
0.63
2.15
4.45
0.05
0.78
1.24
4.27
0.93
1.65
0.61
3.38
1.19
3.72
3.54
2.28
3.74
4.96
4.53
3.11
3.18
3.69
1.33
4.72
2.3
0.02
1.39
2.75
2.99
3.32
4.82
0.69
4.68
4.78
0.52
2.06
0.73
2.65
0.5
0.61
0.13
1.97
3.86
0.05
0.19
1.9
0.61
0.3
0.69
0.25
3.8
4.41
4.9
4.43
1.18
0.14
0.71
0.94
5
2.87
1.44
0.23
2.02
2.98
0.93
0.13
4.27
4.83
3.42
0.78
1.8
0.06
3.29
1.77
2.3
3.8
0.67
2.81
0.76
3.89
3.83
3.9
1.65
1.23
3.67
3.3
4.07
2.81
3.83
0.51
4.53
3.15
3.77
3.11
3.59
2.56
3.19
0.62
4.1
0.67
3.98
3.16
2.32
4
2.19
4.88
1.19
3.87
1.74
0.71
2.41
2.71
4.01
3.06
3.54
0.08
2.85
1.8
0.66
0.66
0.35
2.6
0.76
0.7
2.18
2.88
3.31
0.52
4.02
1.31
2.13
0.09
3.43
1.59
2.26
2.17
4.99
1.79
1.24
4.97
3.47
0.14
2.77
1.08
4.24
1.34
2.28
1.28
4.67
3.76
3.7
2.83
4.56
2.55
2.07
1.59
1.59
3.06
1.26
2.11
4.64
0.85
4.96
4.94
4.02
1.09
0.39
2.74
1.46
0.07
2
3.86
1.98
1.04
0.41
0.74
4.9
4.59
3.82
2.42
3.94
0.91
0.69
0.6
1.21
1.91
2.74
3.15
3.38
3.79
4.69
0.26
4.88
3.01
0.03
0.66
3.57
1.31
2.23
3.68
1.4
4.49
0.95
4.91
1.73
2.73
0.75
1.89
3.67
0.16
4.71
1.53
2.59
2.15
0.09
4.51
0.1
3.11
3.47
2.3
2.32
0.12
3.37
0.35
2.92
5
3.39
3.66
2.48
0.97
1.84
4.41
2.9
3.06
4.89
0.96
2.4
3.87
1.43
2
4.57
2.46
3.18
0.2
3.39
2.03
2.02
2.64
2.45
1.19
1.5
3.22
0.93
1.5
2.73
1.45
3.33
0.1
4.33
1.49
2.17
0.47
4.02
2.58
4.75
1.46
0.15
0.42
2.03
0.99
3.69
1.83
1.23
4.91
4.79
0.18
4.74
4.12
1.45
3.95
3.85
1.75
4.37
2.86
4.7
4.75
3.59
3.1
3.06
2.62
2.3
1.41
1.86
2.24
1.14
1.89
3.48
1
3.38
4.4
1.93
3.08
2.67
4.19
4.24
0.11
2.98
1.85
0.63
0.59
0.39
4.11
1.19
3.87
0.56
2.42
4.94
1.34
2.93
3.7
4.52
4.39
0.36
1.48
2.77
2.7
1.17
1.91
0.55
2.76
3.81
2.3
2.55
2.22
0.03
1.36
2.84
3.83
2.44
0.52
3.6
2.18
1.58
3.55
0.59
1.17
4.52
2.58
4.93
0.57
3.09
1
4.5
2.61
3.11
0.06
2.04
2.75
3.51
4.33
0.92
1.9
2.42
3.13
4.85
4.34
4.37
0.67
4.82
4.09
3.05
1.63
2.66
3.03
3.6
4.07
0.36
0.22
4.35
0.14
1.71
4.57
3.86
3.78
4.91
0.78
3.24
3.53
4.13
2.87
2.83
3.16
3.18
4.97
1.19
0.88
2.35
4.67
4.39
2.28
2.62
0.97
2.97
3.38
1.67
1.55
1.52
4.65
4.14
1.66
3.26
4.31
4.54
0.11
1.64
4.75
4.93
1.09
3.75
0.57
3.62
4.02
4.98
3.16
2.92
1.93
1.17
2.17
3.72
0.11
4.64
2.18
3.92
4.29
4.23
0.19
2.09
2.96
4.22
2.97
2.15
0.86
4.64
1.29
4.81
1.87
4.1
2.67
0.58
0.73
0.45
1.99
4.36
4.52
4.14
0.64
2.18
0.29
3.07
4.35
2.39
1.29
2.28
2.97
1.78
4.39
1.22
3.36
4.06
1.96
2.48
4.35
1.28
3.33
1.81
4.84
0.26
4.83
2
0.54
1.03
0.84
2.54
0.98
4.3
1.46
2.49
2.2
1.88
1.31
0.75
4.88
0.45
0.4
2.6
0.18
2.26
4.22
4.55
2.44
3.57
1.38
4.59
4.35
4.39
0.31
0.9
4.49
4.59
2.32
2.16
0.02
2.05
2.79
2.71
1.78
1.43
4.99
4.66
2.62
4.27
1.66
1.11
2.43
4.6
3.86
1.68
0.97
1.86
1.58
3.59
0.31
4.99
4.95
4.44
1.4
4.8
1.14
1.79
2.84
3.23
4.08
0.02
0.13
1.92
4.86
4.65
1.74
3.54
2.48
4.69
1.03
1.17
3.38
4.54
2.96
4.27
2.95
0.58
2.18
3.48
4.37
4.48
3.94
3.71
3.43
1.49
4.98
3.18
1.7
3.93
0.06
3.99
1.01
0.3
2.93
0.59
3.59
3.78
4.98
3.18
0.92
3.68
1.44
3.82
1.15
2.84
1.57
3.77
4.4
2.27
4.97
3.72
3.08
1.48
4.59
0.05
2.62
1.15
2.31
2.17
3.41
3.87
1.41
0.24
3.08
0.26
1.84
0.65
2.7
2.36
0.31
2.1
1.73
4.1
2.6
3.82
3.03
0.41
3.03
1.97
0.46
1.52
3.22
3.71
0.09
0.38
4.85
2.47
3.91
4.88
0.97
3.53
2.92
3.96
0.74
4.73
3.76
0.48
4.85
2.26
2.75
0.15
1.23
4.78
4.06
4.38
3.2
2.73
3.85
3.65
1.87
4.08
2.18
0.56
2.67
4.32
3.17
0.11
0.81
1.28
2.75
2.88
4.56
1.83
1.1
2.84
0.74
2.73
1.29
1.14
4.35
1.51
2.53
1.82
3.11
2.39
1.25
1.46
4.03
1.21
0.74
1.49
1.49
1.98
1.08
3.51
4.77
4.56
4.93
3.8
3.75
4.82
4.92
3.62
1.88
3.96
3.73
3.1
2.37
4.19
2.16
1.39
0.36
3.27
1.51
2.56
3.77
1.56
0.81
2.91
2.14
1.86
0.13
3.62
0.62
0.98
0.39
3.99
4.05
0.11
3.26
0.56
3.9
4.53
4.6
4.21
4.36
2.7
4.3
4.94
4.74
0.3
2.37
4.43
3.46
0.95
2.79
2.25
2.37
0.54
2.86
2.11
2.58
1.72
1.87
4.78
0.01
3.36
1.23
3.14
2.61
3.39
2.46
0.67
1.54
0.99
0.81
0.47
3.69
0.37
3.11
4.95
0.95
4.52
3.27
4.85
0.09
1.38
0.47
2.69
1.58
2.63
2.79
4.04
3.41
1.81
0.18
0.96
2.39
3.69
4.52
3.52
4.49
4.18
4.23
2.67
1.23
1.45
0.07
3.25
2.79
2.46
2.75
1.71
2.8
2.87
2.82
3.58
0.71
3.69
4.47
0.05
4.16
4.68
2.32
1.59
2.35
4.23
0.28
3.8
3.84
0.11
2.66
2.45
0.9
0.03
4.04
3.41
1.54
3.24
2.18
0.25
0.99
1.27
1.82
2.02
0.87
0.15
2.62
1.73
3.64
3.54
2.05
4.22
4.92
2.12
2.92
1.13
3.83
1.64
4.2
2.5
0.22
1.58
4.01
4.66
4.98
2.46
0.4
4.7
3.04
4.9
1.09
4.62
0.12
4.38
4.41
1.95
0.05
0.16
4.31
3.87
0.21
1.26
1.49
1.16
4.11
2.65
3
1.2
0.46
2.28
1.69
1.54
4.76
1.55
3.6
0.64
0.53
2.25
4.24
3.08
1.9
0.56
4.39
3.18
3.71
4.8
2.19
3.21
4.88
2.68
4.12
0.22
0.14
4.85
4.48
3.51
0.26
3.78
1.15
2.31
2.15
4.96
2.22
4.1
2.94
0.19
0.5
4.22
4.79
2.46
4.35
2.94
4.76
4.27
1.5
0.6
3.28
0.12
2.96
0.78
3.86
2.93
4.88
0.74
3.94
4.33
4.47
4.35
2.54
3.62
4.39
2.03
2.97
4.41
1.99
2.74
0.47
4.52
2.62
4.9
3.15
2.8
3.53
4.3
1.75
0.7
1.35
0.38
3.66
4.68
1.12
3.17
3.41
3.63
0.81
4.37
4.9
1.48
3.21
3.45
3.15
1.95
0.33
4.96
2.23
4.17
1.78
2.86
0.81
1.35
3.46
3.83
0.12
2.43
1.62
1.68
4.23
4.48
3.89
1.61
4.7
3.44
0.27
3.64
4.3
3.61
4.74
2.21
1.3
1.31
1.53
0.66
1.06
0.8
3.42
3.27
0.6
4.67
0.98
2.48
2.53
4.63
3.81
3.39
3.03
2.83
3.53
2.81
3.7
3.06
0.15
2.69
3.15
4.96
2.22
1.89
4.29
3.34
0.59
1.27
0.62
0.64
1.08
2.52
2.09
2.72
3.96
4.13
4.87
4.09
0.95
2.09
4.42
1.92
3.89
4.92
0.9
0.73
0.54
3.9
3.53
4.32
2.26
0.85
2.28
1.04
4.45
3.13
2.08
4.96
3.44
1.37
2.8
3.6
1.61
3.9
2.19
4.61
1.75
0.51
3.14
3.02
4.02
1.9
1.62
3.45
3.91
3.36
1.91
4.41
4.36
0.85
3.72
1.88
1.36
1.39
0.83
1.42
0.79
0.15
3.1
1.54
0.4
3.58
1.91
2.99
4.02
0.26
1.39
1.34
1.4
1.72
4
2.8
2.86
0.81
2.72
0.79
2.14
0.99
1.96
1.72
2.68
0.46
3.07
1.97
1.87
1.38
1.62
0.69
1.47
0.22
4.12
4.32
0.36
1.71
3.38
2.02
2.44
1.05
0.9
2.52
3.66
2.02
3.36
2.1
0.15
0.73
1.59
1.07
2.23
4.02
2.39
2.58
0.95
0.47
3.32
3.9
3.88
2.68
2.67
0.63
4.51
1.78
3.53
3.51
2.41
2.49
4.05
4.1
1.1
1.94
1.84
0.3
0.99
2.14
2.44
2.35
2.66
2.12
3.2
1.84
3.84
4.84
4.17
1.32
4.36
2.36
1.7
3.99
2.19
1.55
2.76
0.08
4.23
1.3
2.32
4.26
0.2
3.31
2.56
3.24
3.04
1.48
0.34
4.26
3.8
1.6
3.82
4.25
0.45
0.3
3.64
2.8
2.87
1.33
4.19
1.36
0.05
2.28
3.16
1.59
0.31
0.42
2.6
2.1
0.01
0.46
2.98
2.14
1.67
0.14
1.14
2.69
2.5
3.46
2.08
3.35
3.86
1.24
1.88
3.64
4.09
3.74
3.67
4.1
3.66
3.6
0.71
3.63
3.65
3.79
2.57
4.17
1.93
0.66
0.5
4.61
1.93
2.65
4.33
0.89
2.93
2.53
4.59
3.85
4.72
2.83
0.79
3.23
4.24
4.65
4.77
0.6
2.35
3.14
4.49
4.7
3.54
0.73
4.14
0.98
4.85
2.81
0.77
1.67
0.38
3.24
2.04
4.58
4.09
2.03
3
2.47
4.25
4.6
3.03
3.3
3.78
0.25
0.13
3.04
2.59
4.87
2.06
0.54
1.75
1.25
0.26
1.94
3.37
1.18
4.53
2.01
3.97
0.5
2.88
0.82
3.12
4.91
0.06
4.18
0.84
3.49
0.11
2.24
1.72
2.53
2.38
3.71
1.41
4.11
1.53
1.62
1.04
4.65
3.49
3.7
4.07
2.83
0.07
2.94
1.34
0.64
4.73
2.32
0.78
0.58
2.77
2.89
3.07
2.6
3.74
1.94
2.72
4.35
0.05
0.99
3.9
4.35
2.75
3.88
2.14
4.67
2.41
0.72
0.47
0.78
2.11
3.59
1.97
2.12
1.3
1.87
3.65
2.57
3.2
1.82
2.65
3.99
3.02
3.7
0.85
4.33
3.29
4.18
4.65
3.74
4.62
2.88
4.38
0.15
3.1
1.95
1.59
4.92
4.65
4.89
4.58
2.43
1.58
2.02
4.83
1.44
1.9
4.28
0.72
4.15
0.23
4.5
4.93
3.86
0.81
3.64
1.75
2.3
2.7
3.79
3.21
3.73
2.83
4.46
2.49
4.76
1.65
2.19
4.19
2.09
0.7
1.19
1.25
4.49
4.67
0.04
4.04
4.93
2.44
1.92
3.87
1.82
0.28
0.48
2.13
0.39
3.88
4.47
4.19
4.78
3.43
2.73
2.36
4.38
2.51
0.78
3.28
0.7
3.99
0.59
2.73
3.6
0.66
0.96
4.81
1.6
2.5
3.08
2.38
2.12
4.9
3.32
0.54
3.07
1.62
0.34
2.73
3.39
1.79
4.09
3.3
2.59
1.97
3.61
2.53
0.86
4.31
1.97
1.15
4.59
4.4
3.41
1.2
4.9
3.14
3.58
3.59
3.44
0.77
4.31
3.51
2.18
1.12
3.27
1.74
4.53
2.69
3.27
3.52
4.01
2.82
2.08
3.31
3.37
1.6
4.43
1.73
4.85
0.42
2.43
2.09
1.88
3.99
2.52
3.35
2.6
1.39
4.12
3.68
1.29
1.68
3.17
2.74
2.68
3.42
0.18
0.21
1.62
4.32
1.5
2.2
2.91
2.79
4.22
3.54
0.66
0.73
3.18
0.21
1.2
0.14
0.66
2.32
2.11
2.11
4.85
1.16
3.02
3.7
1.43
1.14
3.44
2.94
4.99
4.09
0.76
3.48
0.08
1.6
3.48
3.6
0.36
3.05
3.58
2.83
3.76
1.2
1.95
1.81
1.3
1.43
2.35
2.29
0.51
4.43
4.98
4.61
3.55
1.6
3.02
1.06
2.57
2.8
2.43
4.18
4.01
1.36
2.13
2.08
2.72
2.67
2.42
4.21
4.54
4.75
1.7
1.81
3.35
1.75
0.26
4.49
0.79
3.32
4.89
3.89
1.21
3.58
0.51
2.15
3.93
4.53
1.83
3.32
4.26
2.8
4.08
4.84
3.95
0.63
4.46
5
4.16
1.04
0.18
0.52
2.06
0.39
2.06
1.9
4.28
3.13
1.91
1.65
1.26
2.67
0.97
1.69
1.19
0.03
3.77
3.82
4.58
4.13
1.87
3.2
2.02
4.32
1.6
0.08
4.72
1.69
4.63
1.3
4.03
4.8
3.45
3.02
0.02
4.62
1.18
4.53
2.55
2.18
2.25
4.63
1.72
2.03
0.11
0.22
3.89
4.33
0.62
4.24
3.23
0.05
0.7
3.62
1.99
2.4
3.88
4.92
3.02
1.89
3.06
1.11
3.12
0.3
2.07
4.77
2.84
2.98
0.17
1.85
3.85
4.96
4.17
2.39
3.47
4.8
0.91
4.06
0.17
1.99
4
2.77
4.9
3.53
0.22
3.49
0.68
2.63
2.07
3.04
4.12
4
1.3
4.84
4.96
3.23
1.32
1.07
4.09
0.27
3.68
1.65
0.92
2.9
4.84
2.4
2.64
2.8
0.26
4.17
0.19
3.08
4.63
3.81
3.89
4.51
4.68
4.34
1.88
3.03
2.23
1.7
1.68
1.58
4.31
4.83
1.46
4.24
0.31
1.96
3.05
2.94
3.56
2.48
2.51
3.52
1.15
4.24
4.85
3.34
1.27
0.08
2.58
2.18
2.45
3.41
1.59
2.54
0.85
0.35
3.74
1.14
2.72
2.37
1.63
0.8
4.58
4.52
0.28
4.31
2.53
0.39
4.77
3.32
0.97
2.46
4.03
3.03
1.56
2.43
3.39
4.31
0.5
3.31
2.28
4.13
3.01
2.94
1.93
1.96
3.4
2.22
4.04
1.96
4.88
4.2
3.09
4.61
1.73
2.34
0.27
4.16
3.98
2.33
3.58
2.7
4.16
0.24
2.17
0.72
2.55
3.9
4.04
3.25
3
4.3
2.27
4.46
1.11
4.66
1.46
3.9
3.5
4
1.12
1.44
1.92
1.61
4.07
4.08
0.62
0.21
4.68
1.69
2.65
1.34
0.5
4.41
0.11
3.95
3.93
0.92
3.75
4.42
2.85
2.65
4.25
2.27
0.01
1.68
1.89
2.33
4.36
0.1
1.96
0.32
1.26
3.38
4.2
3.88
0.12
1.79
0.51
0.24
4.17
4.81
0.73
4.62
0.56
4.74
2.92
2.24
0.46
1
4.67
1.93
4.52
0.48
3.91
4.56
0.58
0.68
1.96
2.83
0.35
2.88
2.56
0.83
0.16
2.79
1.83
2.91
0.44
0.08
2.74
1.73
4.26
4.11
2.73
3.58
4.65
3.51
0.26
1.49
2.5
2.17
2.73
3.59
3.89
3.73
3.85
1.87
0.83
3.44
2.54
4.65
0.32
2.69
3.51
3.77
1.64
4.85
1.17
2.2
0.44
2.06
4.81
3.84
3.53
1.12
1.14
0.61
0.05
4.8
1
1.85
2.56
1.37
0.32
0.65
4.98
0.3
3.85
1.35
4.9
1.61
2.11
2.89
0.23
1.02
4.19
2.04
3.92
3.16
3.83
2.62
2.42
3.56
0.41
2.94
4.05
4.91
1.09
4.62
0.36
2.31
1.6
4.88
4.56
1.8
0.8
2.49
4.54
1.26
2.97
1.35
2.22
3.34
4.54
0.79
2.07
3.96
4.93
2.53
4.3
0.4
3.99
0.82
0.62
1.91
3.97
1.71
4.62
2.08
2.95
2.11
1.79
3.81
2.16
1.1
1.27
3.18
4.6
2.91
3.81
0.72
3.88
1.76
4.86
3.82
3.99
4.45
1.54
2.34
3.7
2.46
2.42
4.67
3.14
4.05
0.63
2.76
0.02
0.66
1.62
3.33
0.29
2.46
3.54
4.12
4.18
4.62
2.8
4.3
0.99
4.39
1.69
1.74
2.29
3.22
4.08
3.17
1.03
4.42
3.62
2.55
1.13
1.44
2.95
1.26
4.23
1.25
4.52
4.45
1.14
2.15
0.69
3.24
2.98
3.59
2.18
4.42
3.86
3.05
0.22
0.77
0.18
2.78
1.14
3.22
1.06
1.44
4.15
0.42
4.93
4.75
2.41
1.44
2.08
2.55
4.66
2.65
2.7
2.31
0.82
0.59
4.39
3.16
3.44
4.83
1.24
1.83
0.93
3.28
0.86
4.32
0.34
0.7
0.97
2.18
2.55
4.64
1.67
4.34
1.12
4.22
4.47
2.23
2.92
4.7
2.24
3.22
3.67
0.58
1.02
3.47
2.35
1.7
0.08
4.5
2.77
3.83
3.92
1.82
3.05
0.38
4.2
4.15
1.83
1.31
1.95
1.75
4.52
1.51
4.84
1.46
1.8
1.28
0.9
1.11
4.77
4.11
2.83
4.1
0.1
1.41
3.51
3.94
4.65
2.6
1.17
4.23
4.44
1.24
4.63
0.54
4.6
1.48
1.57
1.8
2.71
4.16
2.24
1.45
3.44
2.31
4.06
0.5
4.52
3.24
4.15
1.54
4.66
0.71
2.15
3.27
0.97
0.1
3.03
3.29
1.11
2.69
1.66
3.48
1.94
1.02
0.99
3.97
0.93
1.36
1.34
2.01
2.02
2.55
1.91
0.16
0.75
0.29
3.67
0.13
3.75
0.65
2.61
2.37
2.54
3.33
3.82
3.35
0.45
0.6
1.73
3.07
1.72
1.56
3.31
3
0.51
2.83
0.86
2.41
2.7
3.98
1.83
3.25
0.45
3.93
4.81
1.84
2.04
4.85
1.15
4.99
2.38
2.16
4.72
2.19
3.47
4.54
4.96
4.28
3.8
3.75
3.15
1.4
1.09
0.96
3.39
4.32
0.64
0.94
4.7
3.06
0.18
0.7
4.13
2.09
1.15
0.56
4.21
4.85
1.99
0.73
3.55
3.32
4.68
4.75
3.56
4.24
0.83
2.85
1.11
1.08
2.15
2.78
0.18
1.57
2.36
2.58
0.19
4.25
2.4
0.87
2.45
3.46
3.02
