0.74
1.55
3.05
4.18
0.06
1.19
0.06
5
1.07
0.03
4
1.75
1.04
0.09
3.57
4.37
2.13
3.34
1.43
3.32
3.24
3.44
2.07
3.9
0.09
4.12
4.84
2.55
2.4
3.99
0.39
0.51
3.85
0.27
2.05
3.91
4.52
4.1
1.12
0.87
2.72
2.35
3.76
3.71
2.6
2.11
2.74
0.26
2.01
1.13
4.21
0.21
3.11
2.3
1.4
3.61
4.61
1.64
4.64
4.61
0.03
1.62
3.86
4.82
1.52
4
2.31
0.7
0.01
1.36
2.08
0.21
4.97
1.1
2.11
4.32
4.15
1.66
4.06
4.34
0.66
0.1
1.58
4.33
2.08
0.74
4.57
4.81
2.29
2.57
0.84
0.95
2.31
2.58
2.97
2.86
4.19
1.29
2.1
4.81
2.9
1.09
4.81
4.02
2.21
0.88
4.05
3.33
4.62
2.25
3.75
4.87
2.26
1
1.96
2.56
1.48
0.44
3
4.55
1.17
2.18
1.45
4.25
3.93
1.21
0.91
4.73
4.32
4.47
2.9
2.82
1.75
0.31
2.21
3.7
3.18
1.8
0.52
2.3
4.66
1.13
0.02
2.18
4.04
3.2
2.94
2.2
0.74
1.94
2.09
0.12
1.5
4.95
2.15
0.48
2.54
4.23
3.19
1.46
1.51
1.89
0.31
1.46
2.28
3.67
3.9
3.47
3.19
3.33
0.15
4.95
3.17
0.85
0.33
4.37
1.33
5
4.55
2.99
4.12
1.55
2.98
0.48
4.03
1.93
3.25
0.67
0.15
0.52
1.42
0.65
0.29
1.71
1.09
3.62
0.17
1.63
0.57
3.11
0.67
0.01
3.41
4.89
3.67
3.92
1.21
1.83
4.32
3.29
2.87
3.06
4.24
1.79
1.42
3.44
2.7
1.69
2.89
0.72
2.76
2.99
3.19
2.96
2.23
1.07
4.56
1.23
2.53
1.32
2.55
3.42
4.29
4.55
2.81
0.38
2.01
3.07
3.31
3.26
0.52
0.85
1.07
4.79
4.99
4.98
4.98
4.87
3.38
4.97
3.25
0.89
0.11
2.33
4.97
3.44
1.95
4.86
1.35
4.38
4.4
2.47
3.71
0.97
0.7
4.73
3.11
3.74
3.52
0.09
1.58
2.46
3.94
1.98
0.99
0.93
2.71
0.76
2.68
1.98
3.49
4.47
2.31
4.72
4.72
4.52
4.45
3.86
2.39
4.09
3.92
0.03
3.63
3
0.74
0.46
1.88
0.03
4.37
1.82
1.92
1.73
2.66
3.69
0.84
0.21
1.82
4.56
4.63
3.24
4.13
3.7
1.93
1.42
3.01
4.78
4.84
2.91
3.05
1.71
3.47
2.7
2.48
1.14
0.55
3.64
0.78
3.43
2.53
2.29
2.34
2.25
4.54
4.72
3.75
1.23
2.61
2.86
3.59
0.18
1.45
1.12
1.77
0.27
3.81
2.9
4.7
3.63
0.21
4.72
4.75
1.01
4.45
3.4
4.47
4.7
2.06
1.56
1.82
1.32
4.9
4.88
1.52
2.77
2.47
2.88
0.36
1.79
3.4
4.61
4.72
1.59
4.18
1.55
4.77
2.86
0.94
4.78
3.25
4.73
2.57
0.51
4.61
1.46
2.46
0.44
1.77
3.09
1.81
3.63
0.04
0.76
3.16
4.91
3.34
4.29
4.28
2.76
4.89
1.47
2.95
1.64
4.96
3.32
0.91
3.38
1.66
1.36
1.08
3.47
1.39
1.94
1.85
3.37
4.15
0.74
0.73
2.26
2.56
0.3
0.96
3.55
2.62
2.11
1.69
1.68
1.79
0.4
1.74
2.17
3.33
1.47
2.19
2.61
2.66
2.73
4.62
4.27
0.15
1.35
1.34
4.16
2.46
4.19
2.11
3.06
2.31
4.54
3.25
2.72
2.78
3.24
3.51
1.49
1.13
0.77
2.4
2.93
3.95
1.01
4.45
4.42
4.4
3.93
3.62
0.12
4.49
4.95
0.47
4.13
0.43
4.11
4.33
3.74
0.42
4.81
2.9
2.64
4.75
2.83
1.78
2.89
5
4.09
1.83
0.13
2.71
0.65
1.51
0.31
0.3
3.11
3.64
4.77
3.18
3.99
3.83
1.52
2.45
0.67
1.4
4.92
0.98
4.22
0.86
1.4
0.5
3.96
0.89
4.22
0.45
2.64
0.98
2.94
4.89
0.53
3.64
2.27
2.11
4.84
2.12
2.6
0.44
0.07
1.54
4.66
2.47
3.44
2.43
3.06
4.18
4.02
1.75
0.87
3.58
4.21
1.08
0.18
1.93
4.15
3.25
3.32
1.87
0.63
2.69
0.94
2.13
3.1
3.43
0.53
3.75
3
4.08
0.95
1.68
2.86
1.49
4.67
0.63
2.66
2.83
3.93
0.97
3.79
0.67
3.62
4.92
2.04
4.4
0.71
0.94
3.52
3.61
3.36
2.58
4.05
3.36
3.5
0.75
3.54
1.38
3.39
1.14
0.65
0.63
3.25
0.44
3.1
4.33
4.92
2.99
3.61
0.91
3.97
2.31
4.23
3.46
1.59
2.9
3.67
1.08
2.94
3.6
2.55
0.37
4.03
3.14
0.38
0.4
4.7
3.99
2.32
2.74
4.62
1.96
1.69
0.47
4.87
3.51
2.57
2.49
3.79
4.91
1.65
1.82
4.93
0.31
3.49
3.66
1.14
4.41
3.48
2.32
2.96
1.27
3.55
2.86
2.02
1.85
3.25
4.48
2.58
3
3.18
0.79
4.27
3.71
3.09
2.63
1.59
4.51
4.97
2.2
2.43
1.11
1.88
2.19
0.12
2.5
4.9
1.44
0.25
0.8
0.46
3.72
2.06
2.34
2.46
3.71
0.58
3.87
2.25
2.04
3.66
2.99
1.51
2.54
3.83
3.61
0.74
2.16
4.74
3.37
2.33
1.03
2.89
0.43
4.39
4.28
1.63
3.33
2.46
2.25
4.37
0.32
0.63
1.52
3.32
4.57
3.69
4.74
2.34
2.17
1.19
4.21
0.46
3.97
2.03
2.68
3.15
3.76
2.95
4.03
0.28
1.94
0.32
0.72
0.74
1.85
2.39
0.73
0.65
2.76
0.31
3.24
1.37
0.67
0.86
0.66
1.92
3.5
3.99
3.91
3.89
4.06
2.04
3.61
4.15
2.08
3.09
0.76
1.32
1.97
4.81
4.72
2.44
3.08
2.73
1.53
3.92
1.43
0.97
3.17
4.4
4.89
2.52
4.81
0.24
3.38
2.26
2.46
4.44
1.38
4.78
3.61
2.56
3.18
3.79
4.93
1.09
1.95
4.1
0.65
0.87
0.09
1.4
3.88
2.55
4.19
2.96
0.95
4.7
1.12
2.81
1.06
1.05
2.38
3.65
5
1.85
4.18
0.58
2.92
4.22
2.46
2.77
4.3
1.27
0.7
0.93
1.84
2.2
1.32
1.35
4.66
1.03
3.46
3.39
2.32
1.51
2.46
0.33
4.66
0.51
1.79
0.02
3.54
2.83
0.08
2.57
1.12
0.43
3.13
1.83
0.38
4.32
2.26
4.78
2.53
2.94
3.28
3.66
4.74
3.57
3.08
4.34
2.06
3.02
0.45
2.34
1.5
1.17
4.93
3.47
1.84
1.32
3.38
0.98
2.99
3.28
2.32
1.15
1.85
3.15
0.46
1.38
1.23
3.95
2.1
3.21
1.89
0.56
0.81
1.11
2.45
0.03
0.34
3.09
1.39
1.48
3.95
3.82
3.11
2.99
1.36
2.02
1.5
1.4
1.85
2.18
4.65
1.37
3.29
0.92
4.39
0.26
1.93
4.25
0.69
4.51
1.01
0.51
1.5
0.49
3.21
1.73
3.77
4.18
0.37
1.89
2.28
1.71
4.03
4.78
2.85
0.58
3.21
4.42
2.15
1.27
0.34
3.94
4.57
4.47
1.52
4.76
2.8
4.73
0.92
0.9
3.81
0.45
1.5
4.73
2.42
0.88
4.46
1.89
2.15
1.9
4.23
4.71
0.77
4.04
2.42
4.83
3.26
4.7
1.27
1.03
2.26
1.67
3.54
1.12
1.46
0.3
1.88
4.61
2.49
0.11
2.03
4.91
2.5
0.9
3.64
2.39
0.96
3.11
4.73
2.04
4.12
1.16
2.35
3.92
1.97
4.3
4.19
0.34
3.42
0.71
2.86
4.28
1.48
2.43
4.09
0.18
2.38
0.59
1.91
0.18
0.21
1.61
1.84
3.14
1.51
3.96
0.28
0.88
4.74
2.13
2.61
4.47
1.43
1.87
3.65
4.97
4.01
0.32
1.77
3.94
2.31
2.92
4.45
0.53
1.33
2.16
0.33
0.11
3.01
1.04
2.02
1.43
3.41
2.17
2.19
0.93
2.63
3.53
1.85
4.71
0.91
2.69
0.47
3.65
0.42
2.94
2.95
1.01
2.84
1.6
0.29
1.26
3.13
1.8
0.85
2.83
0.55
0.16
0.15
4.51
2.01
3.26
0.18
3.47
3.12
4.74
2.15
0.22
0.5
2.43
0.28
3.69
2.65
0.99
4.97
2.57
4.72
0.31
4.17
2.86
3.1
0.25
3.06
3.88
4.95
4.29
2.54
1.4
4.42
2.92
4.36
1.17
0.7
3.18
0.47
3.29
0.59
2.42
4.19
4.32
2.54
3.61
1.95
3.43
3.59
1.31
0.21
2.78
4.35
2.35
2.6
1.92
0.54
3.85
2.31
3.13
1.66
2.17
0.47
4.6
3.82
3.61
3.36
1.66
3.01
1.53
2.76
4.11
1.11
0.56
4.55
2.44
1.9
4.08
0.98
4.63
1.78
1.72
3.33
3.55
2.26
1.28
3.87
1.99
4.92
2.56
4.71
1.9
3.91
3.45
2.74
2.17
0.14
2.34
4.96
1.52
0.45
1.17
3.69
1.09
2.17
1.57
3.83
0.81
0.07
4.01
2.57
0.1
3.34
1.13
4.72
3.5
3.99
2.63
0.93
0.32
0.14
1.43
0.53
1.77
4.51
3.86
2.27
2.06
4.42
0.64
2.43
4.61
4.98
4.48
2.13
2.57
2.72
4.12
4.63
3.25
2.64
1.49
4.93
2.95
4.79
4.42
1.25
3.59
4.71
4.64
0.38
2.35
4.62
4.19
1.64
0.03
1.65
2.43
3.39
1.77
1
4.95
2.63
3.37
0.27
3.86
2.26
1.6
3.01
1.74
4.36
0.4
2.31
2.24
2.48
2.31
3.25
2.97
3.3
1.86
4.46
1.51
4.61
2.41
0.27
1.14
3.4
2.52
4.91
4.95
0.96
4.36
4.75
3.73
3.26
3.7
2.41
2.35
0.68
3.29
4.76
0.73
2.04
4.88
3.49
3.71
2.55
1.4
2.6
2.73
0.15
2.13
0.49
2.04
3.21
3.98
0.5
3.99
0.39
4.35
1.76
1.16
2.3
4.41
4.3
1.02
3.6
1.7
0.5
2.39
4.78
1.51
2.09
4.47
2.72
0.66
0.99
1.89
4.8
1.72
1.71
1.77
0.08
1.03
0.62
2.34
3.49
0.97
3.94
3.28
2.3
1.5
1.06
2.76
2.54
4.23
0.52
2.73
4.5
3.51
1.53
1.7
1.04
3.67
4.25
2.43
4.23
1.85
2.12
2.43
1.46
4.32
2.56
3.82
4.45
0.63
1.23
4.93
0.32
3.8
3.99
3.86
2.58
4.69
0.18
1.84
2.77
4.66
1.62
4.36
2.38
2.32
0.77
3.91
0.36
2.35
3.43
1.26
4.05
3.18
1.67
3.12
0.58
3.27
3.3
0.33
3.68
2.07
3.13
0.82
1.77
3.07
2.01
2.12
2.34
0.27
0.61
3.5
1.51
4.67
3.67
1.9
2.12
4.04
0.51
3.12
3.34
3.37
3.14
3.51
0.44
2.35
2.58
4.88
1.49
1.57
2.16
1.7
4.29
3.96
4.46
1.65
2.43
4.26
0.11
0.03
0.87
4.19
4.76
4.71
3.17
4.07
4.9
4.8
0.58
0.69
3.19
4.45
2.31
2.7
3.2
2.19
2.04
3.23
3.88
0.88
1.07
2.27
1.64
4.8
4.23
2.61
0.79
2.64
3.24
2.02
0.28
4.87
3.12
3.04
0.21
1.06
1.72
3.39
1.86
0.76
3.53
1.22
0.86
3.38
3.44
0.92
3.39
3.38
2.06
3.44
5
2.5
1.17
3.44
3.67
4.97
0.25
1.11
0.76
4.7
0.33
0.27
0.84
2.47
0.39
1.66
0.79
2.24
0.36
1.46
2.37
1.19
1.54
0.6
4.77
0.77
4.57
4.98
1.96
2.35
2.11
2.44
1.4
1.57
0.58
4.19
0.58
2.35
4.69
0.25
3.12
3.52
4.83
0.05
4.05
4.25
4.9
3.23
2.91
3.16
3.34
4.08
4.06
1.39
0.89
4.06
3.57
4.89
4.34
4.34
3.8
0.98
1.6
4.42
2.79
4.78
4.07
2.58
1
1.78
3.89
2.58
1.8
1.16
3.99
4.5
0.51
3.41
2.51
1.7
1.48
2.79
4.2
3.5
3.17
4.34
4.12
2.22
4.67
2.72
1.42
2.91
3.23
4.62
0.94
4.42
0.68
2.61
2.6
3.24
3.9
4.71
1.29
0.76
4.27
3.27
2.73
3.19
3.23
1.81
0.8
0.31
0.02
2.65
2.1
3.95
0.13
3.21
3.9
2.64
3.18
3.85
3.97
2.98
0.82
4.94
1.09
4.38
1.52
3.31
0.44
4.49
1.58
3.71
4.86
3.06
2.94
0.44
3.83
2.7
2.38
2.09
1.13
2.02
3.89
1.35
3.4
4.28
4.64
0.56
3.21
2.05
4.38
3.81
2.62
0.98
1.68
2.52
1.4
0.61
2.37
2.63
0.04
1.32
3.75
4.9
1.21
3.24
3.55
3.71
4.33
3.55
4.46
1.36
0.12
1.95
4.43
2.49
1.94
0.2
0.98
3.69
1.78
3.59
3.8
0.89
4.62
2.01
3.63
4.39
1.4
3.57
1.26
0.38
3.95
4.98
1.64
1
0.06
4.97
3.21
1.3
1.98
3.58
3.43
4.59
4.27
2.27
0.88
0.12
2.7
4.88
4.51
4.98
2.65
0.61
1.11
2.05
2.7
4.94
2.59
1.94
4.49
1.71
0.38
2.32
2.61
0.89
0.36
2.25
4.96
1.93
4.21
4.19
2.12
3.47
3.48
2.75
4.51
1.25
0.48
0.87
0.3
1.69
0.92
0.55
4.61
2.66
3.79
4.75
0.39
2.79
1.22
1.25
0.6
4.32
1.01
2.18
0.57
1.28
1.22
3.75
3.6
3.26
0.88
4.96
3.03
2.51
0.64
1.12
2.67
1.57
0.99
4.32
2.04
4.15
1.51
3.86
3.65
2.18
2.03
4.09
2.6
0.02
3.45
1.87
0.53
2
4.9
4.41
3.57
4.98
2.74
3.62
0.16
5
0.82
1.65
3.6
0.18
1.13
0.69
1.79
1.83
0.45
2.53
1.75
3.04
0.88
2.69
2.51
0.75
4.01
0.04
2.13
4.46
0.31
1.8
1.25
0.29
1.23
3.35
0.34
4.91
1.19
4.72
4.75
3.67
1.32
4.43
2.9
1.46
0.19
0.51
2.42
2.94
0.13
2.34
2.61
4.25
0.35
3.65
2.72
1.44
2.53
4.11
3.23
3.02
1.92
3.72
1.1
2.25
0.13
1.09
3.84
4.22
3.81
4.73
2.49
0.26
1.12
3.21
1.92
2.75
3.52
1.35
4.17
0.94
0.3
1.4
4.53
1.04
4.35
4.23
2.27
1.22
2.04
3.83
1.26
1.24
3.39
0.61
0.38
0.18
3.22
3.38
3.65
3.37
3.83
3.04
4.56
2.41
2.9
4.77
2.64
3.57
0.83
1.78
0.13
1.15
1.62
3.66
3.16
0.86
3.05
0.43
2.93
2.54
4.43
0.91
0.1
3.28
1.64
3.33
2.02
4.95
2.23
3.22
0.76
1.11
1.3
4.99
4.72
1.23
3.83
1.83
4.93
4.44
1.71
4.43
0.46
0.95
0.93
2.96
4.83
1.13
4.74
2.46
3.82
4.3
3.64
0.73
4.53
4.11
1.76
3.98
1.95
4.86
0.32
4.3
2.12
0.85
0.87
1.71
0.34
0.14
2.61
3.18
0.07
4.8
1.03
2.48
2.54
0.45
3.68
4.23
1.4
0.95
2.07
0.21
3.58
2.43
2.63
3.1
4.67
3.92
1.33
2.38
1.27
4.26
1.1
2.8
2.22
0.82
3.94
3.34
4.83
2.99
3.61
0.16
4.36
0.45
3.02
4.99
0.13
0.72
4.34
1.4
4.84
3.76
0.2
2.85
2.62
4.36
2.76
1.61
1.97
3.63
1.75
3.07
1.01
4.53
4.78
2.19
3.39
3.06
2.44
3.66
2.6
2.78
4.19
2.12
4.6
2.59
4.59
0.97
1.23
3.2
0.28
1.15
0.3
1.56
3.49
2.89
3.82
2.93
3.23
1.49
4.86
2.52
4.09
0.82
4.12
3.41
0.54
2.24
1.55
0.39
4.84
2.77
3.29
4.52
2.35
0.49
0.27
2.92
2.31
4.54
1.61
3.26
2.99
3.91
0.19
0.36
0.15
4.7
2.33
4.19
3.67
1.34
4.03
4.96
4.92
4.83
3.27
0.97
2.98
3.22
3.06
3.49
1.65
3.38
4.88
4.42
2.25
4.59
0.48
0.45
2
4.87
0.7
1.42
0.38
0.43
0.38
1.15
4.85
2.23
4.6
1.75
1.61
0.72
3.01
4.11
2.76
3.01
3.97
1.58
0.72
2.14
4.25
2.76
4.39
0.15
1.87
0.98
1.82
3.09
2.88
4.87
2.61
1.15
3.12
0.22
3.84
0.09
1.41
1.23
4.2
4.97
1.97
4.6
2.68
2.93
4.13
0.07
1.45
0.15
4.02
4.92
4.73
1.76
1.16
3.28
1.51
2.18
2.59
2.01
3.76
1.49
0.44
4.67
0.92
4.11
2.02
2.93
2.58
3.36
3.83
3.66
4.79
3.66
0.2
4.42
1.38
2.93
2.36
4.89
2.05
1.56
3.92
0.2
4.91
3.11
4.38
4.38
1.89
0.57
2.37
3.3
3.68
2.7
1.05
0.43
3.32
4.02
0.78
2.55
0.28
0.08
3.52
0.51
4.32
0.81
4.14
2.55
1.08
3.76
3.26
1.03
4.21
4.49
4.55
2.56
4.07
4.5
0.52
4.88
0.47
2.32
2.43
3.3
1.09
2.02
3.41
0.06
5
1.54
0.78
2.35
1.98
1.57
3.85
2.58
1.14
0.27
2.3
1.44
4.76
1.57
1.35
3.6
4.43
4.59
1.55
4.68
3.05
3.94
0.26
2.29
3.28
3.08
0.78
2.85
3.61
0.81
4.96
4.36
3.28
4.47
2.47
4.15
3.88
1.05
2.26
3.16
2.97
3.91
2.34
2.86
2.09
3.31
1.35
0.64
0.64
0.86
0.73
4.96
3.49
1.78
1.25
0.04
2.21
0.68
1.6
4.2
0.01
3.14
1.95
0.66
4.72
4.18
1.83
1.08
3.61
2.03
2.02
2.41
3.56
4.87
4.81
0.95
4.94
3.23
0.48
3.7
2.69
0.82
3.86
3.24
4.16
1.26
0.95
1.09
0.61
3.48
4.86
1.66
2.61
0.24
0.93
0.3
3.39
4.11
2.4
2.47
3.7
2.46
4.3
4.43
0.18
0.09
1.17
2.94
0.27
1.15
4.6
3.76
4.66
3.68
4.15
0.4
4.53
0.81
2.04
3.87
4.84
4.12
2.91
3.6
1.25
3.04
2.45
2.26
3.68
4.97
0.03
1.24
4.64
3.99
3.85
3.63
3.56
0.12
3.83
1.01
2.19
1.48
0.08
2.46
1.19
3.66
4.9
2.87
2
4.02
3.36
0.34
1.69
3.39
3.09
4.77
3.14
3.18
0.65
2.59
2.3
4.58
0.25
2.1
0.54
1.51
1.24
4.55
3.1
3.79
0.26
2.57
3.42
4.97
1.04
0.5
0.07
0.15
0.59
4.68
1.79
1.09
0.15
2.01
0.02
2.42
3.4
3.33
2.33
1.64
0.45
2.08
4.23
1.84
0.94
2.84
0.31
0.27
0.71
3.16
1.22
4.7
3.05
1.65
4.3
4.55
1.48
2.78
0.54
1.91
1.54
4.04
3.44
0.34
4.17
1.23
3.89
4.88
0.39
2.65
0.96
3.11
4.46
0.44
3.21
4.6
0.74
3.77
0.33
2.83
0.52
0.31
1.4
3.03
3.57
1.8
2.24
4.11
0.58
0.11
4.61
2.27
0.26
0.55
4.77
0.08
0.18
1.74
3.71
2.79
2.38
2.55
0.14
3.84
2.59
2.27
3.67
0.85
4.02
1.84
4.26
4.14
1.98
4.81
1.87
1.19
4.49
4.72
1.15
2.12
4.15
4.07
1.45
1.62
3.94
3.82
4.58
1.75
0.29
1.71
2.14
1.47
0.01
0.75
1.52
0.08
2.41
0.12
2.96
1.93
1.1
1.14
1.3
4.67
0.48
2.16
2.28
3.67
1.17
3.46
1.12
4.22
0.56
1.79
3.42
1.45
3.85
0.9
2.7
2.81
1.25
0.94
1.28
0.57
3.13
4.44
4.92
1.43
3.91
3.75
4.84
1.24
4.47
0.62
3.79
0.63
4.97
4.05
0.93
2.14
0.01
1.19
4.33
2.61
3.95
2.34
1.15
2.24
1.73
3.96
4.08
1.63
4.86
4.37
0.77
3.54
3.01
1.51
1.92
3.64
3.35
3.86
