1.59
1.52
2.98
4.86
3.86
3.32
3.16
1.36
3.14
2.26
3
1.05
2.53
1.89
4.93
0.64
4.79
4.9
2.84
2.59
1.04
2.68
0.03
1.78
3.19
4.77
1.9
3.8
0.64
1.9
2.7
3.66
1.19
4.53
3.68
0.82
1.45
2.6
0.16
1.18
2.17
4.59
0.35
0.26
0.42
0.25
3.52
3.36
3.22
1.58
0.7
3.45
3
1.67
3.89
4.19
1.86
3.83
1.48
1.23
0.69
4.14
0.26
2.99
0.16
0.41
1.38
4.21
0.27
1.53
0.3
0.39
2.18
2.82
4.28
0.57
4.16
4.12
4.19
2.8
1.6
0.55
3.54
3.85
4.41
4.26
0.31
0.6
4.33
2.95
3.51
4.92
4.48
0.01
0.72
1.72
0.58
0.54
4.09
0.82
3.46
0.97
0.08
1.81
4.78
3.91
2.8
3.44
3.35
3
3.37
4.29
0.83
2.32
2.94
4
1.16
1.79
4.64
4.98
3.97
2.31
0.38
2.1
3.48
3.02
4.41
3.12
2.53
2.37
1.73
1
2.89
2.15
4.25
3.39
2.75
3.31
2.22
2.99
4.2
3.94
2.88
0.13
0.59
1.46
1.19
1.42
0.46
1.47
4.41
0.81
1
3.88
2.42
3.2
2.21
2.13
1.87
4.85
4.02
0.78
0.57
1.58
1.59
0.24
0.92
0.79
2.77
0.45
3.21
1.3
0.2
4.69
3.26
0.23
1.6
0.51
4.95
1.05
2.26
1.66
0.13
1.59
4.11
2.4
3.14
2.54
0.23
3.19
4.4
4.94
0.63
1.8
4.45
3.29
0.96
0.85
4.42
0.89
2.85
1.64
2.04
0.39
4.28
0.41
3.19
3.29
3.11
1.47
0.49
4.76
1.03
4.7
1.18
0.27
4.75
4.21
4.98
2.29
1.96
2.12
0.3
0.66
1.06
3.29
3.97
2.56
3.58
3.6
1.67
4.9
2.9
4.72
1.44
1.39
1.16
2.14
2.63
3.53
3.22
2.91
3.12
2.14
2.28
4.91
1.51
0.49
1.6
4.08
1.68
1.33
0.49
4.91
0.43
3.47
4.8
4.39
3.31
3.88
0.01
3.15
0.5
3.93
1.22
1.95
2
2.99
2.28
3.03
3.96
0.18
4.17
1.2
2.47
0.49
4.16
0.57
4.19
0.36
0.87
1.99
3.91
2.5
1.39
1.12
4.25
4.15
3.75
0.93
3.28
1.1
2.99
4.24
3.88
3.9
2.46
3.61
1.03
0.45
3.94
0.52
0.98
1.44
2.06
3.96
0.15
0.15
0.7
2.58
0.35
1.09
0.37
2.95
4.12
3.24
3.01
3.48
4.63
2.57
1.59
4.79
0.03
1.49
4.26
2.81
1.96
3.5
3.32
3.81
0.26
4.83
4.95
3.84
1.1
0.64
0.57
3.36
1.64
1.25
1.98
2.25
1.37
0.08
0.1
2.91
1.8
3.64
3.29
2.96
0.88
3.56
3.09
0.42
2.21
4.64
0.96
2.9
4.08
2.74
1.04
4.89
3.77
1.66
1.55
0.42
4.13
3.47
0.17
3.88
1.16
0.03
1.84
0.28
4.61
3.76
4.07
4.11
4.6
1.26
4.4
2.94
4.04
0.53
3.26
0.2
2.32
2.74
1.59
0.38
3.71
1.07
3.79
2.49
2.34
4.8
3.66
3.41
1.11
1.19
1.75
2.18
0.7
0.05
1.73
1.93
2.15
3.47
3.37
4.53
0.38
0.27
3.51
1.62
0.66
1.21
2.72
1.84
2.73
2.18
2.75
0.14
2.51
4.87
0.65
3.69
3.67
1.28
4.26
2.64
4.24
2.72
0.74
3.58
4.85
3.48
0.03
1.21
3.21
0.26
3.34
0.95
3.94
0.5
4.82
4.38
1.04
1.45
4.18
1.98
2.74
4.12
2.78
1.68
4.77
4.25
0.14
4.55
1.57
2.36
1.05
0.32
4.61
3.62
0.26
2.03
1.55
1.87
3.66
3.83
2.12
3.64
0.27
0.49
1.45
1.85
0.54
4.15
0.31
2.81
4.82
3.77
0.62
1.41
1.95
0.26
4.83
3.78
2.94
1.05
2.1
4.43
2.73
4.33
2.78
2.96
3.65
4.36
0.83
1.36
2.01
0.92
2.12
3.17
2.94
3.19
2.03
3.03
1.55
3.06
4.52
4.32
0.69
2.47
2.25
3.22
3.54
2.36
4.2
0.94
2.28
4.71
3.78
4.29
4.27
3.47
3.3
0.62
1.99
1.91
1.08
0.13
3.49
1.9
4.34
3.95
2.46
0.97
4.93
0.11
2.54
3.11
0.4
3.23
1.67
2.43
1.1
0.15
4.93
4.25
4.86
3.09
2.44
1.74
4.35
2.86
2
3.79
0.29
3.56
1.94
3.26
2.54
3.8
1.75
4.38
0.57
1.96
3
3.28
1.98
4.33
1.44
1.58
3.85
0.17
1.58
2.92
4.27
4.92
2.97
4.28
4.22
0.74
1.36
2.77
1.21
4.93
4.37
2.23
1.11
3.7
0.57
1.65
2.72
1.74
2.67
0.5
4.04
4.15
1.12
4.08
2.06
4.11
2.12
3.44
0.7
2.22
1.45
0.04
3.41
0.89
4.69
2.27
1.08
2.3
0.04
3.32
2.39
3.19
1.28
3.26
1.24
0.3
1.83
2.66
2.62
4.63
2.82
2.12
4.14
3.73
1.63
3.9
2.75
2.93
1.54
4.7
0.52
2.72
1.36
3
0.45
4.04
2.67
0.75
3.51
2.27
2.33
2.13
3
3.82
1.46
4.28
2.7
3.66
2.22
3.26
2.24
0.57
2.17
2.58
4.75
3.16
0.4
2.91
2.15
3.65
0.68
2.05
1.81
2.01
4.08
0.46
3.19
3.75
2.39
1.28
3.05
0.07
3.88
0.8
0.44
0.22
0.49
2.14
0.5
3.93
2.11
1.71
1.84
3.37
2.33
0.07
0.07
3.5
1.03
2.14
0.96
2.56
1.45
4.29
3.45
4.44
1.16
4.05
4.69
4.59
2.41
3.02
2.34
4.65
1.54
4.07
2.4
1.5
1.5
3.48
4.78
2.07
0.84
3.52
0.64
1.07
3.49
4.19
1.37
4.87
0.07
2.16
2.4
3.93
1.77
0.75
2.92
3.36
1.68
4.67
4.2
1.77
0.38
0.66
3.17
1.59
3.35
2.05
1.16
4.57
4.85
0.82
1.25
4.39
3.75
2.4
1.48
2.22
3.33
3.02
3.69
1.35
0.54
4.69
2.91
3.74
4.01
3.96
0.06
1.6
0.89
1.46
2.55
1.35
1.84
0.47
3.83
2.54
1.41
2.61
0.64
3.65
0.24
4.39
1.47
3.87
2.89
1.96
0.74
2.6
0.07
4.87
2.93
3.15
1.97
4.45
3.84
1.28
1.54
1.96
2.33
3.09
4.61
1.8
2.92
3.99
1.55
0.19
0.79
3.59
1.68
0.49
2.19
4.55
1.14
3.25
3.03
0.91
0.16
4.79
1.4
2.89
0.53
0.92
3.58
1.11
1.94
4.9
0.97
2.87
3.04
1.51
0.81
0.14
0.62
4.8
0.13
2.16
1.36
3.12
3.57
1.2
4.59
4.84
4.7
0.94
2.8
0.61
3.24
1.72
4.13
1.4
2.24
4.47
0.43
0.03
2.03
2.04
4.16
1.52
4.3
2.85
3.97
4.33
4.73
4.06
0.63
4.44
2.11
1.43
2.78
1.79
1.18
3.93
1.4
1.15
2.44
0.86
3.08
2.27
3.87
4.31
3.45
2.74
0.54
2.46
0.62
2.44
3.63
2.96
1.24
2.6
0.12
0.84
3.81
2.63
2.31
1.13
2.22
3.27
1.71
4.3
0.36
2.14
0.12
0.33
4.47
3.36
0.14
3.98
4.15
0.47
0.37
1.85
4.16
2.59
4.68
0.9
4.72
0.47
3.65
3.39
1.63
3.16
3.92
1.41
4.46
3.6
2.47
2.72
4.84
2.25
0.42
2.54
5
2.68
3.58
2.52
4.08
0.99
4.75
0.97
1.92
3.47
2.43
3.02
2.81
0.29
1.17
3.7
3.59
1.04
2.54
2.06
0.18
5
2.95
2.41
0.26
0.77
3.31
3.29
3.22
2.27
2.55
4.55
2.73
0.82
1.47
0.79
4.14
0.11
2.82
1.64
3.11
2.79
2.21
4.65
4.8
2.91
0.18
3.76
4.33
3.97
4.77
3.07
4.39
1.07
1.46
2.77
2.58
0.32
2.21
1.97
4.82
1.74
0.39
3.9
2.21
1.3
0.48
4.32
1.01
4.85
3.56
0.3
4.45
0.93
4.49
1.65
2.21
2.11
1.28
2.49
1.85
4.1
2.55
4.34
0.13
0.15
0.77
4.29
1.69
4.75
4.83
3.41
0.11
3.85
0.67
3.38
3.36
3.07
0.48
5
0.32
4.43
3.5
4.19
3.51
1.83
1.58
0.65
4.87
4.93
4.74
1.66
2.73
2.33
2.34
2.48
0.52
0.92
3.74
4.12
4.22
1.03
1
1.44
2.58
1.52
2.57
3.15
2.11
4.66
2.91
3.71
1.58
0.79
0.48
2.31
1.69
3.67
3.95
3.41
0.73
0.45
2.81
1.07
1.81
0.16
2.7
3.55
3.72
4.4
2.59
1.15
3.71
2.04
0.31
1.63
3.36
2.49
4.38
0.21
3.72
4.8
1.81
1.52
0.87
4.23
3.44
0.74
1.13
4.57
0.51
2.53
4.32
1.14
4.97
2.16
1.54
1.31
1.59
1.2
3.65
3.58
4.4
3.63
3.07
0.88
2.04
0.22
1.76
2.52
1.66
4.66
4.64
4.54
0.19
2.69
0.87
1.18
2.87
3.29
4.82
0.47
3.72
1.69
4.19
0.6
3.98
1.54
3.92
3.15
1.81
3.34
3.96
1.74
1.33
0.02
3
2.94
2.58
2.55
4.15
4.71
4.25
4.61
0.34
2.38
4.43
4.35
3.65
3.85
2.93
3.44
1.75
2.57
4.49
2.24
3.98
1.68
4.01
3.57
4.4
3.21
4.6
2.67
1.26
2.8
0.31
3.97
0.97
2.36
4.4
0.07
1.47
4.8
4.16
0.14
2.46
3.01
3.25
0.84
0.77
1.53
1.1
2.93
1.56
4.75
0.6
3.67
2.43
2.58
2.21
4.74
2.02
2.28
0.83
1.7
0.1
0.5
3.31
0.22
4.85
0.42
1.99
3.99
4.47
3.96
0.24
4.93
2.27
0.9
2.73
1.86
3.49
1.17
4.22
2.81
4.99
2.24
0.64
3.44
4.12
1.36
4.02
1.41
0.26
1.09
2.83
1.6
0.21
4.84
4.54
4.25
2.17
0.79
1.17
0.96
1.22
2.91
1.82
4.6
3.57
1.97
1.43
4.94
1
2.75
0.91
3.7
2.56
2.86
4.31
1.75
2.21
0.34
2.09
3.12
1.76
2.69
4.73
4.05
3.37
3.91
1.54
0.89
3.33
1.48
1.27
3.89
1.61
4.73
2.25
3.62
3.21
4.53
3.99
1.2
1.06
0.11
4.56
3.63
0.64
1.8
1.85
4.22
1.38
1.44
1.79
0.44
4.06
4.63
2.24
4.5
4.59
4.92
0.98
3.53
1.7
4.76
3.05
3.37
4.35
0.9
0.4
0.83
0.31
0.08
2.23
3.77
3.17
4.65
1.25
4.21
3.4
0.9
0.59
0.75
1.27
1.07
1.47
2.79
0.36
3.51
1.76
2.32
3.43
3.73
4.32
4.45
1.54
0.32
4.22
0.69
3.86
1.09
4.59
0.91
3.5
4.86
1.22
4.42
4.39
0.09
2.53
4
3.22
0.53
2.43
0.98
2.68
2.49
2.95
0.29
0.95
1.36
2.14
4.44
4.42
2.15
0.35
1.32
0.84
2.61
3.71
3.71
4.18
0.9
2.91
0.63
0.01
0.58
3.11
3.43
1.88
0.6
2.11
3.64
3.14
3.79
1.67
0.59
4.72
1.18
2.35
0.21
1.98
3.51
3.41
1.03
4.75
3.66
0.96
3.67
4.58
2.34
3.36
1.77
3.84
2.83
1.17
0.4
1.74
4.3
1.38
0.11
2.29
2.78
3.63
2.63
2.67
2.99
1.58
4.59
3.66
3.83
3.56
2.03
4.05
0.16
2.92
2.85
0.71
4.32
0.09
1.09
4.53
1.51
1.48
1.45
1.01
4.14
0.37
0.27
3.72
1.91
2.35
0.57
4.53
3.49
1.25
2.74
0.09
1.5
4.88
1.43
3.63
3.08
4.83
2.74
3.71
1.36
2.92
3.98
3.08
0.67
2.42
4.16
1.37
2.07
2.78
3.11
1.54
1.18
4.9
4.93
3.19
0.23
3.62
0.68
1.63
2.2
1.7
1.43
1.51
2.87
0.87
3.74
0.47
0.17
2.67
0.79
2.61
3.31
0.59
4.08
2.97
2.7
2.79
4.67
0.19
2.06
2.6
1.74
1.03
3.64
1.48
2.13
0.47
4.03
2.06
2.24
0.82
1.06
4.38
0.91
2.11
2.07
4.71
0.94
2.96
0.37
1.47
3.31
1.11
3.95
2.99
3.24
0.06
4.63
3.12
3.34
2.03
2.57
4.34
4.81
3.03
0.53
1.69
3.5
2.44
4.15
1.38
4.19
4.49
1.38
0.52
2.66
2.74
1.54
2
3.75
2.63
3.34
3.14
4.87
3.53
1.65
2.45
2.75
3.03
3.12
3.91
0.75
2.1
2.52
2.62
4.77
4.6
2.88
3.63
4.45
4.16
3.44
1.48
2.06
0.96
4.88
2.95
2.9
4.68
0.78
0.69
1.76
1.6
2.79
4.08
2.09
2.14
1.3
4.65
0.19
0.79
0.59
4.89
2.3
2.42
4.12
1.26
3.09
3.74
3.17
1.04
0.94
3.22
1.46
1.79
2.24
1.79
1.41
4.61
3.34
0.19
4.77
0.96
2.79
1.5
4.22
4.87
3.07
4.06
1.58
2.82
2.82
0.96
1.49
4.94
4.66
0.84
0.23
0.91
1.99
4.21
1.37
0.36
1.41
4.39
4.84
2.37
4.46
3.85
3.82
4.4
2
0.84
0.69
4.96
3.65
4.38
2.61
4.68
2.51
4.66
4.21
2.29
1.94
2.3
4.97
3.2
0.18
1.21
0.66
1.14
1.65
2.8
1.68
2.41
0.7
2.32
0.79
3.02
0.35
2.69
3.45
1.04
1.26
1.92
4.91
4.32
2.23
4.08
2.69
1.65
4.85
2.06
1.7
1.72
2.66
2.38
4
1.62
1.66
1.39
3.03
2.29
4.01
0.74
0.02
0.04
4.58
1.99
2.22
4.6
1.64
3.19
0.66
3.08
4.97
2.34
0.21
0.77
2.21
1.08
4.34
4.16
2.18
0.9
2.02
1.33
2.47
2.37
2.17
2.86
4.78
2.41
1.68
0.56
0.19
4.49
0.24
3.16
3.03
1.33
1.71
4.7
3.38
4.86
0.44
2.77
4.19
0.35
3.41
4.43
2.46
3.69
3.85
1.51
0.48
2.29
2.55
3.74
2.1
3.59
0.51
0.82
3.83
1.06
4.4
0.58
4.98
4.3
0.63
4.93
1.17
2.66
1.5
4.93
4.77
1.53
4.17
1.68
4.79
0.09
1.92
3.38
0.13
1.33
3.68
4.06
3.13
4.14
0.74
1.65
0.1
0.14
0.06
1.64
1.84
4.54
0.26
3.6
2.79
1.67
2.07
4.86
0.93
0.61
4.93
4.87
3.63
2.81
1.32
4.55
2.03
2.51
1
1.12
0.74
2.81
3.92
1.36
1.02
2.23
1.68
1.51
4.72
0.45
1.26
1.7
1.46
3.98
3.06
4.03
0.81
4.63
2.87
4.26
0.17
3.85
3.72
3.87
4.62
4.92
0.32
2.2
2.29
0.64
2.01
1.12
1.73
1.15
3.08
3.22
2.65
2.61
1
4.46
1.74
3.52
0.98
4.99
1.61
3.53
4.85
1.49
3.72
3.02
0.91
4.31
4.17
0.7
1.47
2.74
1.68
4.73
4.14
0.76
1.6
1.38
4.87
2.67
4.41
4.53
4.43
4.42
3.82
4.27
0.74
2.05
2.65
0.14
0.76
1.45
2.77
0.3
2.36
2.88
3.93
3.94
3.26
4.46
3.71
0.1
4.47
2.9
3.8
0.91
4.8
0.7
0.11
0.79
1.97
3.33
0.76
1.45
1.42
3.22
0.97
4.67
0.49
3.1
1.19
0.59
4.95
2.89
0.9
2.32
0.5
4.02
3.75
4.71
4.38
3.04
4.9
0.05
2.51
4.05
4.61
3.68
2.13
1.81
0.91
1.38
1.62
1.89
0.69
1.02
2.9
0.2
4.12
0.45
2.42
1.77
2.03
0.07
3.12
2.63
4.27
0.1
3.36
1.81
0.44
2.48
4.36
2.96
3.29
1.76
2.84
2.2
0.93
4.69
2.51
2.76
1.76
4.59
1.53
2.8
2.85
4.23
3.44
3.14
3
1.13
1.15
2.71
4.72
2.53
4.12
2.22
0.87
2.58
2.85
4.77
4
0.49
3.01
2.25
3.54
2.84
1.76
1.81
2.77
3.49
3.14
1.21
1.38
3.96
1.52
1.02
1.54
3.17
0.39
3.6
0.54
1.41
2.75
2.14
2.99
4.38
4.71
3.21
4.48
0.95
0.37
3.22
3.74
2.35
2.14
2.76
2.9
4.3
4.25
3.09
2.38
2.05
1.41
4.69
0.47
2.5
0.42
2.13
1.43
3.64
3.7
1.92
4.36
0.35
2.97
0.59
4.56
4.06
1.14
1.18
1.68
0.91
4.05
2.84
4.57
2.31
4.65
3.34
2.78
4.25
2.36
1.32
3.02
2.32
4.28
3.44
0.79
2.82
2.73
2.81
2.35
0.05
1.91
3.54
3.57
1.12
0.61
1.42
4.23
4.06
3.37
3.32
0.12
3.58
2.95
1.02
0.27
4.19
3.04
0.69
0.67
1.12
4.26
0.24
3.02
3.14
1.67
2.14
0.89
1.47
4.02
2.4
0.24
1.78
4.89
2.71
0.45
1.93
0.85
1.76
2.04
4.46
3.78
4.69
2.27
1.35
4.11
0.99
2.99
3.92
2.83
2.6
4.45
2.96
1.1
3.66
3.04
0.24
0.49
2.9
1.88
1.39
1.25
3.79
0.02
3.39
3.99
0.24
4.13
3.43
1.46
2.3
4.58
3.46
0.97
2.62
0.04
0.63
3.98
1.48
4.99
1.63
2.78
1.34
3.8
2.71
3.64
0.23
4.55
4.17
0.69
1.48
3.75
1.8
3.25
1.27
3.2
2.62
3.82
0.27
2.02
0.53
0.95
0.16
1.9
4.03
2.55
1.68
3.74
3.21
0.72
1.99
2.99
1.69
4.48
2.97
2.97
1.89
3.1
0.58
3.84
1.69
3.15
2.25
0.52
1.58
3.17
2.96
1.08
2.88
3.41
1.29
1
0.53
4.72
4.79
3.83
0.26
0.13
3.27
2.79
3.81
1.06
1.4
3.8
0.41
4.64
2.55
0.04
0.79
2.56
0.74
0.91
0.64
0.08
0.3
0.74
2.44
4.12
1.73
1.22
0.78
4.55
2.62
0.64
4.95
2.21
1.36
3.54
3.64
0.04
3.36
1.49
3.08
4.13
4.05
0.27
2.52
0.37
4.8
4.31
4.35
3.08
4.3
4.71
0.59
3.21
2.02
4.69
1.66
1.75
0.39
4.36
2.82
3.17
3.03
3.22
4
2.79
1.83
4.42
4.72
0.06
0.28
3.01
3.68
2.21
0.33
0.69
0.29
0.18
2.24
4.59
3.11
3.59
0.55
1.36
1.53
2.35
2.3
3.37
3.26
4.83
2.76
0.01
4.12
4.88
2.17
3.02
3.6
2.27
3.33
4.07
0.82
4.08
2.13
0.93
0.35
2.48
4.55
0.77
2.19
2.12
0.5
3.73
3.02
2.22
3.11
1.47
0.01
0.61
1.14
3.6
4.9
0.55
3.25
3.82
3.31
2.72
3.41
4.3
4.65
1.29
3.33
4.01
0.25
4.57
2.2
2.53
4.43
2.84
4.72
1.21
1.77
0.24
1.11
3.02
2.87
2.7
2.58
2.06
4.8
4.97
4.06
4.39
2.51
1.33
0.52
3.25
1.02
1.3
2.44
3.35
2.77
0.96
4.89
1.74
3.36
4.1
3.25
0.92
1.29
3.24
1.91
1.08
0.45
4.82
4.28
4.03
0.85
3.29
1.37
2.37
4.13
3.91
2.24
0.24
1.24
4.85
4.91
0.57
1.64
4.82
4.03
1.98
3.37
1.64
1.14
3.88
0.23
0.88
3.14
2.6
1.4
2.81
0.01
0.56
3.11
3.09
0.71
0.57
3.08
4.6
4.66
3
0.24
0.8
0.93
0.11
4.48
0.38
2.13
2.28
2.52
3.1
3.61
2.26
0.75
1.84
2.99
2.68
3.41
0.57
0.62
3.13
0.28
3.57
2.2
2.99
1.89
3.69
1.14
2.27
2.47
0.93
3.67
3.57
1.04
4.13
2.41
3.52
4.62
0.89
0.32
2.34
1.07
0.93
3.26
3.04
1.35
4.01
1.62
3.99
4.23
4.31
3.12
2.61
0.37
1.82
2.15
3.19
2.42
4.52
0.81
3.86
0.04
2.63
1.86
3.25
2.52
0.39
2.87
1.59
2.46
0.71
4.21
3.98
4.63
1.55
2.07
3.43
1.27
2.13
4.8
2.1
3.74
4.99
2.29
2.08
3.91
0.11
3.12
0.65
2.74
2.48
1.75
2.9
