3.09
1.15
1.34
1.1
0.88
0.44
3.88
0.99
1.97
3.37
4.79
2.84
2.76
3.11
3.27
2.96
2.38
1.49
1.87
4.37
3.88
5
1.27
2.29
0.39
1.13
4.84
0.75
3.77
3.96
4.89
0.62
0.43
4.22
0.88
1.41
1.56
4.33
4.71
1.26
3.77
2.03
1.62
1.49
1.23
4.84
1.83
3.64
4.55
4.54
2.95
3.35
1.12
0.44
4.49
2.66
0.02
0.04
3.5
3.26
3.68
0.77
0.86
4.2
4.38
3.32
2.09
3.42
1.87
1.8
0.42
1.02
4.24
2.67
4.72
4.45
1.86
1.05
4.71
0.26
2.3
1.2
2.29
3.19
2.93
4.61
1.3
3.95
1.25
2.72
3.43
2.02
1.37
0.16
2.22
2.61
2.7
0.73
1.48
0.48
3.5
1.43
4.28
0.21
0.44
0.4
2.13
3.8
0.1
3.61
0.83
4.05
0.08
0.02
3.79
0.84
0.65
1.04
2.67
3.1
4.84
2.44
3.05
0.7
1.11
3.87
1.86
4.06
4.38
4.91
0.67
3.99
4.56
1.64
1.06
2.62
4.19
3.23
3.75
1.06
1.19
3.65
4.9
0.99
4.38
4.44
1.69
2.4
3.27
3.38
1.76
3.91
0.16
1.91
3.84
4.25
4.09
1.38
1.6
1.17
3.63
3.7
4.04
3.04
3.98
1.51
1.41
1.15
1.3
0.18
4.9
1.84
4.86
1.1
2.64
0.01
1.36
0.8
2.28
2.01
4.54
4.96
4.04
0.25
2.76
4.19
3.84
0.23
3.96
4.27
4.58
2.06
1.79
0.05
1.37
2.5
2.16
1
2.07
4.76
3.59
1.88
2.85
0.22
2.13
2.56
2.58
3.69
2.17
2.51
4.46
0.7
1.63
2.12
0.92
2.13
2.1
3.36
0.17
1.17
3.05
4.98
4.48
0.2
1.14
2.43
1.53
1.11
1.91
0.39
2.91
4.96
2.74
4.11
0.66
2.5
2.29
0.92
1.39
4.59
1.69
1.84
0.85
2.48
0.89
0.76
3.54
2.39
3.77
0.21
0.97
1.79
3.64
3.09
4.8
0.7
1.4
2.24
1.01
4.85
0.79
0.89
2.42
3.46
4.3
0.87
0.24
4.1
3.27
1.25
1.17
0.1
2.91
3.47
2.52
2.7
4.76
1.84
1.13
0.95
2.87
4.18
4.43
3.1
4.02
4.12
4.61
4.84
0.81
1.86
1.73
1.22
4.48
2.51
1.37
1.91
2.5
3.26
4.44
0.3
1.26
3.59
2.14
4.67
2.19
4.57
3.76
2.07
3.9
0.87
0.53
0.26
4.04
4.47
1.92
3.14
0.82
0.97
4.49
0.28
4.54
4.19
2.98
0.3
4.74
2.12
3.13
2.37
3.86
0.93
4.18
3.47
2.34
2.3
0.23
4.98
4.32
1.24
4.89
2.14
1.45
3.55
4.03
3.84
3.79
4.1
0.28
1
1.51
1.4
0.25
2.14
3
4.49
1.04
3.67
4.41
4.3
1.06
0.59
0.05
2.37
1.61
1.28
1.23
4.09
4.45
2.72
3.65
4.71
1.85
2.77
2.45
1.34
2.61
4.31
1.26
3.61
2.83
1.92
3.99
2.68
4.73
2.58
1.72
3.5
0.71
3.91
4.07
3.38
3.88
3.02
4.75
2.17
1.31
1.52
1.93
2.46
3.59
3.67
1.03
1.23
2.48
1.95
3.48
3.55
3.22
4.69
4.8
2.54
0.57
0.53
0.73
2.74
3.54
3.97
2.31
0.05
2.26
3.01
0.67
3.27
4.14
2.85
0.94
0.49
2.25
4.22
2.68
2.97
2.92
0.01
3.15
2.39
4.22
3.47
1.93
3.89
1.36
0.6
1.04
4.48
1.9
2.18
4.83
3.17
4.91
3.75
3.87
2.78
2.19
2.06
1.94
2.01
0.19
1.36
0.22
2.8
4.98
1.23
1.32
1.2
4
1.08
1.83
0.83
4.98
4.77
1.11
4.42
4.38
2.76
3.87
3.27
3.82
3.84
1.35
4.69
0.89
1.09
2.66
0.57
4.49
0.28
0.78
0.24
0.68
4.14
0.61
1.14
1.61
0.76
0.59
2.61
3.18
4.63
2.55
3.62
0.2
3.49
4.91
1.33
2.26
0.79
4.17
3.15
0.57
0.13
0.53
0.01
1.24
4.99
2.79
4.41
0.54
2.62
0.39
3.19
1.07
3.25
2.62
0.74
2.24
0.11
3.62
0.13
1.45
3.54
4.52
3
1.67
0.23
0.21
2.22
2.8
2.58
4.36
4.17
3.19
4.41
1.85
4.18
4.69
0.05
0.76
0.9
4.23
1.73
0.36
0.99
0.12
4.78
3.01
3
1.99
1.48
4.4
4.56
2.56
2.78
0.12
0.16
3.69
0.24
4.48
0.69
1.66
3.78
1.92
3.02
3.86
1.71
2.84
4.78
0.72
2.72
1.4
1.2
3.57
4.62
2.23
0.23
3.07
1.25
3.52
2.95
4.52
2.97
0.58
3.89
3.94
3.12
0.44
0.15
0.95
1.16
0.55
1.53
3.59
2.84
4.58
4.44
4.24
0.21
1.46
3.77
0.16
0.04
2.59
1.55
3.9
2.1
0.48
0.67
0.11
0.34
0.04
2.41
0.34
0.22
2.13
1.27
2.33
4.49
4.08
4.59
4.03
1.61
1.56
4.34
1.37
1.27
1.12
4.85
1.27
0.91
4.14
2.8
3.89
3.33
0.72
0.53
0.16
0.48
1.23
2.74
1.91
4.32
0.95
1.04
0.63
3.72
1.29
0.11
2.66
0.01
1.92
2.5
0.32
3.93
4.27
3.61
3.89
4.21
0.52
0.07
2.58
4.99
0.3
1.2
2.83
3.59
0.69
4.61
2.09
1.74
4.01
3.06
1.19
3.4
2.88
3.99
4.02
2.6
0.6
4.1
0.81
4.27
4.18
0.43
2.03
3.85
3.19
4.96
4.96
2.61
3.22
1.26
0.73
4.43
3.15
0.46
0.88
1.9
0.94
2.73
4.4
1.9
3.15
1.23
2.54
4.64
4.57
0.06
1.84
0.35
0.39
3.49
1.5
2.33
0.79
3.02
3.96
2.53
0.12
2.83
4.1
1.84
3.79
1.18
2.77
4.74
3.41
4.67
1.87
0.23
4.74
3.18
4.08
0.41
5
2.2
2.56
0.72
4.19
3.28
2.09
1.37
4.46
1.93
4.21
3.7
2.56
1.04
2.7
2.73
0.22
4.69
2.87
4.16
2.16
1.84
1.62
3.5
4.59
3.17
1.5
4.94
3.11
2.78
3.28
0.54
1.39
3.55
4.03
2.7
3.34
3.81
0.97
2.33
2.5
0.17
2.46
3.68
2.37
4.42
3.55
3.2
0.53
2.13
4.34
0.46
0.22
4.5
2.97
3.23
4.66
4.97
2.32
1.83
0.21
3.91
1.21
1.41
1.3
2.64
4.01
3.02
1.52
3.65
1.03
0.13
1.67
2.29
4.16
0.48
0.87
2.34
1.56
2.26
1.83
2.56
0.07
1.29
4.65
0.51
4.15
1.8
1.6
4.17
3.35
1.63
4.42
2.32
2.67
3.37
4.33
2.3
0.55
2.98
3.88
0.88
2.06
1.23
1.31
3.09
1.73
4.67
0.22
4.02
3.19
0.82
1.61
4.53
0.96
0.81
2.62
3.19
3.94
1.86
0.75
2.86
3.49
3.16
4.14
0.66
3.86
4.34
2.54
2.31
0.65
3.15
3.24
0.87
0.42
1.74
4.24
4.94
0.71
0.81
4.64
0.33
3.63
3.66
0.58
3.66
1.77
2.45
4.3
3.23
2.1
2.29
1.89
1.46
3.89
3.52
3.19
4.88
4.97
3.42
0.35
3.69
4.97
1.01
3.04
2.98
2.63
0.05
2.79
3.22
1.58
3.27
2.72
4.63
1.7
2.1
3.93
4.67
1.39
4.71
4.59
3.51
1.47
4.43
0.29
1.86
2.24
1.29
1.36
4.47
4.31
0.42
1.93
4.84
4.03
3.74
4.44
5
4.18
3.11
1.62
1.02
1.88
3.77
3.74
2.74
3
2.57
1.78
1.15
0.55
4.31
0.37
2.42
0.34
1.74
1.66
1.77
4.95
1.01
1.34
0.28
1.4
4.28
3.19
1.83
4.45
2.89
3.23
0.04
2.05
3.39
1.89
2.88
2.69
1.4
1.59
4.63
0.47
2.88
1.47
2.11
3.2
3.84
1.24
4
3.93
4.17
0.43
4.23
1.92
3.53
2.19
3.68
0.81
2
3.01
0.82
4.56
2.94
3.91
4.27
2.01
2.98
2.81
0.18
2.95
1.44
1
2.76
3.05
3.96
0.21
3.06
4.6
1.22
3.57
1.22
4.24
1.39
3.82
0.89
0.6
1.03
2.17
4.28
4.6
1.07
3.32
1.63
4.33
4.73
3.38
1.36
3.92
4.69
1.25
4.91
0.42
0.73
0.3
1.42
1.2
4.31
2.47
0.36
3.7
0.31
2.85
3.5
3.72
0.49
0.78
0.22
4.34
3.03
2.39
3.11
0.34
3.32
1.24
2.26
2.48
4.87
4.57
3.37
3.71
4.66
2.11
2.97
2.6
0.9
0.85
3.85
3.78
3.67
2.36
1.02
0.53
4.11
2.94
4.7
3.7
1.77
4.22
1.92
1.39
2.34
4.63
4.27
4.01
4.66
4.96
1.16
1.15
3.5
1.31
0.72
3.7
3.85
0.3
0.02
3.2
2.35
0.8
4.79
1.9
0.94
1.65
4.4
1.85
1.3
4.9
1.82
1.42
3.77
3.86
4.88
3.13
0.92
3.71
0.99
2.32
3.42
1.42
1
1.62
0.48
3.52
0.48
2.96
1.84
1.43
1.91
1.71
3.37
1.01
3.04
4.97
4.97
3.87
3.69
4.96
3.43
1.38
0.81
0.7
2.8
3.01
3.72
4.86
3.24
0.12
2.41
3.67
1.24
1.75
0.1
3.16
4.95
4.42
0.81
2.78
4.15
1.57
4.5
3.79
1.47
3.03
2.91
1.89
3.61
4.5
0.76
0.97
0.89
1.05
1.52
1.03
0.38
2.99
1.61
5
0.31
1.75
4.13
0.28
1.78
4.13
4.32
0.11
3.97
2.98
3.64
0.29
3.98
0.77
1.72
3.89
3.51
0.6
1.88
2.49
4.78
2.46
0.23
4.55
0.07
1.84
3.07
0.5
2.15
3.92
2.66
0.31
2.12
4.96
2.03
3.54
3.62
4.94
0.78
3.11
0.66
4.89
4.42
1.03
4.73
4.42
4.56
3.51
2.59
2.3
3.76
0.65
1.99
4.13
2.29
1.06
2.65
4.31
3.73
2.03
2.83
0.99
1.92
2.57
2.81
3.38
1.68
1.05
2.16
1.77
0.86
2.05
3.13
2.38
0.14
3.81
3.26
4.3
3.71
4.03
2.87
0.91
4.24
1.26
2.77
4.51
4.48
0.72
2.69
2.22
3.46
4.52
4.23
4.75
4.72
3.74
3.03
0.53
2.81
2.83
2.16
0.28
2.85
0.2
4.99
3.43
4.87
2.84
0.31
1.68
2.64
1.38
2.82
4.52
4.72
1.96
2.87
0.82
3.14
4.45
2.22
1.98
4
4.01
1.94
3.32
4.8
4.76
1.69
4.69
2.25
1.27
4.98
3.64
3.6
0.18
2.24
1.98
4.37
1.19
0.53
3.16
2.04
2.58
1.73
4.16
1.01
0.52
2.71
3.78
2.42
0.63
0.98
0.34
2.32
3.46
4.97
0.81
2.66
3.04
2.15
3.45
3.15
3.65
4.23
1
1.49
2.36
0.42
3.23
3.37
1.42
0.04
3.6
2.67
3.45
3.16
2.21
1.69
3.83
0.06
3.99
2.83
1.59
3.36
2.81
1.7
0.73
4.1
0.15
3.97
1.06
3.01
1.92
3.13
0.99
4.1
4.84
4.95
0.83
1.01
4.11
0.3
0.65
2.41
0.09
3.56
0.3
3.1
2.56
1.47
1.66
1.83
3.68
1.96
2.52
4.49
0.66
1.06
1.36
1.22
3.71
1.45
1.83
2.99
2.53
0.74
2.04
3.05
0.56
0.82
1.76
1.32
0.37
4.96
0.65
4.81
0.17
4.91
2.12
0.68
0.04
1.23
0.49
1.26
1.13
0.19
1.02
2.74
2.84
0.15
2.34
4.28
3.97
3.29
1.19
1.41
4.37
1.2
0.82
3.5
3.49
4.04
1.63
0.99
3.68
0.77
3.89
4.43
3.8
2.09
0.51
3.5
0.61
1.94
2.33
4.43
3.28
1.17
4.84
0.82
4.47
3.78
4.06
0.39
4.62
4.94
3.56
1.37
4.1
3.8
4.41
3.55
1.25
3.99
0.83
2.12
3.04
0.05
4.41
0.99
2.83
3.12
1.33
4.54
0.12
3.35
4.73
4.34
4.2
3.56
1.16
3.16
4.89
3.32
4.53
0.03
4.34
3.4
3.13
0.75
3.6
1.02
2.77
0.5
0.87
4.19
0.37
3.04
3.61
1.68
3.03
4.3
4.93
4.63
2.83
1.5
1.19
1.66
2.42
0.62
1.55
0.26
2.29
1.29
0.56
2.69
4.57
2.42
3.14
0.36
1.07
0.58
3.77
4.64
3.85
3.56
3.03
3.15
0.47
0.18
1.81
4.36
2.8
3.51
2.95
1.39
1.79
2.01
2.01
1.6
4
0.46
1.26
1.97
3.91
4.01
1.15
3.61
1.69
0.83
2.37
0.63
1.33
4.28
2.5
3.09
3.59
3.22
1.71
2.79
1.9
4.43
2.98
3.07
2.54
0.21
3.25
4.91
0.9
4.21
4.36
4.9
1.79
3.23
3.53
4.52
3.27
2.17
4.77
4.07
0.7
3.76
3.01
1.47
1.65
0.88
4.36
0.02
1.35
3.49
3.82
1
1.54
2.29
4.3
4.64
1.59
1.46
2.48
3.92
4
1.64
2.36
2.15
1.79
1.16
2.3
3.12
1.53
4.65
0.81
3.03
2.88
2.14
4.17
0.1
0.14
1.67
0.95
2.72
4.65
1.26
4.64
0.6
2.84
4.52
0.03
1.51
2.19
3.84
4.06
0.91
4
1.79
2.55
2.16
0.71
3.55
2.3
1.57
3.41
2.69
1.97
0.02
4.97
2.73
4.64
4.07
1.71
2.17
3.56
2.58
0.74
0.77
4.29
4.81
3.42
3.38
0.68
0.96
1.79
3.2
5
1.84
4.15
0.59
1.72
2.41
1.2
1.83
4.76
0.63
4.36
1.26
2.33
4.04
1.59
0.63
4.32
2.91
1.61
2.46
2.58
2.59
0.61
3.84
0.88
4.45
3.36
0.05
3.28
4.2
0.81
1.35
2.16
4.19
3.12
4.17
3.79
3.29
5
0.07
2.61
2.48
1.8
3.02
0.35
1.19
1.42
4.13
4.83
3.92
0.64
2.97
4.43
4.05
4.97
3.39
3.9
1.84
2.86
3.23
4.06
1.71
2.11
1.66
2.96
2.26
1.82
3.73
1.25
4.44
1.43
2.66
0.78
0.42
1.56
3.09
1.7
3.51
0.56
4.86
4.71
3.25
0.47
4.95
4.36
1.89
4.05
3.31
1.61
2.78
1.38
0.51
3.85
0.94
0.87
1.33
2.44
1.49
2.48
1.63
0.99
4.54
4.85
0.84
1.65
2.62
2.01
0.7
0.27
3.33
2.13
4.53
3.33
3.56
1.51
3.77
1.38
4.28
2.41
4.28
1.99
0.42
0.03
3.77
4.19
1.22
0.11
2.83
0.19
2.11
2.33
3.28
4.85
1.29
4.59
4.08
2.64
3.19
3.81
3
3.64
0.26
3.4
2.31
0.98
4.12
2.1
0.93
3.14
0.77
1.03
0.4
1.88
1.2
2.56
3.99
1.48
0.76
0.88
2.98
4.42
4.89
4.67
2.52
2.99
1.94
3.32
5
2.26
4.26
2.37
1.6
3.98
4.74
2.44
3.39
0.77
4.82
3.22
2.73
3.61
3.13
3.36
1.09
3.43
0.38
4.23
4.18
3.81
0.65
2.78
1.68
3.9
3.46
3.95
4.38
2.38
4.05
1.29
2.68
0.55
4.01
4.72
3.62
2.64
3.66
2.38
1.03
2.96
4.52
4.21
2.66
2.86
3.21
3.06
0.35
2.12
0.07
2.58
3.62
0.92
3.46
0.14
4.9
2.87
2.4
2.17
0.09
3.12
1.36
2.14
1.65
2.86
2.3
4.11
2.09
2.63
2.07
1.99
1.68
0.06
1.97
4.1
1.31
1.83
0.72
3.06
1.11
1.41
1.05
0.16
2.99
1.4
3.6
0.4
4.57
2
2.92
0.54
4.68
0.43
1.42
3.81
0.68
3.74
3.95
4.82
1.56
1.46
0.33
1.53
1.09
4.14
4.88
4.33
3.45
0.65
2.93
3.08
3.09
1.56
1.08
0.13
3.09
1.3
3.52
1.02
0.21
2.98
1.47
4.9
1.61
4.39
0.13
0.77
1.91
3.86
2.13
0.87
0.95
3.44
0.99
1.86
2.16
0.17
4.02
2.34
2.89
1.06
3.59
3.7
4.79
2.54
3.21
2.84
3.3
2.8
1.53
3.43
1.58
0.88
0.13
0.6
3.6
1.19
0.36
1.14
1.55
2.57
4.48
0.51
4.76
0.21
1.53
2.38
1.18
2.05
1.2
3.22
2.42
2.2
3.93
4.58
2.26
3.79
4.26
0.06
2.37
3.47
1.91
4.55
4.64
0.31
2.03
3.74
4.75
3.74
1.93
4.46
1.88
1.72
0.73
1.51
0.65
3.8
0.93
1.04
3.6
1.84
4.04
1.38
0.93
1.09
4.77
0.92
3.81
0.08
2.39
3.89
4.36
0.86
3.08
1.42
4.65
3.6
4.84
4.85
3.58
3.71
4.46
4.64
0.15
4.84
0.96
1.31
2.74
2.96
0.72
4.42
1.54
2.53
2.46
3.88
3.9
1.8
2.57
4.21
3.65
4.38
3.75
4.55
0.77
4.2
0.86
4.07
4.44
0.83
4.9
3.16
4.85
4.87
1.57
2.66
4.02
4.8
2.48
3.75
3.13
3.18
0.43
1.77
3.04
2.94
1.12
0.58
4.39
2.28
1.31
1.24
2.69
1.37
4.4
4.35
0.74
3.1
4.54
1.8
1.1
3.79
1.54
0.78
1.08
3.48
3.37
4.36
1.59
4.87
2.79
2.8
3.95
0.8
1.83
4.16
0.48
3.44
3.93
2.74
3.24
4.39
0.82
2.3
4.43
3.47
3.57
2.75
0.46
3.62
1.91
4.91
4.14
0.91
1.64
0.35
0.18
4.97
0.81
4.23
4
3.71
1.19
0.09
1.12
1.38
4.64
0.77
0.48
0.38
3.7
4.96
0.74
4.92
1.68
2.7
2.23
0.69
4.03
1.82
3.14
2.43
2.87
4.02
1.64
1.15
0.67
1.36
0.53
3.26
4.21
4.12
1.11
2.83
4.44
0.11
4.52
2.72
4.8
2.46
2.01
0.06
0.24
2.69
3.88
0.24
1.22
4.26
0.44
2.21
2.8
2.8
2.21
2.57
4.32
1.78
4.57
3.1
4.51
0.27
0.41
1.31
0.7
3.33
4.06
3.19
1.16
3.21
3.14
1.7
3.36
4
1.59
2.96
2.67
1.16
4
4.31
2.33
1.22
1.25
2.14
2.1
1.75
2.28
2.19
1.28
2.34
0.48
4.57
4.36
1.49
0.66
4.42
1.12
0.75
3.48
1.57
2.04
3.86
4.62
3.28
0.2
4.74
4.67
1.43
4.32
0.82
0.85
0.14
0.17
3.69
3.63
2.32
2.64
2.79
0.15
3.74
2.59
4.82
3.02
4.3
4.56
3.1
3.97
3.83
0.34
4.14
4.51
2.62
1.62
3.84
2.49
1.91
1.96
2.43
1.3
3.11
4.46
3.46
1.47
0.8
3.35
4.11
3.09
3.12
3.65
3.97
1.45
4.2
3.84
2.21
1.85
0.87
0.51
1.57
4.93
2.81
2.39
3.5
2.59
0.78
4.38
0.85
1.17
3.95
2.09
0.58
4.14
3.23
3.73
3.64
3.03
0.32
3.82
4.52
3.47
2.54
0.17
3.17
1.21
4.13
2.92
4.04
0.51
2.25
3.3
1.55
4.49
4.48
1.56
2.76
0.73
5
4.78
0.13
3.16
1.83
1.16
2.49
3.37
2.45
2.27
1.84
0.3
2.92
0.17
2.3
4.35
2.8
1.71
4.37
3.49
3.66
1.54
2.04
3.56
4.88
3.42
1.21
4.41
4.22
1.18
2.19
2.94
0.67
4.89
3.33
4.68
2.92
4.65
2.57
1.54
0.44
0.69
3.34
1.41
2.38
3.85
4.84
4.59
0.6
3.99
1.25
1.55
0.1
2.54
4.03
3.02
4.31
2.65
4.19
1.08
2.28
2.21
4.97
3.3
1.26
1.99
1.53
2.17
4.94
0.74
2.18
0.99
2.79
3.74
3.09
3.89
4.11
3.9
2.66
0.27
0.52
1.4
4.38
1.25
2.72
4.95
0.28
1.21
3.06
2.11
1.1
0.45
0.68
4.18
1.49
4.8
4.84
2.85
0.32
2.25
4.33
0.09
4.09
0.63
0.66
1.46
0.98
4.38
2.71
1
2.33
1.01
2.94
4.89
3.93
3.48
0.72
1.23
2.32
3.57
1.61
4.01
0.85
0.43
0.22
4.35
2.49
0.93
4.52
4.97
3.8
3.14
3.42
3.2
1.98
1.92
0.28
1.13
3.99
3.04
1.2
1.81
4.66
2.93
