4.8
4.47
2.59
1
3.72
0.04
2.06
1.92
0.36
4.48
2.11
3.49
1.17
2.27
2.4
3.38
3.61
4.51
1.37
2.65
1.47
4.79
0.53
3.77
4.64
3.89
1.27
4.59
4.02
3.32
0.53
4.38
2.36
2.62
1.55
4.4
1.62
0.13
1.89
1.54
2.16
2.14
3.15
1.06
2.29
0.3
2.33
2.79
1.28
0.14
2.28
3.54
3.72
4
4.41
4.36
0.65
2.95
0.14
0.92
1.13
0.71
0.19
1.95
4.27
0.45
3.43
2.83
0.92
3.44
2.68
4.46
1.06
0.27
3.9
4.69
3.45
3.5
0.5
0.17
4.49
0.61
2
4.38
2.77
2.15
3.88
4.64
1.65
1.04
4.63
2.28
2.39
2.66
0.28
0.1
3.45
3.92
0.77
0.55
4.24
3.89
1.14
2.19
4.79
3.33
2.78
3.6
1.83
3.25
1.28
1.48
0.76
4.03
4.43
3.7
4.75
3.77
0.67
1.96
2
1.17
0.14
2.8
3.4
3.1
4.3
3.37
0.01
3.01
0.58
4.55
2.91
0.13
2.33
4.75
2.42
2.57
3.77
1.93
4.74
3.79
0.67
0.47
4.65
1.74
4.14
2.72
3.46
4.17
1.51
4.77
0.09
1.21
4.98
0.29
3.12
4.54
2.72
3.52
3.28
0.68
0.43
3.72
1.22
4.5
4.66
3.88
3.3
2.33
4.38
1.47
3.18
3.84
3.57
3.77
4.09
2.43
0.77
2.57
0.19
1.96
1.22
4.84
3.45
3.33
3.79
0.65
4.1
1.13
0.39
2.15
1.1
2.06
1.15
3.76
4.73
4.67
2.19
0.67
4.37
3.09
4.95
2.87
2.39
1.39
3.99
0.18
2
0.7
0.82
1.37
4.65
2.25
1.83
3.39
4.83
0.61
1.92
2.46
2.94
4.77
1.83
0.37
0.63
2.24
0.81
3.31
3.53
0.96
0.03
4.76
2.39
0.44
1.13
2.67
1.92
4.49
1.41
3.34
2.3
2.48
4.34
0.03
1.31
0.23
2.91
1.42
0.57
3.6
0.16
1.23
4.84
3.59
4.68
3.17
1.4
0.25
0.8
4.79
4.65
4.74
4.03
0.21
3.63
2.48
3.06
0.09
0.88
3.79
3.35
1.15
3.85
0.17
0.63
0.9
0.7
0.27
1.13
2.78
3.72
4.59
3.41
1.6
4.38
3.12
0.77
2.87
4.34
0.07
4.57
1
2.16
1.47
0.17
4.07
2.22
4.32
1.53
2.38
1.66
4.15
0.58
2.61
3.6
1.15
1.31
2.27
0.63
4.06
2.44
0.55
1.15
4.62
2.38
0.27
4.8
2.91
4.12
3.02
0.32
0.93
3.81
3.45
0.17
0.92
3.66
4.83
1.41
0.54
2.54
1.62
2.05
3.67
1.86
2.28
2.22
3.6
4.56
0.35
2.31
2.67
2.23
4.74
4.68
2.39
2.09
2.47
0.01
2.98
2.39
3.46
1.8
0.92
0.77
4.63
4.67
0.26
2.52
1.02
2.12
3.05
4.35
4.99
0.27
0.17
3.46
3.49
0.98
3.6
2.92
4.09
2.81
1.66
3.25
4.46
4.7
4.04
1.52
2.34
4.66
2.23
4.53
0.31
1.66
4.88
2.53
1.01
4.32
2.29
0.07
0.97
0.73
4.93
3.84
1.74
2.53
3.04
4.87
4.59
4.07
3.02
4.87
1.88
3.43
0.83
4.74
3.12
1.12
2.55
1.73
1.31
3.06
4.87
0.83
2.4
3.92
0.63
2.72
3.69
0.16
4.21
3.7
0.64
2.98
2.45
1.15
2.77
3.03
4.79
2.71
2.11
2.05
3.16
2.88
3.03
2.66
2.2
2.96
1.33
0.16
2.76
1.27
4.94
0.46
4.17
0.41
0.15
3.82
2.35
0.24
3.95
3.74
3.51
2.78
4.68
2.54
4.06
2.52
3.14
0.05
3.71
3.16
0.17
0.77
1.18
4.39
1.14
0.15
4.82
5
3.92
4.96
0.73
3.82
4.64
0.78
2.9
2.63
2.1
4.45
1.21
2.27
3.35
1.57
0.32
0.46
0.04
0.12
4.95
3.33
3.25
4.19
0.54
4.89
3.36
4.72
4.25
1.81
3.06
4.15
4.59
3.04
2.55
1.44
3.32
0.83
2.23
3.76
0.83
1.81
0.82
1.87
0.7
4.28
1.46
0.62
1.21
2.88
3.63
1.21
3.13
2.71
0.16
1.56
1.37
2.46
3.47
4.32
2.76
0.26
2.21
2.28
4.55
4.72
3.18
2.26
1.39
0.49
4.38
4.75
2.15
4.27
4.6
1.13
3.64
0.93
0.55
1.42
0.29
3.18
1.62
1.41
2.76
4
2.63
0.84
2.39
4.65
3.03
1.67
4.09
4.79
3.25
3.13
0.79
3.2
1.23
2.03
1.21
4.58
3.44
1.4
0.04
4.5
3.99
4.57
3.03
3.95
2.53
3.01
4.69
0.6
4.59
4.27
3.68
2.61
4.55
3.87
1.25
2
3.19
0.2
4.89
2.71
4.37
0.02
1.11
2.23
4.05
2.84
0.42
1.23
1.46
1.92
4.23
4.64
1.94
4.38
4.27
0.4
0.24
0.24
2.56
2.42
2.57
4.15
1.09
0.01
4.86
1.51
3.02
2.96
4.88
4
2.13
0.19
1.38
1.89
0.81
2.74
0.17
0.6
5
4.05
3.8
4.16
1.47
1.67
2.42
4.4
1.09
4.22
4.56
1.95
1.56
0.83
2.51
3.99
2.41
0.18
4.08
3.95
2.99
3.34
1.21
2.95
1.71
3.83
2.34
0.11
1.25
3.81
0.41
4.69
0.78
0.44
2.96
4.33
0.24
2.14
4.37
3.84
4.49
0.27
0.48
1.1
4.83
2.88
1.66
0.3
1.17
1.21
0.88
1.41
1.3
4.95
3.46
0.68
1.5
1.43
0.3
3.82
3.39
4.41
1.02
1.33
1.48
4.82
2.29
1.5
0.51
1.2
2.94
2.03
2.91
4.84
4.29
4.14
1.82
2.65
1.74
1.27
2.34
2.32
4.91
0.03
0.49
4.41
3.5
4.26
3.09
3.06
0.53
4.41
0.94
4.17
4.35
0.67
4.61
0.56
1.14
4.82
0.05
2.19
4.48
2.9
3.72
4.54
3.69
1.57
0.57
0.5
0.57
2.96
2.36
4.2
3.16
4.68
2.79
3.7
2.51
1.93
3.82
3.72
3.12
2.16
2.35
3.71
0.65
4.81
4.2
1.07
1.43
0.69
2.74
3.93
2.75
2.03
0.95
4.27
4.69
3.73
3.68
0.74
2.55
2.15
0.35
1.35
1.76
0.19
3.57
2.72
3.28
0.5
0.87
0.44
4.06
0.57
1.56
0.72
4.33
3.47
4.3
3.17
3.66
1.95
1.53
2.41
0.24
0.11
2.11
4.5
1.76
2.13
0.48
3.63
1.95
2.79
0.15
0.15
0.16
1.06
0.44
2.41
4.81
4.31
1.36
3.67
3.77
2.43
4.36
3.2
0.26
3.77
2.47
0.28
1.01
4.41
0.28
1.95
3.63
1.43
0.28
1.74
4.05
0.95
1.3
1.76
3.23
0.31
1.35
4.68
1.37
4.82
2.26
2.36
2.31
3.04
4.3
0.96
3.26
1.09
2.36
3.31
4.37
4.94
4.54
2.14
2.56
2.97
0.74
2.06
3.21
0.8
2.84
3.79
3.34
2.89
0.92
2.22
0.53
0.41
2.9
0.18
3.47
1.36
2.93
3.41
3.4
1.45
2.73
3.68
2.59
0.13
0.53
0.01
3.44
0.89
2.37
0.63
2.88
2.59
3.95
2.13
1.83
1.7
2.09
2.31
0.89
1.3
4.74
3.52
2.13
1.09
1.21
3.55
4.43
3.32
4.96
4.36
1.15
3.04
4.17
2.54
1.38
1.22
4.7
3.4
0.86
4.18
2.72
3.76
4.09
1.47
3.44
1.65
0.63
1.37
4.43
1.14
0.54
2.88
1.55
1.7
3.82
2.82
3.12
4.28
3.01
1.85
1.95
0.1
2.49
4.94
2.64
0.15
1.42
2.87
1.3
0.97
0.17
0.68
4.7
4.46
1.35
1.03
1.23
3.12
1.45
0.35
4.37
4.84
2.91
0.78
2.14
3.09
1.71
0.89
0.83
1.92
3.29
0.14
2.43
0.62
0.44
0.32
3.56
2.27
1.02
4.08
0.01
3.58
1.26
3.07
3.28
2.14
1.72
0.12
0.97
4.42
1.76
2.92
4.67
4.02
0.12
0.25
0.79
1.33
4.64
2.65
4.69
0.99
4.22
1.46
2.87
4.99
0.19
1.93
0.6
1.65
3.28
1.01
2.47
2.95
3.57
2.49
4.8
4.85
1.61
0.71
2.93
4.71
3.01
2.59
3.72
2.65
3.52
0.45
1.28
3.04
0.06
4.21
1.08
3.68
1.74
4.88
0.76
4.82
4.32
2.89
2
2.31
0.57
4.2
4.53
0.78
2.47
2.21
3.22
3.43
1.38
2.77
2.78
1.15
0.88
3.55
2.47
3.99
1.05
2.4
0.08
2.69
3.63
2.93
0.24
3.04
4.26
1.13
2.82
3.76
1.57
1.31
0.15
3.79
1.41
2.81
2.67
2.74
2.53
0.35
1.04
4.89
4.96
3.57
1.58
4.06
0.43
4.77
2.71
3.39
2.78
2.31
0.33
4.57
1.15
4.31
0.59
2.38
3.82
0.42
1.27
1.13
0.91
0.13
3.53
4.2
4
2.69
2.13
3
4.02
2.51
2.25
1.82
0.63
1.73
2.89
0.09
0.24
3.09
2.87
3.06
1.85
2.57
2.38
2.73
0.13
3.2
0.56
3.02
4.34
1.66
1.53
4.6
1.27
4.17
0.62
1.36
1.41
4.73
4.15
0.54
0.43
4.2
3.25
4.42
3.23
3.02
2.64
2.58
1.72
0.86
4.81
1.43
4.02
3.88
0.68
2.16
4.35
2.88
1.98
0.21
3.64
3.11
4.85
4.55
1.86
3.34
3.88
0.09
2.89
1.48
1.38
4.09
3.93
0.83
4.79
0.01
4.26
1.06
2.39
0.48
2.49
0.94
3.57
4.83
1.25
1.08
2.6
2.81
2.91
0.09
3.41
2.98
4.77
1.19
4.8
0.26
4.53
0.62
1.27
4.01
3.55
2.49
1.58
2.37
0.33
3.82
2.8
2.26
0.45
4.95
3.1
0.61
3.21
3.6
1.7
0.13
0.28
3.11
2.44
0.89
3.67
4.79
4.84
4.47
1.05
4.47
2.72
3.97
2.47
1.29
1.03
2.76
1.17
0.39
3.6
1.66
0.78
2.38
1.68
1.62
3.76
4.68
3.4
1.02
3.98
2.68
3
2.5
3.17
2.03
2.98
4.22
3.82
0.91
3.92
4.88
0.98
0.64
4.17
3.46
2.53
4.32
2.27
2.16
2.55
1.64
3.61
1.93
1.01
3.65
3.04
1.6
1.59
3.71
4.99
1.91
0.85
3.75
2.85
2.7
1.9
3.64
0.69
1.41
3.33
0.41
4.15
1.08
3.91
1.14
3.58
1.36
3.76
4.66
1.85
0.82
4.47
0.8
4.87
0.64
0.73
2.27
4.84
1.88
3.31
3.28
4.79
4.2
0.06
2.86
0.7
3.55
2.65
3.7
1.49
0.84
1.83
4.08
3.48
4.85
2.42
0.23
4.64
3.52
3.43
4.15
1.53
4.95
4.56
0.21
4.82
1.86
1.14
4.91
1.75
4.54
0.24
3.6
1.06
0.06
0.71
1.83
1.02
2.74
0.38
1.56
4.01
1.36
0.49
4
0.29
4
4.97
3.92
4.93
1.32
3.26
1.95
1.42
1.34
3.8
4.16
3.75
3.18
3.13
1.55
3.95
3.99
3.47
0.41
4.42
2.14
3.57
4.57
3.61
3.18
0.18
3.11
4.24
4.72
0.34
2.05
2.73
3.42
4.02
0.21
3.63
2.32
4.02
1.97
4.78
0.97
4.68
1.65
0.23
0.78
2.79
3.38
0.79
0.67
2.51
1.33
2.65
2.54
2.38
3.36
1.87
0.59
2.4
0.81
1.8
0.51
2.85
3.71
3.91
2.35
3.2
1.4
0.03
0.42
2.39
0.01
2.57
0.38
2.42
0.78
4.37
0.32
1.54
4.98
5
2.91
3.67
3.33
1.86
4.33
4.25
0.03
4
3.37
2.75
4.51
1.37
2.25
0.61
0.68
4.37
4.89
4.98
1.01
4.51
0.98
4.45
4.95
3.05
1.01
3.64
2.71
3.57
3.28
0.71
1.85
2.88
0.83
2.59
0.6
3.22
1.4
0.22
1.04
2.53
0.38
0.04
3.62
2.69
1.37
4.05
2.71
2.79
0.51
2.14
3
3.38
3.66
1.99
2.31
1.93
1.86
0.04
4.77
4.35
4.95
1.94
2.29
4.3
3.7
4.7
2.89
3.19
4.58
2.58
1
1.43
0.92
2.54
3.16
0.47
2.83
0.21
3.67
4.96
3.12
3.48
3.13
4.6
4.48
4.79
2.31
1.87
2.39
0.52
1.85
4.93
2.47
0.88
0.26
1.02
1.75
2.16
1.56
1.66
2.64
0.35
3.04
0.27
4.74
0.77
0.57
0.01
4.67
1.85
3.26
4.1
3.3
3.57
2.35
0.45
0.92
0.51
4.04
0.56
3.11
2.62
2.37
2.43
3.95
4.23
2.67
0.92
2.76
3.76
3.87
1.1
2.58
3.57
2.16
1.96
1.21
3.02
3.69
2.21
2.41
2.95
3.5
3.2
3.37
1.97
0.65
2.41
1.52
1.1
4.23
1.67
3.57
1.35
1.18
1.32
4.72
1.71
3.48
2.57
3.26
3.83
2.44
3.84
1.8
2.07
4.75
3.85
1.56
0.36
3.9
2.16
4.64
3.18
3.39
0.21
4.56
1.33
2.68
1.12
0.16
4.63
1.75
2.9
1.64
4.08
3.86
4.22
2.82
0.99
2.45
2.96
1.42
3.88
2.71
3.16
2.86
2.21
2.58
4.51
4.29
0.26
1.21
1.19
4.16
2.38
2.03
3.7
2.28
1.35
1.54
2.05
2.27
2.86
1.07
1.61
1.09
4.28
4.86
2.88
2.68
2.29
1.91
1.77
3.09
2.02
2.05
1.94
3.91
1.33
0.98
3.72
0.51
4.99
2.5
0.93
0.92
2.38
1.2
1.64
0.92
4.73
0.75
2.88
1.45
4.51
1.77
2.95
0.63
0.51
1.05
1.03
0.22
0.03
1.88
4.11
1.26
3.31
4.76
4.48
2.3
4.4
3.71
3.41
0.92
1.69
4.68
2.17
1.36
4.39
3.46
3.14
2.15
2.66
0.94
3.86
4.25
3.78
0.7
2.99
2.54
2.49
0.86
2.97
4.31
4.45
1.08
4.31
3.05
4.92
2.3
2.06
0.19
2.35
2.42
3.52
1.69
2.51
3.65
2.13
1.83
3.92
1.27
3.82
0.48
4.25
3.82
4.17
2.93
1.83
4.03
0.31
4.83
0.59
0.31
2.86
2.24
1.02
2.94
3.03
1.76
2.59
0.81
1.3
4.66
1.62
4.95
3.5
4.76
3.61
0.58
1.52
0.76
1.31
1.71
3.12
1.5
3.15
1.83
2.82
3.87
2.09
3.9
2.98
2.08
2.74
1.01
3.93
3.54
2.62
4.48
4.05
4.19
0.23
2.28
0.42
4.43
2.76
1.14
1.46
4
2.23
1.28
4.45
3.3
4.6
4.68
1.95
4.63
1.58
3.56
1.17
0.16
2.32
4.93
1.87
3.36
3.97
2.06
2.56
3.82
0.67
2.01
1.17
2.14
1.06
1.09
1.38
4.3
1.33
0.07
3.64
3.6
3.39
2.93
3.91
4.41
3.49
4.48
0.1
3.6
4.76
0.2
4.18
1.41
3.44
1.28
3.81
4.67
2.06
2.46
3.77
1.33
3.36
4.11
3.47
3.87
3.78
3.7
4.45
3.45
4.29
4.35
4.01
4.33
1.69
1.66
2.71
4.45
3.12
4.19
3.51
1.69
4.97
1.28
0.3
1.4
1.71
4.66
0.82
3.22
0.85
0.12
3.73
0.85
0.75
2.94
3.08
0.93
3.91
1.37
2.6
0.87
0.79
4.69
0.7
2.52
0.94
1.19
4.58
2.71
2.82
1.07
0.66
2.06
4.7
2.65
2.42
1.9
3.09
4.08
3.22
1.43
0.49
1.84
2.54
3.93
2.55
4.63
3.87
0.5
0.27
1.93
0.19
3.69
0.89
1.68
4.29
0.03
2.6
1.85
3.3
4.87
4.5
0.4
0.69
1.32
0.01
0.44
2.45
0.23
4.17
3.48
4.87
2.98
4.77
2.89
2.73
4.15
4.8
3.68
4.43
0.88
3.44
1.45
4.75
0.35
2.15
4.73
4.57
3.96
0.43
4.64
3.73
4.76
1.12
3.44
1.59
3.64
4.19
2.67
2.87
3.16
2.2
4.83
0.02
0.36
1.05
1.18
3.91
2.84
0.28
2.67
1.02
3.22
4.87
0.6
2.17
0.04
4.69
3.31
3.2
4.48
0.63
3.99
0.95
2.52
0.1
1.63
0.34
4.31
4.01
4.61
3
0.47
0.66
4.95
2.88
1.95
2.63
4.11
2.84
0.7
0.79
3.17
4.24
4.78
1.46
3.18
4.89
0.16
0.57
4.93
4.48
4.7
0.54
3.38
1.06
2.56
4.9
1.05
2.48
3.75
3.27
2.34
0.63
0.3
3.77
0.25
4.12
3.61
2.16
1.31
1.88
0.3
2.29
0.24
1.71
3.38
4.54
1.13
3.31
0.64
0.88
3.03
2.98
3.88
2.4
2.9
1.8
2.32
4.77
3
0.57
0.57
2.32
3.84
0.33
0.85
2.91
4.68
2.55
4.3
1.38
4.04
2.14
1.67
2.43
0.24
0.11
1.11
4.69
3.23
0.05
2.34
0.98
1.56
1.29
4.82
1.99
1.24
2.11
2.14
4.46
3.55
3.77
2.73
0.3
1.12
2.98
3.84
2.88
2.04
3.38
4.47
3.68
0.5
1.5
0.52
2.17
4.58
3.99
2.03
1.05
3.63
4.71
3.64
3.53
0.27
0.53
2.23
3.53
0.4
2.58
0.33
2.07
3.39
2.82
1.82
2.25
2.89
3.17
1.5
1.4
4.26
0.06
4.25
4.52
3.24
2.88
1.5
4.85
1.21
2.96
3.02
3.81
2.03
3.86
1.91
3.78
1.2
4.73
0.19
1.67
3.77
1.5
4.89
4.04
2.46
3
2.42
2.7
3.1
4.4
3.31
4.61
3.54
1.78
0.13
0.16
2.01
0.66
4.96
1.63
4.72
1.15
1.4
2.6
3.42
0.55
2.8
4.61
4.22
2.82
3.55
1.77
4.75
1.95
1.77
3.41
0.13
3.89
4.87
4.68
1.84
0.43
3.45
1.47
2.65
4.86
1.83
3.87
3.18
4.64
1.5
4.63
0.61
1.22
3.44
4.85
4.34
3.86
3
3.91
2.08
2.94
4.92
3.53
4.8
0.15
0.43
4.52
3.24
0.48
3.01
3.56
2.82
4.3
3.39
1.45
0.61
0.44
0.01
2.82
1.61
1.33
0.29
3.9
3.27
0.74
4.91
3.55
2.96
4.13
2.17
0.72
0.08
0.35
3.93
4.39
0.58
2.4
3.35
3.55
0.46
0.59
4.51
4.36
3.21
0.96
3.81
3.33
3.94
4.37
0.85
1.63
2.74
0.54
3.47
0.15
1.9
4
1.64
0.27
1.7
0.02
2.54
2.31
3.82
4.53
0.91
4.95
3.36
4.5
0.05
0.6
0.25
4.47
4.85
4.12
4.89
1.93
0.2
3.5
2.32
3.3
3.83
3.94
1.3
0.54
3.34
2.07
4.83
0.22
4.34
1.45
2.62
0.71
1.81
4.75
4.66
4.03
1.43
2.55
2.2
4.66
1.3
1.76
2.73
0.24
3.82
3.09
2.23
2.75
1.92
2.78
2.05
1.16
3.54
4.47
0.48
3.46
5
4.51
4.72
2.44
4.58
2.45
3.49
0.62
4.08
2.04
3.63
2.28
1.44
4.17
3.59
2.52
2.34
4.06
2.34
4.41
4.05
1.17
4.53
4.81
1.3
4.19
0.49
2.51
3.13
2.47
2.02
0.23
1.58
1.4
2.49
2.35
1.42
4.6
1.19
1.04
1.44
2.14
4.02
4.75
4.02
0.56
0.9
1.63
1.17
3.95
2.7
0.73
3.76
3.69
4.12
3.38
4.3
0.59
0.34
3.84
1.85
2.16
3.3
2.11
4.98
2.24
0.69
4.4
3.62
1.78
2.82
2.71
2.24
2.68
1.83
1.68
0.5
1.33
2.06
4.26
3.48
2.7
0.4
1.86
1.73
0.99
0.1
3.49
2.69
2.23
0.92
1.08
0.88
1.61
2.85
0.65
1.19
1.07
4.64
2.63
2.91
1.5
0.81
4.04
4.69
0.41
2.51
1.23
3.51
0.57
0.75
1.43
0.31
0.59
2.91
1.48
1.83
2.14
3.03
3.12
4.69
0.48
3.93
1.48
3.39
3.42
0.72
4.52
2.08
4.08
2.27
3.61
0.65
3.37
0.48
3.76
3.41
4.01
0.88
0.93
3.4
1.07
2.24
1.93
4.13
3.5
0.69
4.36
0.73
4.88
4.46
0.45
0.59
0.36
2.68
3.29
2
1.4
2.39
2.35
1.42
2.56
3.44
2.68
3.85
0.25
2.37
0.76
3.26
1.06
2.94
3.89
4.08
1.07
