3.74
3.7
3.05
0.02
0.89
0.6
3.32
0.96
1.88
0.03
0.17
2.7
4.97
1.88
2.36
2.13
0.56
4.59
2.18
0.8
3.94
0.61
0.47
3.41
1.37
3.18
3
3.67
1.43
1.05
0.47
1.99
4.95
2.37
1.77
2.03
0.79
4.12
0.8
3.08
2.04
2.04
3.81
0.63
4.95
3.08
4.09
0.13
3.25
3.33
3.57
2.6
4.35
0.11
1.56
2.56
2.13
1.69
1.41
0.22
2.62
0.35
2.59
0.64
0.71
4.06
3.57
3.35
3.73
3.78
3.6
2.56
4.42
0.16
1.72
1.89
4.24
3.54
3.21
3.3
0.42
0.81
0.94
2.7
3.07
0.44
1.05
4.12
1.66
4.49
4.17
1.51
0.84
3.57
3.27
3.44
3.03
2.15
4.23
0.96
4.31
2.65
2.89
3.81
3.07
3.12
0.15
0.51
2.48
3.53
4.62
2.73
4.76
3.63
1.61
0.52
4.39
1.83
1.59
4.17
3.43
4.99
3.24
3.6
3.44
0.67
4.42
2.97
1.17
2.12
2.69
1.25
0.95
1.65
4.37
0.01
4.89
2.24
1.54
0.32
0.16
4.1
1.52
1.09
3.49
1.38
3.84
0.06
1.54
4.64
3.2
3.73
0.21
2.63
0.38
3.29
2.02
2.78
3.46
4.67
3.19
4.98
4.34
1.19
1.8
0.72
0.62
4.11
2.59
3.21
3.99
3.92
3.73
3.72
2.23
1.81
3.87
3.37
4.07
3.84
1.05
0.63
1.96
3.11
1.34
0.46
1.63
2.31
2.23
1.61
0.88
2.09
2.92
3.49
4.63
1.13
3.5
4.75
1.85
1.89
3.67
4.38
1.53
3.77
4.1
4.29
4.66
4.55
0.79
3.04
2.41
0.47
4.62
1.39
0.89
0.93
1.68
3.78
1.28
0.89
4.22
1.44
2.35
3.51
3.28
3.99
4.16
0.01
4.18
4.45
2.26
4.13
1.53
0.43
0.08
1.23
3.36
3.15
0.12
2.05
2.21
2.5
0.74
3.4
4.61
2.37
2.38
1.22
0.95
3.24
4.05
3.46
2.05
4.28
0.03
3.32
3.38
0.59
1.61
1.73
3.7
4.93
3.78
4.25
4.98
1.7
1.04
1.4
4.87
1.11
2.8
2.64
2.13
0.51
2.73
2.42
0.71
3.06
2.39
2.76
3.38
4.46
0.19
2.17
3.72
1.87
3.52
2.61
2.82
4.19
3.44
0.05
1.55
1.55
3.64
0.45
1.85
3.68
4
3.06
0.15
1.67
1.04
2.38
2.03
1.32
1.29
1.87
0.38
3.48
3.36
3.61
2.2
4.65
1.26
0.21
3.18
0.26
1.49
4.17
3.42
1.23
4.16
1.79
2.29
4.44
0.93
2.41
4.83
3.12
1.66
2.68
1.79
1.3
1.51
1.11
1.06
1.59
0.52
2.44
4.09
2.43
4.08
0.42
0.41
3.62
0.51
4.68
3.17
4.64
0.03
0.15
1.23
4.15
3.8
0.75
4.38
0.61
1.96
2.72
4.55
2.39
0.85
1.06
0.06
0.24
1.96
0.07
4.1
3.16
2.72
2.27
1.73
1.99
4.98
1.72
2.77
1.86
3.35
4.74
3.33
4.74
0.99
1.31
1.01
3.24
0.28
4.07
3.9
0.04
2.31
2.82
0.25
3.79
2.34
3.52
1.9
3.23
1.7
2.77
3.33
4.74
0.32
0.9
3.02
0.37
2.45
3
2.43
2.94
2.89
2.9
4.79
1.15
4.42
0.52
4.71
4.33
4.92
1.63
4.82
4.04
1.57
4.16
3
0.49
2.12
4.04
1.14
2.48
0.88
1.65
3.93
4.35
3.12
4.44
3.43
3.68
1.51
1.35
2.61
2
1.02
2.95
1.95
3.99
2.96
1.22
4.56
2.88
0.51
2.53
4
1.26
4.54
0.9
0.79
1.09
3.7
1.56
0.18
3.92
0.67
2.82
4.79
1.61
0.95
3.48
2.77
0.82
3.59
1.68
4.71
1.8
2.35
4.24
3.56
3.04
2.23
4.25
0.32
4.79
2.31
2.59
4.37
4.44
3.51
1.48
0.73
4.46
3.61
3.1
4.67
0.72
1.78
2.16
4.66
0.43
1.1
1.66
0.08
2.81
3.22
2.4
0.63
1.47
0.18
2.33
4.35
3.34
3.8
0.91
3.88
4.27
1.91
0.29
3.88
2.36
4.14
1.41
3.79
2.25
4.56
3.29
1.81
3.53
3.85
3.84
1.78
0.96
0.76
3.34
1.5
0.55
2.51
0.17
4.3
0.73
2.85
1.78
2.18
2.07
2.86
3.63
0.33
4.87
3.52
4.15
3.12
3.38
4.87
3.83
1.45
4.82
2.18
2.86
0.69
0.66
0.56
0.93
2.62
0.78
2.66
4.34
4.39
2.28
3.57
3.02
4.58
3.85
0.3
2.66
4.43
2.96
1.13
2.96
1.02
3.64
1.85
3.74
3.13
1.72
3.27
0.1
0.9
2.58
1.48
1.49
0.12
2.93
2.5
1.03
3.9
3.17
4.18
4.76
0.07
0.82
3.01
4.21
0.31
3.25
2.39
2.29
3.56
0.51
0.5
0.42
0.08
2.09
2.17
1.48
4.92
1.59
1.78
1.98
0.28
0.76
1.02
3.3
3.69
4.7
3.26
3.84
3.18
4.91
1.5
3.61
2.82
4.35
3.29
4.33
0.88
1.98
0.54
0.23
2.29
4.89
2.54
0.07
0.26
0.95
4.81
0.34
4.12
1.96
0.77
4.01
1.21
2.18
2.99
1.57
3.14
0.66
4.87
2.83
2.39
0.5
3.34
0.37
1.52
1.41
3.39
0.66
1.96
2.55
0.64
0.5
2.3
0.44
2.81
4.47
0.28
2.01
3.74
0.59
0.27
0.82
4.73
2.03
4.25
3.83
4.59
1.29
0.59
0.51
0.79
3.19
2.37
1.84
3
2.66
0.52
1.52
0.13
3.5
2.92
3.12
1.28
2.19
0.66
4.63
2.53
1.95
1.94
3.3
4.9
2.44
3.25
1.32
3.53
4.56
0.07
1.25
4.59
0.73
1.2
1.99
0.5
0.27
2.16
1.01
3.49
0.92
0.37
4.43
2.77
2.95
3.98
1.74
2.09
3.25
4.37
2.79
4.67
1.97
3.28
4.54
1.56
3.68
4.01
1.14
2.69
2.41
2.93
3.85
4.61
1.35
1.31
4.24
4.2
4.2
3.72
0.01
0.09
2.52
0.8
3.05
4.06
1.65
2.93
1.76
2.83
2.87
3.89
1.54
2.9
2.31
4.24
4.99
4.58
3.28
4.43
1.57
3.93
3.33
3.44
2
4.73
4.9
0.29
4.52
3.54
2.18
4.8
3.72
3.14
2.09
3.01
0.78
2.34
2.96
1.79
0.92
4.67
1.55
2.66
4.82
4.14
1.46
3.25
2.99
0.65
1.91
3.72
1.45
1.85
2.22
3.02
4.89
0.24
3.44
3.12
4.19
3.81
3.04
3.06
0.18
2.1
0.49
4.47
2.55
2.43
1.65
3.19
3.45
3.3
0.94
0.19
4.02
1.3
1.04
2.14
2.99
0.77
3.43
0.4
0.75
3.87
3.59
1.31
3.2
3.16
2.13
1.33
1.61
0.52
2.86
3.63
1.52
1.24
1.41
0.33
1.65
3.98
4.58
4.79
3.4
0.63
3.14
4.56
4.33
0.59
0.09
0.17
2.1
0.25
0.51
4.25
1.64
0.63
1.6
0.28
0.3
1.58
0.99
4.41
1.6
4.01
0.42
2.6
3.96
3.2
4.9
0.48
4.38
0.76
0.09
1.02
2.27
3.52
3.26
2.49
3.07
1.65
4.43
2.1
4.16
4.75
2.12
2
2.39
4.69
1.33
4.19
2.7
4.68
3.11
2.8
4.34
3.25
4.39
4.92
0.81
4.32
0.8
0.93
3.18
0.87
3.34
1.06
1.61
3.51
4.92
3.22
0.54
2.34
4.47
1.76
0.58
3.84
5
3.49
2.3
0.2
4.2
2.95
3.45
2.35
0.09
3.56
0.59
4.16
1.59
4.56
0.42
2.66
3.51
1.17
2.09
3.5
4.02
3.15
4.26
0.39
0.94
2.57
1.75
1.82
1.91
0.22
3.81
2.42
0.64
0.36
3.96
2.98
2.32
1.25
5
2.04
2.8
3.98
4.94
2.31
4.45
4.25
3.54
1.13
2.31
4.63
4.49
1.03
2.23
3.9
4.61
0.93
2.81
0.08
1.24
0.77
4.33
1.71
1.64
2.82
1.66
1.59
2.82
2.51
4.92
4.13
3.22
1.84
3.58
4.17
1.75
1.83
3.53
0.66
0.8
3.72
3.86
0.86
1.05
2.41
4.46
0.53
2.12
0.82
1.91
4.89
0.98
3.78
1.17
3.05
4.38
1.89
1.89
2.61
4.49
1.63
1.35
3.02
4.41
1.3
1.6
2.34
2.9
0.17
4.96
2.56
2.53
3.8
1.68
0.17
0.13
0.92
4.44
0.85
3.94
2.42
3.68
4.58
1.7
2.18
3.03
2.32
2.22
1.99
2.9
2.87
1.73
4
4.54
3.95
3.44
1.36
3.31
4.25
2
0.13
4.68
2.17
3.78
3.7
4.35
0.05
1.41
1.71
0.38
3.65
2.84
2.69
3.48
2.98
0.7
2.87
4.64
2.97
0.54
2.62
0.44
0.27
2.96
4.95
0.9
3.5
3.72
4.46
0.15
3.03
2.09
2.74
3.66
2.54
3.86
2.35
3.51
2.71
0.4
3.91
0.72
1.07
0.29
0.03
4.17
0.13
1.68
2.3
2.29
3.84
1.12
1.62
0.97
0.06
1.17
4.23
1.7
4.99
4.4
4.04
4.87
0.84
4.26
3.32
2.21
1.39
1.07
0.27
4.13
3.55
4.66
4.79
1.26
2.79
1.2
2.47
4.86
0.45
1.64
4.26
4.21
0.75
0.74
1.5
3.15
3.29
0.66
1.79
1.77
4.56
4.09
0.32
0.05
4.17
1.91
3.19
2.3
0.74
2.9
2.39
3.31
3.09
1.26
0.21
4.47
0.57
4.02
2.52
0.11
4.21
3.24
2.92
2.21
1.51
1.66
1.98
4.28
4.46
1.63
3.49
3.95
3.72
1.3
4.12
2.41
0.12
1.06
4.93
2.69
0.63
1.94
2.79
4.7
3.1
2.64
3.62
2.35
2.31
0.66
4.91
1.77
2.18
3.18
0.21
0.49
1.45
1.91
2.11
0.88
1.3
3.12
0.18
2.28
4.42
1.74
3.64
0.06
1.13
5
1.95
3.44
4.72
2.34
1.14
4.1
1.45
0.89
1.41
0.47
2.35
4.93
1.89
3.37
0.15
1.56
4.89
1.28
4.39
1.7
0.32
2.99
2.35
4.36
2.75
2.71
1.94
4.6
2.93
0.8
1.64
2.15
3.18
3.76
1.87
1.1
1.49
0.97
4.76
2.39
2.79
2.42
4.62
1.19
3.98
1.92
1.38
2.58
4.12
0.98
3.08
4.61
2.35
1.63
0.53
3.72
2.79
4.11
3.82
4.42
4.83
0.32
4.34
4.83
3.24
0.09
2.69
2.84
0.64
4.23
2.93
2.3
4.75
2.74
0.79
3.02
0.28
3.73
3.88
3.29
4.43
3.89
0.27
2.92
2.06
3.99
3.73
4.44
2.28
0.87
3.16
2.05
0.25
4.57
0.96
4.94
0.32
4.64
3.77
4.89
0.48
2.73
0.42
1.91
4.3
2.63
1.53
0.65
4.41
4.3
1.66
0.54
3.4
0.02
1.16
1.29
0.53
4.25
0.05
0.79
3.74
4.19
2.57
1.85
2.24
4.68
2.92
1.28
1.22
2.94
1.19
0.68
5
4.9
2.92
1.67
2.11
4.76
3.76
3.25
1.33
0.63
3.29
3.04
4.1
2.5
4.48
4.91
4.36
0.71
4.67
3.29
4.91
2.5
1.76
3.46
1.09
1.85
2.89
3.42
2.77
2.4
2.39
3.02
1.12
0.96
4.95
0.45
3.41
3.08
2.63
4.03
3.49
0.18
4.6
1.64
1.25
4.44
4.34
0.64
1.39
0.09
0.02
2.89
0.1
2.64
4.45
0.96
2.04
2.27
0.96
4.58
0.09
1.03
4.95
1.23
1.82
2.57
0.12
4
3.48
4.47
4.02
1.13
4.05
3.5
1.79
1.52
1.89
0.93
0.96
2.93
2.43
2.05
4.1
1.75
2.15
0.35
2.13
2.18
1.36
1.71
3.21
3.89
4.61
2.57
1.25
4.26
2.06
1.59
3.37
4.19
1.48
2.82
1.16
4.76
2.22
4.24
1.62
1.7
0.53
1.25
2.79
4.04
3.17
3.62
1.01
3.32
1
2.47
4.54
1.57
3.36
3.37
2.53
1.45
3.84
2.69
0.93
2.07
3.51
4.37
1.23
3.43
4.21
0.78
1.66
1.69
2.34
3.04
4.8
3.45
4.89
1.37
0.4
3.99
1.14
0.85
4.82
2.97
2.97
0.01
2.59
3.01
3.86
2.73
2
1.94
0.31
1.24
3.86
4.43
2.52
4.93
3.57
1.01
1.5
4.37
0.54
3.78
4.48
4.13
3.82
4.73
1
1.55
2
2.43
4.58
2.17
0.25
4.21
0.72
4.12
4.81
4.49
3.59
1.04
3.22
0.2
4.17
3.66
0.28
3.94
3.1
3.3
2.32
3.02
3.17
1.67
4.3
2.16
0.13
2.1
1.91
4.23
0.52
1.71
1.72
1.38
0.93
3.77
3.15
3.27
3.93
4.02
2.14
3.39
2.41
1.91
1.93
1
2.54
2.98
3.53
3.43
1.74
3.24
1.87
1.88
1.24
2.18
1.11
1.79
3.29
0.32
2.05
2.06
1.61
0.31
4.82
1.51
4.91
2.91
3.86
3.02
0.78
3.79
1.64
2.43
2.94
2.68
4.33
0.88
2.64
2.48
4.9
3
0.47
2.22
0.22
2.22
1.21
4.78
3.07
2.48
3.55
1.72
3.78
2.15
0.9
4.35
0.36
1.74
1.1
1.29
1.17
2.62
0.31
0.29
1.27
1.24
1.99
3.41
1.22
3.79
2.88
4.69
2.01
4.96
4.32
3.74
1.47
1.67
1.91
0.19
3.23
3.68
2.88
0.15
2.09
3.11
2.16
3.38
1.15
2.75
3.25
3.58
4.65
4.6
0.33
3.38
2.83
3.44
0.08
4.5
2.17
2.04
2.86
2.81
3.89
3.26
2.73
1.04
1.72
0.56
3.71
0.47
4.8
3.83
1.41
4.29
1.25
4.3
4.15
0.04
4.73
0.44
3.08
3.32
1.88
1.45
0.75
4.53
0.41
3.31
0.75
1.67
2.12
3.34
4.81
1.83
2.94
3.69
4.19
4.39
0.38
0.15
4.81
1.09
2.33
3.9
2.73
0.65
0.99
4.54
0.8
4.51
4.39
3.22
0.84
3.71
4.69
2.69
2.27
1.31
2.28
1.05
0.34
0.83
0.62
0.86
1.81
1.51
3.04
3.15
4.1
0.32
4.79
3.1
0.54
1.66
2.81
0.57
0.67
3.06
4.95
1.38
1.38
4.04
3.27
0.84
1.26
0.33
1.8
4.29
4.98
4.1
2.77
1.25
0.63
1.36
0.94
3.61
3.77
0.69
1.91
5
4.1
3.71
2.16
4.87
1.29
0.07
0.88
3.84
0.57
0.25
2.47
3.85
3.74
1.28
1.61
0.28
1.54
3.51
3.38
4.38
1.08
3.37
4.96
0.51
2.87
1.79
3.06
3.87
0.4
1.97
0.49
4.45
0.9
0.88
2.06
2.01
1.71
3.09
3.12
1.04
3.97
2.85
0.96
1.96
0.29
1.73
4.93
1.84
1.65
2.83
3.57
0.67
4.92
0.7
0.82
4.79
4.31
1.88
2.35
0.19
1.65
1.66
3.68
4.57
1.88
3.7
1.43
4.12
2.84
1.52
0.57
0.21
4.38
1.53
4.09
3.49
4.55
1.07
0.13
2.72
2.52
4.03
1.41
4.12
2.44
4
2.99
2.79
0.28
4.94
3.52
3.13
2.28
4.77
4.39
2.97
3.38
0.47
4.52
4.53
1.23
4.92
3.64
0.54
4.66
1.6
3.61
4.43
1.5
2.66
4.46
3.86
1.97
1.55
3.55
1.22
0.68
0.2
1.1
3.6
3.54
3.82
3.18
3.29
0.87
3.06
4.9
0.95
4.69
3.63
3.35
0.28
0.77
3.91
2.03
2.62
4.1
0.34
4.82
0.66
2.17
4.34
0.35
3.94
4.06
1.72
2.68
1.32
1.16
1.03
4.14
4.46
2.94
4.71
2.73
2.75
4.62
0.46
3.49
2.4
1.06
2.89
4.69
3.98
1.1
2.98
3.95
4.65
1.75
4.58
4.14
2.54
3.66
2.86
0.59
3.61
2.46
2.7
3.63
4.53
3.27
2.73
0.36
4.71
1.83
2.63
3.53
4.26
1.09
2.17
0.24
4.09
2.65
1.62
1.02
1.93
4.42
0.98
3.12
2.26
2.38
2.01
4.93
3.98
1.88
2.68
1
3.05
1.67
1.94
3.78
4.02
2.5
2.18
1.72
2.1
0.62
0.63
0.5
4.86
1.48
2.74
3.55
4.78
2.78
4.39
1.43
3.04
3.39
3.94
4.17
4
0.27
4.52
2.18
0.34
1.81
3.98
4.92
1.13
3.88
3.64
2.13
2.97
4.44
2.16
1.88
1.84
4.03
3.3
3.04
1.9
1.23
4.17
4.31
1.14
1.5
3.46
3.09
4.11
2.53
1.41
4.34
1.7
4.75
0.56
3.66
4.89
3.29
4.24
2.96
0.44
3.32
3.32
1.27
1.85
2.42
0.97
3.25
3.38
4.07
1.29
2.18
2.66
2.2
0.29
3.37
4.44
2.39
4.57
2.92
4.94
0.29
0.52
2.94
2.83
1.27
0.26
2.67
0.04
2.9
4.06
0.54
2.65
4.3
1.26
3.84
4.55
2.92
0.36
1.82
2.78
2.67
1.62
2.63
4
4.71
3.86
3.25
4.29
2.64
3.06
4.18
2.03
1.1
1.43
4.33
2.12
4.67
2.07
3.81
4.75
0.67
4.43
2.79
2.86
0.19
0.9
1.96
2.51
2.02
2.66
2.47
1.73
1.96
4.8
3.1
1.82
3.36
2.84
0.85
4.53
2.29
2.39
1.57
1.72
1.77
2.04
1.93
0.51
4.28
2.34
2.31
1.46
4.36
1.43
4.35
4.95
0.25
3.5
4.53
4.32
0.3
2.23
3.83
3.36
2.61
2.66
0.31
2.11
4.22
3.35
2.48
0.08
2.3
1.17
3.72
4.64
2.19
2.32
0.52
3.92
2.93
0.52
0.66
3.69
3.16
3.42
4.43
0.06
3.3
3.86
4.73
1.5
3.95
1.87
2.22
2.41
3.5
3.45
1.44
0.51
2.87
2.36
3.44
1.79
3.66
3.84
3.42
2.45
1.44
4.85
0.11
1.27
2.45
5
3.14
1.62
3.01
0.2
1.58
1.98
4.86
3.12
1.7
2.67
1.62
0.42
4.3
3.77
4.94
4.53
3.41
4.5
0.99
0.19
0.56
4.05
0.56
1.89
2.51
1.89
3.69
4.96
3.67
3.22
2.9
4.62
4.77
1.03
0.54
4.32
2.15
1.75
0.43
2.42
3.14
3.87
0.19
4.29
2.31
4.75
4.33
2.6
0.31
4.99
0.7
1.68
4.87
3.22
1.8
1.19
1.47
4.9
2.4
1.42
2.22
3.99
4.75
2.08
1.53
3.5
2.84
4.97
1.5
0.7
3.61
3.02
1.15
4.16
3.63
0.92
1.04
1.2
2.66
4.46
0.24
3.44
0.77
0.04
3.75
1.69
4.21
0.58
3.9
2.45
3.64
3.56
2.33
3.88
0.39
1.06
2.7
4.67
0.08
2.81
1.02
4.14
3.71
4.55
3.17
3.98
4.37
4.14
0.59
4.37
4.88
2.72
4.5
2.25
0.84
1.92
4.77
2.71
0.11
3.81
1.64
1.23
3.41
1.63
4.04
0.69
2.52
2.06
1.61
2.63
0.83
1.9
1.61
1.05
0.8
1.44
2.45
3.26
0.66
1.53
2.21
4.95
1.05
4.8
1.39
2.87
3.26
0.62
3.58
0.22
2.36
1.03
2.85
3.69
1.85
4.85
2.64
4.08
4.02
4.33
0.04
4.28
1.31
3.23
0.12
4.52
3.98
0.9
0.41
1.48
0.52
3.78
0.74
0.38
2.85
1.59
1.94
0.7
4.7
4.62
2
2.05
2.43
4.98
1.91
3.28
0.65
2.52
3.31
4.05
3.55
1.51
1.74
4.24
3.95
0.78
3.3
4.24
1.06
3.21
0.81
4.08
3.64
4.61
1.71
1.77
0.07
4.6
1.41
1.78
3.4
0.3
2.17
2.94
2.38
1.68
2.49
3.17
1.11
1.86
2.93
3.13
0.92
2.95
2.11
2.34
2.25
3.8
0.08
0.49
0.97
3.6
4.7
0.78
3.86
3.22
4.03
2.26
4.65
4.8
0.55
2.64
1.28
3.83
1.82
3.99
4.32
4.39
1.27
4.31
0.55
3.24
3.44
1.53
4.66
2.11
3.08
0.19
0.89
3.49
4.97
2.94
4.07
1.63
4.5
1.14
0.98
2.64
3.64
4.84
1.97
1.41
3.79
4.62
3.1
4.82
0.18
0.83
4.58
4.17
1.85
4.25
2.89
0.61
3.06
4.19
3.85
0.22
1.99
4.11
2.3
1.43
0.4
3.88
3.68
0.07
