3.92
2.53
2.89
1.67
3.4
4.57
2.16
3.64
3.57
2.29
1.22
4.85
1.69
0.07
1.74
1.38
0.57
1.38
1.45
0.9
4.49
4.08
3.77
3.43
1.06
0.94
1.62
3.6
3.13
1.08
0.6
2.43
4.3
2.68
1.31
3.72
3.79
0.4
4.32
1.06
1.39
3.6
1.22
1.16
2.65
3.55
1.31
2.05
0.81
2.73
4.07
3.88
3.24
2.48
2.08
4.4
4.74
1.61
2.39
4.5
5
0.19
0.4
2.49
1.74
3.79
3.05
2.65
3.22
2.16
3.43
0.71
0.94
0.74
2.32
0.66
2.09
4.1
3.06
3.33
0.08
4.55
2.26
2.6
2.18
4.37
4.2
2.31
2.95
1.39
2.5
0.87
3.64
3.04
2.88
2.64
4.93
1.26
4.68
3.96
3.07
4.7
3.99
3.35
4.74
3.74
2.29
4.79
0.02
2.39
3.22
0.16
4.5
2.36
3.4
3.73
4.77
0.51
1.26
3.68
1.57
4.28
2.68
3.23
2.65
4.56
0.89
0.07
2.95
0.06
1.23
2.06
1.16
3.77
1.46
1.58
4.64
4.41
3.27
3.68
4.87
4.49
0.52
4.42
3.99
3.58
3.14
2.76
0.84
1.63
0.96
1.13
3.06
2.96
5
4.64
3.52
2.49
4.11
1.99
3.24
0.05
3.58
4.7
4.66
1.8
3.47
4.27
2.19
3.49
4.35
4.94
3.67
1.61
3.71
2
3.51
4.91
3.11
0.18
0.54
4.39
4.76
2.12
1.4
0.83
3.91
1.92
2.38
1.95
3.05
3.47
4.06
2.75
4.01
2.26
1.85
0.53
4.3
0.06
2.82
0.62
4.29
1.61
3.21
0.66
3.65
0.69
0.85
1.22
3.65
1.84
4.85
2.34
0.38
4.87
2.23
0.63
3.64
1.02
3.46
4.59
3.6
2.85
4.79
0.73
4.56
1.77
0.35
4.68
4.22
3.04
4
0.14
0.7
4.97
1.9
4.97
3.41
0.5
3.29
1.94
1.54
3.35
0.25
2.74
0.69
0.99
4.74
4.88
2.91
3.71
0.69
4.66
4.98
1.26
0.27
4.71
3.41
4.61
4.32
3.14
1.32
0.85
2.01
3.11
4.51
3.51
3.56
4.99
0.47
2.66
4.22
1.75
2.91
2.76
1.42
1.59
0.24
0.38
3.41
2.72
1.78
0.03
2.45
4.54
3.88
4.9
4.37
4.78
2.31
0.8
4.18
4.92
0.17
3.72
3.47
1.07
2.61
0.1
2.03
4.56
3.09
0.14
0.93
1.84
1.43
1.41
2.9
2.15
3.87
4.45
0.02
1.79
2.52
4.11
1.16
0.73
1.89
4.64
4.87
1.19
2.91
1.24
2.86
0.54
2.56
3.24
3.59
1.2
1.43
2.77
1.95
3.48
2.09
2.23
3.84
2.45
1.67
2.62
1.2
1.34
1.66
3.76
3.39
3.53
4.54
2.59
4.16
0.1
0.63
0.75
2.46
4.84
4.34
4.79
1.73
0.13
2.73
3.83
0.66
2.8
0.98
3.03
4.75
4.04
5
0.8
1.2
4.73
4.48
1.5
1.76
2.88
4.85
2.14
3.59
1.04
4.11
1.85
5
4.63
2.4
2.12
1.85
0.43
4.97
2.97
3.42
3.19
4.82
1.93
4.3
3.23
3.01
3.12
0.07
2.07
3.5
4.37
3.16
3.86
4.91
2.93
3.65
2.1
4.65
2.03
1.29
3.66
2.29
3.96
2.43
2.79
4.78
0.17
4.06
4.88
2.44
0.44
2.69
3.04
2.65
1.58
3.48
2.33
3.62
2.59
1.07
3.13
2.97
3.69
0.19
4.32
1.99
3.42
1.25
2.81
2.15
1.72
3.34
1.28
2.8
2.67
4.29
3.76
2.35
1.44
4.18
3.3
0.78
1.87
0.93
1.26
3.84
4.18
2.4
0.45
4.41
2.41
1.79
3.2
3
2.19
0.61
3.81
0.1
0.99
4.07
3.64
1.49
0.21
0.12
3.25
2.48
0.05
2.62
2.94
2.03
4.48
1.51
2.33
4.55
3.41
4.66
4.7
4.62
0.38
1.96
3.6
5
3.99
0.43
1.03
3.36
1.44
4.23
2.64
0.56
2.82
0.87
2.83
1.52
2.91
3.05
3.48
4.17
3.43
4.81
2.93
0.65
3.58
4.79
1.42
4.66
4.13
1.91
3.07
2.29
3.37
3.82
4.37
0.24
2.56
0.31
0.91
1.09
2.46
0.84
3
3.11
3.88
3.27
1.55
2.37
4.78
2.69
3.79
0.19
2.11
2.6
4.74
0.98
3.97
1.86
4.93
2.53
4.13
3.87
1.74
1.89
4.65
4.11
1.2
0.9
3.72
1.56
1.06
1.25
2.52
0.64
2.57
2.69
4.46
0.41
4.81
0.62
1.2
3.29
4.83
1.23
4.73
2.49
4.18
4.29
2.48
2.03
0.73
2.38
1.69
2.65
1.02
2.11
2.44
1.79
3.61
4.77
1.87
0.03
4.69
2.47
3.15
3.26
3.28
0.15
4.9
2.84
0.81
0.75
3.7
1.93
1.25
1.32
0.01
4.64
4.56
2.81
2.49
1.3
2.39
1.95
2
1.75
3.42
3.84
0.61
4.78
3.53
2.59
1.88
0.27
0.37
3.11
1.45
0.65
3.43
1.22
3.58
2.49
0.35
0.72
0.83
4.56
4.19
0.44
0.54
3.19
3.55
1.41
4.02
4.8
4.63
2.32
4.02
0.37
1.43
2.5
4.35
1.57
1.48
0.04
2.83
0.37
0.07
4.44
0.8
1.37
4.52
3.72
0.7
0.75
4.29
2.64
0.36
2.07
4.23
4.03
2.51
1.49
1.85
2.01
3.35
0.89
2.01
3.24
3.03
0.52
1.32
4.51
3.55
1.79
4.3
2.44
3.38
3.52
0.46
3.04
2.72
0.86
4.03
1.16
1.84
0.05
3.49
0.69
3.97
3.47
2.7
1.5
2.47
0.59
0.37
0.77
1.03
4.86
3.34
1.96
2.32
3.93
1.99
2.08
4.41
4.5
2.74
3.45
2.56
4.56
3.78
0.85
2.95
1.69
4.88
0.2
1.21
2.36
1.59
2.34
3.84
4.37
3.91
1.94
3.68
2.01
0.23
0.44
2.81
3.61
3.65
2.6
3
0.33
2.09
2.3
0.24
4.05
2.61
4.66
2.38
0.23
1.87
1.55
4.15
0.14
0.17
4.65
2.66
3.21
0.34
0.37
3.12
3.66
2.46
2.78
0.99
0.31
1.88
0.59
1.34
1.52
5
2.69
0.21
4.62
2.01
4.53
4.08
2.4
3.96
4.95
0.88
3.67
4.11
2.83
0.86
0.35
0.88
4.56
4.98
4.53
4.52
1.12
1.78
4.24
0.77
0.7
1.94
3.15
3.45
1.67
0.88
0.51
3.43
2.92
2.69
4.24
2.34
2.2
2.58
2.22
3.19
0.5
5
1.93
3.04
4.15
2.37
0.44
2.22
2.83
2.02
1.65
3.17
0.37
1.92
0.4
3.96
1.61
1.79
3.89
2.07
4.61
3.06
3.73
0.02
4.8
3.49
0.31
3.68
1.49
4.79
4.56
4.85
2.31
0.85
3.15
0.29
2.35
2.49
1.58
3.49
0.94
2.36
0.13
4.7
2.26
0.83
2.31
1.78
2.18
4.11
2.9
4.29
3.07
0.6
1.21
4.56
3.4
0.47
1.53
3.9
2.16
4.13
3.27
3.64
3.74
2
3.99
4
1.57
2.73
0.75
3.27
2.85
4.61
1.32
4.94
1.61
3.88
4.86
3.52
0.55
4.51
1.56
2.61
1.21
1.96
3.35
0.59
0.38
0.92
3.55
2.32
4.85
1.68
0.16
1.8
3.94
3.02
4.43
2.15
2.71
0.35
4.92
4.48
0.4
3.44
3.67
1.44
0.09
3.85
2.94
2.85
1.32
2.82
0.17
1.36
2.97
0.4
4.4
4.17
4.23
0.64
2.3
4.64
1.19
4.11
1.78
1.36
2.79
1.94
4.18
0.51
4.36
3.06
1.98
2.11
4.96
1.11
3.39
1.44
4.82
0.05
0.18
0.68
4.12
4.73
0.8
1.24
0.18
3.6
4.38
2.87
1.23
0.84
1.57
2.95
4.99
1.49
2.45
2.06
2.12
4.87
0.63
3.31
2.03
0.28
0.89
4.63
4.75
1.61
0.65
0.7
4.33
1.14
3.45
1.61
3.59
3.84
3.77
2.62
3.37
0.53
2.17
2.35
2.85
4.09
3.21
1.99
4.6
1.75
0.98
2.17
0.2
1.46
2.9
4.46
1.89
0.8
4.24
2.34
0.29
0.15
1.78
4.25
0.94
4.86
0.71
0.37
4.69
3.08
1.38
0.5
1.21
3.41
0.13
2.45
4.57
3.83
0.87
3.91
4.3
1.37
2.26
2.92
4.78
4.71
0.22
0.37
0.43
0.25
3.71
4.05
2.03
4.68
1.55
0.56
0.35
2.36
1.04
2.91
0.36
4.54
4.77
4.38
4.6
0.05
0.35
2.46
0.64
3.03
4.62
2.56
1.63
0.64
2.08
4.4
2.78
2.46
4.49
2.07
3.46
4.14
4.73
0.86
4.87
1.25
0.6
1.66
3.6
1.15
2.56
4.6
1.7
2.27
2.6
1.45
2.43
0.65
4.13
4.36
4.67
2.79
0.98
4.11
4.38
1.5
4.96
3.18
4.49
3.06
2.34
3.28
0.28
2.99
1.98
4.27
0.09
2.4
1.08
1.25
3.72
2.53
2.35
4.9
4.46
4.53
3.29
3.48
0.03
1.71
1.53
4.12
0.39
2.63
2.96
1.72
0.61
4.7
3
1.97
4.03
1.58
4.05
3.82
3.79
1.64
0.89
0.84
0.48
1.76
4.9
1.14
4.03
1.67
4.37
2.72
4.82
0.12
3.76
2.82
2.58
2.15
0.34
2.99
1.94
2.18
3.2
1.9
4.67
2.29
1.14
0.64
0.1
3.76
3.69
1.84
2.21
3.28
2.04
3.77
4.3
3.21
2.34
3.48
1.99
0.65
1.77
1.91
2.37
1.44
3.27
1.03
4.63
2.73
0.81
2.22
3.75
0.01
3.66
1.18
1.13
1.89
1.37
4.32
4.76
1.66
0.54
4.96
0.69
2.27
1.11
2.8
3.49
1.9
4.04
4.49
3.47
4.11
4.97
3.1
3.14
4.47
0.9
0.55
2.17
0.67
3.18
1.38
0.6
0.21
3.55
4.27
0.2
2.07
4.27
0.57
4.93
2.93
2.52
1.77
1.83
0.17
2.97
2.74
1.95
4.62
2.28
1.5
1.52
4.23
1.59
1.28
1.52
4.19
2.35
2.57
0.18
0.15
2.91
3.43
0.18
3.18
4.81
1.26
4.42
4.01
2.96
2.32
1.94
2.28
3.76
2.55
1.47
2.96
2.17
4.11
2.71
0.19
2.4
2.18
1.91
3.85
4.16
3.47
3.1
4.32
2.07
4.58
3.85
1.73
2.44
3.12
2.34
4.61
1.6
4.61
2.46
2.57
1.13
4.54
3.22
4.4
0.69
0.42
3.69
4.88
1.25
3.42
4.22
4.12
1.71
1.7
3.05
3.63
0.79
3.14
2.67
4.01
1.64
1.83
1.91
4.87
0.07
2.38
2.97
4.65
2.46
4.72
3.42
1.72
0.86
2.95
4.34
3.14
4.87
3.05
0.36
4.1
0.61
4.34
0.86
1.13
4.5
1.94
2.48
0.84
0.73
0.37
4.58
4.79
1.82
3.9
2.03
2.33
3.85
1.59
2.51
0.31
0.73
2.31
2.75
1.36
3.24
4.52
3.54
3.58
3.81
3.74
1
3.92
3.21
1.55
0.11
1.52
2.59
0.01
0.38
1.28
2.01
1.37
2.96
0.64
2.77
4.97
4.57
2.46
4.24
0.95
0.2
4.79
4.19
3.8
2.04
2.75
2.22
4.37
0.39
2.23
0.98
2.02
3.03
2.5
0.12
0.69
4.08
1.3
2.81
4.21
1.38
1.78
1.58
1.93
2.67
0.32
0.8
2.48
1.32
1
2.93
0.57
3.5
4.24
3.66
0.83
2.98
1.21
3.51
0.43
3.24
3.55
3.74
4.49
2.39
2.15
0.16
2.29
3.53
4.17
4.31
2.36
4.75
0.24
0.5
4.03
3.71
1.94
0.45
3.7
0.97
0.13
2.14
2.62
2.49
0.76
1.26
1.06
1.57
1.61
3.78
1.41
0.91
1.11
0.2
2.12
1.3
0.25
3.13
2.72
4.13
2.93
0.83
0.92
3.87
1.07
1.65
2.98
3.39
0.78
2.57
3.9
4.16
0.47
1.65
1.59
3.43
4.02
3.99
1.4
4.56
1.69
0.26
4.51
4.59
4.21
0.06
2.03
3.04
0.19
0.9
2.74
4.57
0.78
2.26
3.9
3.91
0.11
3.22
1.32
4.51
3.36
2.25
2.01
2.78
2.54
4.74
0.13
4.3
3.95
2.94
2.52
3.26
2.99
4.22
2.88
4.9
0.13
2.9
1.08
4.34
3.24
0.73
2.58
1.94
4.28
2.06
2.72
1.89
0.38
4.39
4.22
1.84
2.47
1.57
1.26
2.54
4.74
1.27
1.25
3.64
0.76
2.01
3.61
0.5
0.17
2.78
1.37
0.39
4.24
0.49
0.83
1.22
2.41
1.93
4.48
4.77
4.39
0.24
1.7
1.98
4.39
1.55
1.48
2.37
2.36
2.45
0.34
4.79
1.82
1.76
0.81
4.58
3.54
4.31
3.35
4.06
2.98
2.52
2.54
2.37
1.46
4.14
4.3
0.64
2.21
0.84
2.52
1.34
4.74
4.11
0.71
3.25
0.51
4.48
4.67
4.14
3.53
4.79
3.47
4.87
3.96
0.44
2
3.83
0.18
2.26
4.61
0.58
4.23
0.39
0.61
4.83
2.64
2.43
2.19
2.92
3
1.66
0.51
0.77
2.13
3.62
0.75
4.37
3.29
3.21
0.35
4.78
3.25
0.16
3.56
4.14
0.12
0.17
0.33
1.7
1.45
3.99
0.23
3.83
1.92
3.11
3.69
3.08
4.43
0.32
0.96
1.9
0.86
4.34
2.05
4.09
3.4
3.95
0.63
3.31
3.54
3.93
0.76
2.77
3.77
3.76
0.91
4.86
2.92
3.28
3.85
0.36
1.4
2.31
2.05
2.21
4.77
4.83
4.47
3.77
0.15
3.42
2.69
4.78
2.71
0.35
2.21
3.72
1.2
3.83
2.3
2.19
1.71
1.64
1.06
2.21
0.68
1.82
3.02
4.98
1.79
3.64
2.24
4.84
3.51
0.75
0.15
0.11
0.74
0.7
2.1
3.73
4.32
3.83
3.44
2.58
4.21
4.45
0.54
2.58
2.27
1.46
4.93
4.14
1.68
0.2
3.55
1.95
3.58
3.92
4.93
4.38
1.11
1.85
0.1
0.6
1.51
0.05
4.77
2.14
1.91
3.72
4.76
0.81
1.73
0.36
0.2
2.96
0.83
2.68
2.79
3.26
0.5
4.81
0.93
3.54
0.48
0.57
1.79
1.96
1.32
3.17
1.76
2.35
2.7
3.86
3.24
3.82
2.65
4.71
1.78
0.73
3.3
4.63
0.34
2.61
1.13
2.5
1.28
0.85
4.12
1.12
4.44
4.31
4
4.52
3.64
1.55
0.4
1.14
4.49
2.88
1.48
4.45
2.44
0.59
4.24
3.18
3.69
3.91
0.08
1.1
3.96
1.72
3.88
1.42
4.84
2.94
2.28
4.74
4.57
0.64
2.17
3.09
3.23
2.84
3.12
4.87
0.69
0.74
4.48
4.97
4.94
1.11
1.87
2.78
2.39
0.91
0.72
3.74
0.1
3.65
3.58
1.32
2.84
5
0.98
4.26
4.31
1.39
4.74
0.19
4.18
3.05
3.89
4.02
4.23
3.64
2.61
2.15
2.13
1.37
3
2.11
3.38
1.8
2.96
1.8
4.05
2.3
3.75
0.53
1.77
2.31
2.4
0.66
4.46
3
2.94
0.77
2.85
3.81
1.87
1.48
4.99
2.33
3.22
0.9
2.1
0.18
3.37
2.12
3.44
0.42
0.22
0.71
1.01
0.92
2.52
3.01
0.7
4.76
4.98
4.96
4.18
3.22
3.24
4.66
0.94
1.77
1.89
0.61
0.21
4.8
2.31
2.27
4.52
1.99
3
0.13
3.25
1.6
1.07
0.37
1.28
4.17
2.67
4.97
2.32
3.96
2.12
4.31
1.68
1.39
4.23
0.95
2.27
0.57
4.78
4.59
1.13
1.99
2.08
1.39
1.18
0.1
4.7
3.75
4.66
0.07
2.03
0.11
4.82
1.11
0.52
1.98
4.71
3.29
3.43
4.16
2.69
1.56
4.01
2.65
3.98
1.77
3.61
4.93
4.02
3.61
3.11
4.38
1.8
1.39
1.38
2.05
1.68
3.71
3.9
2.43
4.34
0.62
3.37
3.18
0.58
3.35
0.98
3.23
3.84
0.12
0.87
0.13
0.72
3.79
4.46
2.35
5
3.93
1.09
3.72
3.27
0.27
4.64
0.56
4.44
2.72
1.29
0.3
3.14
1.5
3.94
3.81
3.44
1.72
4.22
3.09
4.16
3.31
3.63
2.52
4.96
4.22
1.88
0.05
4.98
2.2
4.8
1.93
3.1
0.71
1.38
2.39
4.37
4.12
2.37
3.35
4.08
4.6
1.38
3.77
3.06
4.06
4.38
0.04
1.24
4.15
1.33
3.99
4.36
2.52
4.17
2.85
0.41
2.58
4.36
0.55
0.85
3.36
4.01
4.76
4.64
4.5
3.19
0.62
1.98
4.92
4.87
3.34
2.25
0.74
0.28
1.16
2.02
4.43
3.75
3.41
3.28
4.49
1.9
2.54
0.92
4.01
4.19
0.98
4.99
1.4
3.61
3.76
1.09
2.31
3.04
0.74
1.1
4.31
1.74
2.79
4.26
0.2
0.24
4.66
0.02
3.54
1.75
4.43
3.63
2.95
0.17
4.81
3.88
0.34
3.18
2.23
3.07
2.75
0.9
2.73
3.25
4.5
4.2
0.86
0.85
2.67
1.34
3.78
3.45
3.28
1.3
3.1
0.94
2.11
4.88
3.36
1.12
0.04
2.89
3.33
3.98
3.8
2.13
0.9
4.5
1.25
3.29
4.11
3.9
1.89
2.42
2.7
2.18
2.76
3.58
3.26
4.57
1.4
2.41
4.56
2.4
1.16
4.86
4.92
0.66
2.58
4.38
3.86
3.03
2.15
3.86
4.92
4.13
4.33
0.73
2.31
1.17
1.76
2.65
3.78
2.37
4.74
4.45
2.01
0.41
2.4
2.8
1.02
4.38
3.17
0.44
4.67
4.78
3.76
3.92
1.09
1.64
1.77
4.2
2.62
2.85
3.4
2.8
0.22
0.45
3.14
4.53
0.15
3.21
3.25
3.72
1.76
0.5
1.59
2.45
3.74
4.63
3.68
0.52
0.78
3.99
0.98
0.67
3.54
2.14
1.13
4.16
3.75
3.1
2.06
2.33
1.83
2.09
1.8
2.6
1.03
2.94
4.16
0.77
1.06
4.12
3.67
2.61
3.82
1.46
2.24
2.64
1.4
4.28
2.55
4.48
2.07
4.92
4.91
2.21
3.56
2.53
3.34
2
0.87
3.85
0.83
2.54
4.08
4.85
1.23
2.55
4.26
4.08
3.69
2.77
4.9
0.14
4.17
0.96
4.53
0.49
2.04
1.06
0.58
3.36
4.06
4.12
1.9
2.07
1.55
4.05
2.88
0.12
1.23
4.3
1.28
1.42
0.76
0.85
0.1
4.38
4.89
4.66
4.56
1.59
1.16
1.64
4.71
4
2.8
0.22
1.62
4.77
1.25
0.58
3.1
4.44
2.1
4.29
0.21
3.39
4.87
1.11
0.25
3.69
1.9
4.09
4.61
1.98
4.09
4.99
2.04
1.3
2.26
1.47
1.77
2.13
4.61
4.37
4.93
0.63
0.87
0.95
1.61
3.1
2.46
1.84
2.95
3.65
3.47
1.16
3.39
1.07
1.36
1.81
0.5
0.55
1.88
3.2
0.06
0.65
2.89
4.44
2.39
4.68
3.59
1.44
4.79
0.02
1
1.7
2.66
2.34
3.06
4.97
4.05
4.92
2.28
2.15
0.82
2.07
0.97
2.06
0.83
4.53
3.88
0.87
3.21
3.67
4.24
2.38
2.19
3.96
0.23
0.44
0.78
1.87
4.29
0.48
2.99
1.78
2.03
3.1
4.02
2.49
0.66
2.06
0.98
3.54
4.83
4.42
2.19
4.07
3.73
4.45
0.17
4.49
1.87
3.92
0.18
4.57
0.96
4.95
0.6
2
1.36
3.31
3.79
3.36
4.7
2.39
1.42
4.33
0.57
4.36
2.09
2.43
1.9
4.28
3.85
2.1
2.29
3.93
1.54
4.05
2.25
0.17
3.6
3.16
1.28
3.7
0.03
1.75
3.33
4.11
4.88
3.7
1.85
1.55
3.25
4.62
4.06
1.46
0.38
4.49
1.64
2.48
0.43
0.82
4.44
3.03
2.68
1.08
1.52
1.39
2.06
4.61
0.13
0.68
1.87
1.71
0.73
3.49
3.94
0.15
2.38
3.17
2.48
2.59
4.86
0.42
2.95
3.49
4.43
1.35
2.23
2.81
4.1
3.18
1.14
4.28
3.71
1.96
0.59
4.15
2.68
0.94
3.08
2.45
0.29
2.93
4.68
3.18
3.3
0.01
2.99
2.81
2.51
0.82
1.33
2.55
4.43
0.04
