2.5
3.01
1.94
1.46
3.5
1.07
2.91
3.17
2.14
0.59
3.83
3.46
3.43
4.34
2.43
2.54
1.92
1.08
0.9
0.79
1.96
1.22
4.79
0.15
0.23
2.45
4.34
2.94
4.28
4.72
4.06
1.07
0.19
0.08
2.95
2.42
1.27
0.99
3.28
2.38
1.89
2.26
4.55
2.63
0.64
0.54
0.83
4.15
0.61
3.83
0.74
1.58
1.55
3.11
1.69
0.17
0.52
1.64
1.29
2.14
2.85
1.24
2.37
2.43
2.76
4.63
3.2
2.34
3.1
2.45
0.38
4.82
4.71
0.27
3.64
0.2
2.38
1.77
3.25
0.78
2.54
1.47
4.75
4.61
0.83
3
1.87
4.97
0.43
0.83
2.69
2.88
3.11
2.2
3.63
2.76
2.81
3.49
1.9
2.2
4.34
4.82
4.36
4.99
0.33
2.72
1.05
4.76
1.21
1.64
4.66
1.06
1.2
2.1
3.33
1.52
0.26
4.65
0.39
3.08
2.71
0.34
1.34
3.97
0.47
4.9
4.51
1.84
4.1
4.09
3.95
1.4
1.96
3.31
1.03
3.69
1.11
3.01
4.71
1.51
4.71
1.18
3.51
4.54
1.96
1.47
2.27
2.56
4.67
1.03
4.54
4.51
3.35
4.26
4.15
2.73
3.31
2.27
0.5
4.02
4.32
2.31
4.95
4.89
3.95
1.88
1.55
4.46
2.09
2.96
0.92
0.28
0.3
0.58
4.91
3.64
0.95
1.85
2.18
2.82
0.92
0.24
1.58
2.75
4.71
4.15
1.45
4.36
1.07
0.33
4.84
1.22
3.41
2.25
1.12
2.81
4.84
3.58
3.63
3.39
4.57
1.56
2.88
2.87
4.3
2.08
1.89
0.75
1.98
4.38
2.63
3.24
3.36
4.7
3.14
2.34
2.03
2.81
3.91
4.91
4.58
3.5
1.68
2.13
2.82
4.04
0.03
4.91
2.57
1.79
1.97
3.96
2.62
1.98
1.51
4.9
0.31
2.75
0.63
0.92
2.73
4.49
0.36
2.29
3.79
3.88
1.64
2.72
3.39
4.24
3.42
2.38
0.97
3.1
2.81
1.1
4.34
4.04
0.87
3.35
2.71
4.09
1.24
2.84
1.18
4.51
2.18
1.48
1.89
4.14
4.54
2.02
3.79
1.53
2.88
4.81
0.85
3.66
3.07
0.84
4.22
0.23
2.71
3.78
1.73
2.02
4.14
3.95
1.74
1.02
2.59
3.87
3.44
0.56
4.8
0.33
4.53
3.87
1.01
3.85
1.36
2.06
2.42
2.28
1.28
1.45
2.77
4.31
4.9
1.63
2.44
2.41
3.14
4.66
4.83
1.64
1.78
3.75
2.91
3.18
1.64
2.12
4.06
3.47
3.39
0.68
4.78
0.97
2.05
0.1
4
1.22
4.62
3.13
2.37
4.88
4.81
0.68
2.78
1.93
3.63
3.57
2.07
3.83
0.36
2.18
4.6
0.2
4.77
4.27
3.42
0.39
0.68
1.12
2.87
4.97
2.93
1.12
0.68
4
0.96
1.14
3.17
4.03
1.09
2.57
4.85
4.51
3.79
3.98
1.48
2.9
0.07
3.51
0.65
1.26
2.82
4.7
0.66
1.23
4.83
4.61
2.59
1.46
0.66
4.41
2.33
2.56
0.17
0.2
1.34
2.84
1.75
4.88
1.18
0.95
2.1
1.55
1.26
1.7
2.77
0.71
4.42
2.78
2.4
0.27
0.56
4.48
0.75
4.29
2.66
3.68
0.73
0.77
3.02
1.49
2.68
3.05
4.63
1.1
0.94
3.69
4.44
1.31
0.42
1.08
1.35
1.56
3.22
2.75
0.89
2
1.61
4.53
2.11
4.57
0.93
0.63
3.56
2.27
2.44
4.32
4.5
4.18
2.29
0.55
1.1
2.99
2.94
4.28
4.64
1.63
4.85
1.44
0.02
2.26
0.54
4.58
2.69
0.44
0.46
2.03
0.07
0.18
1.08
2.64
2.75
2.11
3.43
3.55
3.86
3.78
2.98
0.1
3.42
2.67
3.9
4.63
2.24
2.82
1.39
3.27
1.05
0.02
0.1
0.97
0.37
2.34
3.84
0.18
0.18
2.6
1.49
1.88
2.32
3.01
4.1
2.66
3.38
2.09
4.14
4.69
0.77
3.58
0.95
3.16
3.2
0.14
4.44
2.84
3.31
3.41
1
4.27
1.38
0.69
2.33
0.28
0.55
3.57
1.76
0.06
3.08
4.57
0.26
0.67
4.54
3.8
2.17
3.71
2.44
2.5
0.13
0.27
0.47
4.15
1.93
2.41
4.16
4.24
2.12
4.69
1.11
0.7
1.54
4.07
2.39
0.39
3.09
1.04
0.58
4.16
2.53
1.6
4.72
0.8
0.58
1.31
1.76
0.22
1.44
2.08
3.76
4.68
4.4
0.9
2.72
4.45
0.77
2.04
0.31
3.92
4.48
0.77
3.47
1.7
2.79
0.8
4.12
1.2
3.26
0.49
4.3
1.34
4.73
2.59
4.28
0.73
0.46
1.91
3.91
0.18
1.37
4.89
2.16
2.74
3.37
3.49
4.7
1.99
4.51
1.16
2.43
3.6
0.59
3.77
1.21
0.63
2.97
0.94
4.9
0.34
3.79
0.39
4.36
0.35
0.35
3.21
2.19
4.26
3.97
4.18
2.16
0.02
2.56
4.97
1.54
1.52
2.94
3.9
3.93
0.14
3.66
0.33
2.12
3.28
4.04
0.57
2.63
0.37
2.4
1.33
3.63
1.97
1.2
0.31
0.73
2.71
2.18
0.61
3.51
0.95
4.66
0.16
1.93
1.22
1.18
4.28
0.89
4.97
1.71
2.21
0.96
3.73
0.52
3.14
2.3
3.94
0.45
0.61
2.77
2.89
0.15
2.23
2.55
2.23
4.89
4.57
4.35
3.06
1.6
3.15
2.69
4.29
4.5
0.47
2.16
4.33
3.95
3.42
4.64
2.52
2.28
1.05
0.23
1.4
4.57
3.46
0.25
2.52
5
0.64
0.95
0.45
0.25
3.84
3.88
1.96
4.08
0.57
2.42
4.52
0.78
4.43
3.26
2.46
4.85
1.2
2.15
2.66
2.83
1.1
0.23
1.96
1.43
4.98
1.15
0.96
1.66
4.22
2.22
3.34
1.51
4.47
0.78
1.52
3.06
1.97
0.38
3.12
0.38
0.77
3.73
0.47
0.32
4.84
0.26
3.34
3.4
1.09
2.18
2.94
0.98
3.76
3.64
1.14
3.26
1.82
2.14
2.3
4.93
0.25
0.81
2.54
1.67
2.65
4.93
0.5
1.38
1.4
3.38
4.46
3.7
2.98
3.92
3.62
4.69
2.26
1.46
4.38
0.16
3.24
0.28
0.2
4.34
2.47
4.11
3.82
0.61
4.96
4.05
0.48
1.44
1.4
4.11
0.5
4.7
2.21
1.29
4.98
4.04
0.9
3.16
2.45
4.44
3.17
4.33
0.27
4.91
0.64
3.75
4.02
1.65
0.33
0.35
4.13
3.07
3.77
1.57
1.79
3.21
0.98
4.94
4.5
4.05
2.43
0.77
3.05
1.72
0.5
0.3
2.86
1.07
2.13
2.9
3.6
1.05
0.52
1.05
0.08
0.34
3.21
2.81
2.5
1.57
4.58
0.79
2.57
1.81
3.78
0.52
2.05
1.93
1.21
2.3
3.3
0.61
3.44
2.5
2.83
3.19
1.3
3.36
2.18
2.44
0.34
4.69
0.06
0.46
2.01
2.15
4.78
1.02
4.43
1.32
0.77
4.53
3.13
3.86
4.86
3.97
2.06
0.96
3.67
0.52
1.95
0.2
2.99
0.7
1.37
1.94
1.09
2.95
3.31
2.99
3.26
4.39
3.26
2.04
2.22
4.91
0.91
2.54
1.63
3.95
1.72
0.07
4.09
1.72
4.33
2.65
3.51
0.91
2.96
4.63
1.07
0.22
0.13
1.12
4.39
4.98
0.81
2.49
1.44
0.35
0.2
0.7
2.95
3.98
1.17
0.08
4.87
3.96
1.65
4.82
3.47
0.34
3.38
3.09
2.01
3.85
3.09
4.62
1.34
0.18
3.1
4.83
0.14
0.7
3.6
2.86
4.14
0.38
2.3
2.7
3.73
3.77
0.85
3.48
1.37
3.75
1.63
3.88
4.28
2.59
4.2
4.85
1.57
1.63
2.87
1.57
3.97
3.91
0.44
1.2
1.6
4.82
4.69
4.69
3.79
3
3.89
3.45
0.2
0.06
3.2
1.71
2.73
2.81
1.45
0.64
1.09
4.93
1.28
3.45
1.42
0.33
4.32
4.44
1.98
3.12
2.97
0.86
3.96
2.03
4.89
0.38
1.71
1.69
2.18
0.03
3.49
1.76
3.14
3.17
4.54
0.74
4.53
3.03
1.36
4.56
3.54
0.54
2.83
0.97
1.86
3.79
3.03
2.54
4.25
4.81
2.55
4.59
1.06
2.12
3.21
3.73
4.63
0.12
2.22
0.62
0.22
2.72
0.54
1.37
1.58
3.94
2.98
4.48
4.42
0.32
0.89
1.11
0.14
3.94
2.78
0.05
3.93
0.88
0.5
0.44
1.85
3.31
3.08
2.89
3.46
1.9
2.78
4.47
3.22
0.48
1.15
1.89
4.19
4.47
4.53
2.59
3.43
0.96
1.39
3.17
3.29
4.07
2.28
1.97
3.94
0.87
2.3
3.06
3.58
4.69
1.49
4.59
0.37
4.44
1.69
4.87
2.11
1.45
3.65
2.45
2.64
0.43
2.78
1.85
2.93
3.33
4.19
0.18
1.18
0.82
2.16
4.65
0.25
2.87
2.73
4.12
4.37
4.06
4.11
1.73
1.57
4.3
0.63
4.99
3.74
4.19
2.35
3.91
3.24
4.22
2.83
1.43
0.88
4.18
2.63
3.6
4.5
1.26
0.37
4.98
4.2
2.47
4.78
1.42
0.41
1.93
0.78
3.76
3.96
4.67
1.43
4
4.23
4.82
4.85
3.42
0.52
2.53
0.04
4.37
3.27
4.1
0.43
3.53
4.77
2.04
2.92
0.1
4.85
3.58
0.37
4.9
4.08
4.69
0.06
3.51
1.27
4.11
1.83
1.43
1.79
0.15
0.68
4.62
3.1
2.06
4.89
2.57
4.16
3.86
1.13
1.94
1.76
1.18
2.17
2.19
0.93
1.84
3.68
3.65
3.5
4.63
1.35
3.23
3.46
4.36
2.64
0.51
0.39
2.69
1.13
2.03
0.48
0.27
4.53
0.4
3.72
1.6
0.73
0.7
1.08
1.18
0.45
3.68
3.44
2
1.19
0.59
4.07
2.48
0.56
1.35
2.71
4.64
1.12
1.13
3.81
3.42
2.94
0.97
1.82
4.48
0.52
4.92
3.11
0.89
2.17
1.18
0.09
1.31
2.62
2.96
3.03
3.04
2.96
2.34
4.96
2.15
3.35
2.85
2.33
0.68
4.57
1.12
0.84
0.19
2.97
4.6
2.91
3.12
3.48
0.85
1.9
0.78
2.81
0.93
1.3
0.55
2.27
2.57
2.17
1.09
3.15
2.69
3.25
4.47
1.52
0.51
3.32
1.33
1.08
4.47
2.15
2.63
3.58
4.53
0.97
2.71
4.74
0.41
3.62
0.22
3.96
3.62
1.74
0.76
4.49
3.67
3.48
2.63
2.35
3.05
0.03
2.29
4.31
4.28
3.81
3.99
0.76
0.41
1.01
0.62
3.19
3.51
2.19
0.73
1.08
1.46
4.93
0.15
0.16
2.9
2.65
4.64
2.77
2.49
1.32
2.89
2.83
3.09
4.65
3.27
3.02
0.17
1.96
1.84
2.71
2.37
5
3.85
3.76
2.85
2.41
2.71
3.58
4.23
0.64
3.21
2.4
2.5
4.35
2.69
1.71
0.08
3.97
2.99
2.67
1.25
4.05
4.59
0.18
3.03
3.75
4.11
2.61
2.05
3.7
3.19
1.63
4.59
1.23
1.39
4.39
1.46
2.54
3.84
2.38
4.47
0.98
4.76
3.04
4.84
0.58
3.1
4.78
3.41
4.55
2.42
3.05
0.3
3.14
3.33
4.95
1.86
4.29
3.66
1.16
1.13
2.02
1.33
1.88
0.12
0.65
0.97
1.87
2.39
0.8
2.36
1.57
3.7
1.49
1.56
2.07
3.56
2.89
3.61
0.52
2.04
0.23
1.3
2.46
1.8
2.73
2.95
1.33
1.6
4.56
4.75
3.87
2.51
2.7
2.1
3.97
0.64
4.96
0.84
0.22
3.99
4.6
3.5
0.36
1.88
1.2
3.69
1.72
4.52
3.74
0.27
4.19
1.26
1.06
1.01
2.41
2.11
4.64
2.01
3.59
1.57
1.34
4.65
3.93
3.54
0.71
0.21
4.62
0.29
3.14
3.51
0.39
4.73
0.69
0.92
2.67
4.34
0.65
3.66
1.36
1.85
1.38
0.47
4.1
4.96
3.55
0.72
1.24
2.4
3.21
3.29
1.91
4.71
4.66
4.91
3.68
2.09
0.22
0.22
3.1
1.51
3.26
1.57
4.48
4.5
1.77
1.26
0.77
1.99
3.47
0.73
1.63
2.36
1.19
1.74
0.02
1
4.93
3.23
3.24
4.91
3.57
0.75
3.71
0.02
4.33
4.22
2.24
1.16
2.77
0.79
1.97
4.89
0.74
4.85
4.73
1.18
1.86
1.64
1.99
3.19
2.98
1.23
1.21
2.21
0.41
3.84
0.85
0.21
4.39
1.49
0.46
3.11
3.54
4
2.74
1.36
3.6
2.6
4.51
5
3.39
0.3
1.35
1.47
0.21
1.76
0.82
0.62
0.8
2.91
2.22
0.03
2.81
4.19
0.6
4.8
3.21
1.1
2.58
2.79
4.3
3.44
2.88
3.52
1.76
2.14
1.3
4.88
5
0.81
3.87
4.28
2.67
0.71
1.62
0.49
2.64
1.96
3.16
1.02
4.54
0.17
2.76
3.74
0.82
2.7
0.67
4.23
0.16
4.26
1.89
3.93
2.33
1.2
4.42
2
4.04
2.4
5
4.68
4.28
0.76
1.54
1.37
4.8
1.15
1.98
0.23
3.8
0.53
0.98
2.41
4.24
0.67
3.51
2.06
3.73
0.16
4.17
0.84
4.69
1.82
1.23
0.5
2.19
2.8
0.71
0.45
2.75
0.45
4.84
4.48
0.09
3.6
1.68
2.64
2.35
0.29
2.69
3.8
1.64
3.66
1.73
3.73
0.43
4.09
4.51
4.32
4.95
2.15
0.64
0.18
2.65
0.88
0.15
4.87
4.33
3.4
0.49
2.09
0.87
1.28
2.95
1.24
3.99
4.41
2.67
0.53
2.6
4.28
3.29
0.04
0.73
2.61
1.51
1.51
3.03
4.37
4.76
0.85
4.7
3.84
3.52
2.49
1.71
4.92
4.16
0.11
1.06
3.78
3.81
0.23
2.1
0.66
2.05
2.77
4.32
3.98
0.43
4.62
1.09
2.7
0.66
1.49
1.03
3.98
3.01
1.25
2.7
0.08
0.8
2.39
2.22
1.27
0.92
4.26
2.66
4.36
0.5
3.18
2.07
1.97
3.65
3.31
1.08
2.71
3.32
0.71
3.3
2.87
3.26
2.24
1.7
1.27
1.07
1.05
0.02
3.71
1.63
3.11
0.87
2.69
4.31
4.08
2.63
0.93
0.14
3.61
0.36
0.42
4.24
4.78
4.02
1.14
3.37
1.89
4.89
0.56
0.08
0.96
4.01
4.67
4.27
4.93
2.9
4.39
0.52
4.56
0.42
2.88
1.07
4.89
3.11
4.9
3.09
2.03
4.14
1.99
0.8
1.93
0.76
2.61
3.31
1.49
1
3.81
4.68
1.07
4.13
1.89
2.28
4.27
4.18
3.48
4.96
2.18
1.32
0.4
4.87
1
2.77
0.44
1.5
4.74
1.82
4.61
0.84
0.16
4.15
2.42
2.53
2.22
0.86
0.25
0.91
3.28
2.78
3.05
0.89
1.54
3.53
0.52
4.9
3.62
0.23
4.64
0.82
0.61
4.02
1.03
3.96
3.76
1.58
4.63
3.19
3.2
3.82
2.38
0.82
4.03
4.75
4.5
0.54
2.27
2.45
0.18
0.84
0.71
4.92
1.97
2.52
2.62
0.91
3.15
1.72
4.62
0.96
1.43
1.46
2.27
2.51
2.21
3.95
0.91
4.75
0.28
3.5
2.48
0.15
1.27
3.48
1.5
1.58
3.28
0.5
3.94
3.27
4.06
1.82
4.13
1.43
0.63
0.13
3.19
0.17
3.36
3.41
4.72
3.13
1.69
0.36
3.72
0.69
0.4
1.89
2.64
0.82
4.63
2.76
1.46
2.16
2.52
0.41
1.85
2.11
3.32
1.52
4.13
2.55
3.05
1.47
3.54
0.2
2.28
0.15
0.39
3.79
1.55
0.12
1.41
1.6
4.17
0.24
4.94
3.94
4.86
0.82
3.73
0.4
4.15
0.74
0.02
1.14
3.08
1.1
0.92
4.06
0.8
2.87
4.18
0.81
1.62
1.26
1.34
1.7
3.55
4.31
4.98
0.14
1.04
3.34
3.3
0.43
1.79
3.34
4.93
2.71
3.56
2.46
4.68
3.42
2.33
0.85
2.13
2.81
4.57
3.1
4.92
2.33
2.26
4.27
1.7
0.66
0.74
0.93
4.56
4.09
4.7
3.83
3.46
2.97
3.73
3.41
0.72
0.93
1.8
0.71
2.46
4.84
4.2
0.97
0.99
1.61
1.56
2.85
1.5
4.41
4.21
1.72
4.49
1.63
4.75
3.64
2.83
3.03
4.06
4.1
2.9
2.1
1.95
0.14
3.34
3.61
4.42
2.42
4.06
0.56
1.64
4.34
2.52
4.39
1.43
1.02
1.83
2.91
4.52
3.37
4.76
1.65
0.57
2.85
2.17
4.95
4.17
2.07
1.4
2.24
3.27
1.97
1.86
3.51
4.35
2.77
4.14
4.2
1.63
2.33
1.07
4.82
4.71
3.19
1.94
0.08
0.74
2.98
2.32
0.61
1.02
0.72
3.47
1.33
1.79
3.79
3.01
3.45
4.7
1.62
1.85
4.61
0.39
4.23
2.37
2.3
3.92
0.13
1.29
3.89
3.75
2.34
4.63
2
3.77
1.95
0.67
1.43
3.53
4.11
2.56
2.44
2.11
3.89
0.82
2.69
0.09
2.94
0.26
1.3
0.13
1.21
1.78
4.97
0.43
0.35
4.48
4.78
2.21
1.65
0.42
0.53
3.42
1.25
4.84
3.15
1
3.63
3.92
0.56
1.97
1.66
0.93
1.12
2.4
2.74
4.91
3.32
0.02
1.42
0.71
0.85
0.34
2.84
1.27
2.28
3.57
2.22
3.87
1.24
2.21
0.98
4.06
0.63
4.62
3.41
1.1
0.85
1.14
3.26
4.42
2.49
4.15
2.51
3.63
1.27
3.94
1.57
4.46
1.04
3.09
0.96
0.93
4.56
0.78
1.76
0.88
0.23
3
0.09
3.07
2.75
2.66
3.58
1.42
0.58
3.82
3.47
4.17
1.01
3.33
3.34
2.07
1.8
0.72
4.42
3.79
3.17
3.03
1.37
4.2
4.37
0.48
0.65
0.36
4.46
3.64
1.59
0.66
1.97
1.59
2.43
0.14
2.1
0.98
2.72
4.56
0.8
3.99
0.41
0.11
1.03
0.03
3.51
3.26
1.71
3.48
4.96
2.46
2.97
0.78
0.22
2.77
3.34
1.02
0.14
4.41
4.93
1.88
0.39
3.16
1.88
3.9
0.58
2.39
4.29
1.41
1.91
3.85
4.84
0.39
0.37
2.39
4.47
2.53
4.19
2.18
4.02
0.86
1.33
1.54
4.49
1.3
0.96
4.47
4.2
1.97
3.98
2.47
4.42
3.5
0.48
2.75
3.72
3.74
3.33
1.92
4.67
2.78
3.08
3.2
1.27
1.1
2.95
0.18
1.08
3.75
0.44
1.65
3.05
3.17
3.04
1.33
1.45
3.8
4.3
2.21
4.57
4.01
2.88
0.4
1.65
4.02
4.63
0.47
1.54
3.31
2.71
3.68
3.83
2.84
1.17
1.98
2.91
1.95
0.14
0.52
1.56
2.35
4.81
3.5
4.59
2.17
3.05
2.38
4.58
3.22
4.68
0.7
4.37
3.2
0.28
2.45
1.8
4.01
3.42
4.63
0.49
3.45
3.18
3.25
3.16
0.08
0.74
2.12
4.14
1.61
1.47
0.95
3.21
1.42
1.41
2.95
1.35
1.34
2.59
4.73
1.61
2.6
3.77
3.8
2
1.19
1.88
4.35
1.91
0.47
4.14
2.66
3.54
0.53
0.9
4.98
4.41
1.29
0.11
4.95
1.8
1.05
2.69
3.7
0.85
2.46
4.22
3.45
0.51
3.11
4.56
0.3
4.67
2.72
3.56
3.5
1.07
4.39
5
2.18
0.76
3.41
0.82
1.4
1.78
0.09
4.42
1.75
0.02
4.24
4.88
4.1
0.32
3.4
4.09
3.44
3.83
3.18
2.45
3.3
3.29
0.72
4.21
4.01
3.47
4.19
2.56
2.07
0.39
4.2
3.78
0.52
1.34
2.55
1.17
1.73
4.12
3.94
1.3
2.48
0.27
4.89
2.6
4.71
1.76
1.12
4.19
2.77
0.05
1.39
0.62
4.08
2.88
4.5
4.14
3.7
1.14
2.3
1.84
2.3
0.09
1.31
2.61
1.27
0.49
4.66
3.87
2.6
3.87
2.77
2.42
2.28
3.22
0.49
2.06
4.83
4.63
3.63
1.05
2.24
0.57
3.18
2.07
2.82
2.57
2.27
1.26
