4.52
2.12
0.84
1.85
0.45
1.95
2.8
1.13
2.18
0.85
1.59
2.39
4.46
4.11
3.26
0.04
4.13
2.83
3.42
4.23
4.53
2.88
3.24
4.04
0.04
3.29
3.62
5
2.11
1.42
4.27
2.57
1.77
2.95
4.23
0.26
0.74
3.76
1.5
0.33
2.66
2.95
0.4
1.77
1.19
4.74
2.06
0.6
1.55
1.46
2.24
1.2
3.68
2.86
4.3
2.08
4.79
1.76
2.53
1.62
1.06
4.69
0.18
1.86
3.15
2.97
0.07
2.22
3.4
1.38
3.6
1.22
0.22
3.19
1.63
2.45
1.17
4.39
3.35
2.85
4.1
4.11
4.74
4.31
2.86
2.81
4.6
4.66
3.35
1.15
3.41
0.98
0.72
4.85
4.52
3.9
4.43
3.41
4.46
4.05
0.14
0.72
3.95
0.93
0.99
4.53
0.92
1.68
3.32
3.64
0.42
2.31
4.35
1.15
3.15
0.46
1.41
4.21
2.6
2.89
3.87
0.22
4.42
1.32
2.15
2.92
2.39
3.11
3.08
4.82
1.4
4.51
1.81
0.04
3.8
4.48
2.5
0.38
0.91
1.76
3.75
2.9
2.39
2.58
1.19
0.56
1.65
3.14
3.03
0.63
2.39
1.32
3.22
2.68
1.13
2.06
2.26
4.2
2.17
2.99
0.98
2.18
3.72
2.1
3.68
0.12
1.91
3.57
1.13
4.11
2.75
0.9
1.16
4.96
2.82
4.49
4.88
2.36
2.06
4.97
1.8
2
4.88
0.35
1.71
0.99
1.91
2.49
2.54
4.71
1.8
0.95
2.74
2.62
2.73
0.4
4.58
3.39
2.53
3.08
4.95
4.97
3.98
0.05
1.19
3.99
4.29
0.67
1.32
4.46
2.58
4.32
3.3
3.74
2.17
2.96
2.77
1.28
1.98
0.77
1.74
0.03
2.6
4.7
0.72
2.36
4.68
1.05
3.1
2.91
3.96
2.46
3.87
4.7
3.19
0.96
0.59
4.35
4.56
3.29
0.29
1.87
1.63
0.94
2.47
0.94
0.37
4.92
0.96
1.62
0.95
0.21
0.95
3.87
4.25
5
3.6
4.69
2.47
2.51
2.91
3.57
1.89
0.38
0.56
2.09
2.09
4.32
1.05
3.39
4.06
3.23
1.45
3.78
2.17
3.81
1.99
0.38
4.78
3.99
1.95
3.03
3.89
2.06
1.34
0.21
0.27
1.6
0.63
3.1
2.04
4.76
1.31
0.01
4.33
3.69
0.53
4.67
2.27
4.26
1.27
2.21
0.76
2.19
1.01
1.06
3.34
2.72
0.12
0.21
1.55
4.04
3.4
0.88
2.69
4.85
2.33
3.12
3.04
0.21
2.94
3.93
3.88
3.48
4.2
0.74
3.43
1.53
0.91
1.81
0.53
4.66
0.56
4.9
0.99
2.29
0.1
4.4
2.29
1.55
3.34
4
2.2
3.33
0.94
5
0.51
2.53
1.62
4.65
2.86
1.13
4.65
0.79
3.59
4.58
4.48
2.51
4.8
2.41
3.97
1.41
4.2
3.6
0.13
0.65
0.84
1.52
3.45
1.21
1.54
0.6
2.52
4.33
4.9
2.91
1.01
4.01
1.79
0.08
3.78
4.06
0.77
1.42
1.12
4.28
2.31
2.65
1.11
2.98
3.72
2.52
1.79
3.46
4.53
1.18
0.13
4.7
1.88
3.4
2.49
1.29
4.64
3.8
0.88
1.06
2.47
2.53
4.33
3.31
3.58
3.62
2.41
0.74
3.96
0.71
2.47
3.59
0.67
2.29
2.29
4.33
4.63
4.47
3.53
1.53
1.53
1.24
1.94
4.81
1.72
3.01
0.1
0.79
3.57
0.93
4.52
0.65
2.42
3.82
0.03
0.49
3.11
3.6
2.68
4.73
3.23
1.11
3.9
3.79
2
3.48
0.3
0.18
4.49
4.84
2.84
1.52
3
2.23
4.48
3.73
4.73
4.58
4.86
4.31
0.29
2.7
1.88
2.67
1.76
1.22
2.59
3.71
3.66
3.6
0.85
0.29
1.16
3.16
4.99
1.92
0.11
1.53
3.67
3.76
0.93
4.12
0.63
3.67
3.47
3.4
1.54
0.27
0.01
2.75
2.24
0.82
4.07
1.03
1.64
2.74
5
1.42
3.33
2.9
3.79
2.3
1.91
2.17
1.83
3.45
0.05
0.16
3.42
1.25
1.2
3.3
4.19
4.98
4.9
2.74
3.83
3.19
3.99
3.82
3.78
4.25
1.42
4.5
1.74
4.1
1.41
3.05
1.43
1.58
2.17
3.02
1.33
4.3
4.83
1.14
3.5
4.79
0.47
1.85
1.87
1.88
1.64
1.04
3.01
4.19
2.08
3.94
1.65
0.35
1.26
2.01
0.4
1.21
3.84
1.97
4.51
4.68
0.66
3.62
0.67
1.51
4.29
0.06
2.45
3.64
1.16
4.35
3.2
2.2
4.23
4.74
2.25
1.66
1.8
2.97
4.46
1.24
3.2
4.94
0.22
3.99
3.2
4.52
4.95
0.06
0.39
4
0.88
3.17
1.2
1.73
4.93
1.49
2.22
4.88
2.59
0.78
4.7
3.41
3.81
2.1
4.89
2.36
0.83
2.4
0.62
2.41
4.43
3.67
0.59
4.41
1.74
0.44
1.35
0.05
4.32
0.86
4.67
0.96
4.78
0.11
2.16
2.23
2.03
1.14
0.51
0.3
0.99
0.25
3.51
3.05
0.02
0.95
4.97
0.47
0.16
3.14
1.14
1.51
1.35
4.62
3.39
1.52
2.91
1.17
0.56
3.88
1.8
2.41
1.91
3.65
1.11
4.12
4.86
2.66
1.21
0.91
1.14
4.95
0.43
4.77
2.91
2.12
2.21
0.67
0.54
2.86
0.64
4.82
4.14
3.06
2.88
4.63
0.44
2.16
4.44
4.55
3.85
1.94
1.46
2
0.39
1.07
0.41
0.83
1.17
3.56
3.69
4.23
3.34
0.46
0.25
2.41
3.89
0.78
3.71
0.6
2.54
1.37
3.76
2.38
4.6
1.4
1.83
1.32
3.07
0.35
1.45
2.22
2.43
0.35
2.43
0.83
0.75
2.7
4.32
4.98
3.44
3.6
0.11
4.52
0.21
1.15
4.01
2.69
1.57
0.02
1.06
3.88
2.07
0.55
2.03
4.05
3.07
1.49
3.88
3.84
4.56
3.46
4.68
2.42
2.42
4.13
2.77
3.25
2.25
0.12
2.66
3.05
4.31
3.93
2.18
0.76
0.1
1.17
2.89
0.88
3.97
3.41
3.77
4.58
3.53
3.56
4.39
2.42
2.88
0.58
2.21
0.05
3.71
3.7
0.16
0.68
2.04
0.15
2.62
2.11
2.08
2.22
5
1.56
2.54
2.91
4.87
0.5
0.67
0.98
1.88
0.64
2.16
0.26
4.91
4.56
4.29
3.2
4.46
3.95
3.55
2.1
3.62
1.07
4.01
1.6
1.27
0.58
0.16
1.44
3.61
4.39
2.17
0.92
0.51
1.99
3.5
1.98
3.06
3.58
3.78
3.76
3.34
2.88
3.49
0.7
0.16
2.08
1.45
2.17
1.31
3.15
0.02
3.84
4.02
0.7
2.05
1.48
1.38
0.4
1.73
1.28
0.36
2.23
1.45
1.94
0.03
4.26
3.39
2.2
3.67
2.35
0.03
2.65
2.55
2.6
3.79
1.19
2.2
4.64
2.61
2.65
0.46
4.03
2.32
3.78
0.79
1.42
0.55
0.84
1.47
3.4
2.93
3.04
2.63
3.17
2.18
1.91
0.39
1.35
2.68
4.07
1.28
4.13
0.46
0.27
3.05
2.85
2.75
4.92
4.16
2.83
3.82
2.6
2.22
0.72
0.16
3.35
0.67
2.55
4.38
0.39
1.23
2.3
2.35
0.31
4.35
1.11
4.96
0.82
0.65
3.78
3.97
0.93
0.48
0.08
4.05
2.72
4.29
4.38
0.73
3.9
3.47
4.85
3.96
0.53
1.73
3.95
2.3
4.21
3.05
1.5
4.21
1.52
3.87
3.22
2.32
2.61
1.39
2.64
1.59
3.14
3.66
4.5
1.02
0.25
1.8
0.93
0.92
1.12
3.32
3.6
4.05
3.16
2.4
3.31
1.57
1.92
0.17
4.37
4.59
2.75
4.46
3.22
3.88
3.02
4.25
3.65
3.87
3.18
1.7
4.04
3.97
1.59
3.63
1.94
1.83
3.13
4.77
4.39
1.96
0.2
1.04
2.28
3.38
4.27
0.35
0.04
1.17
0.84
1.95
4.23
4.77
0.65
0.6
1.08
0.45
0.1
2.2
2.7
1.27
1.69
2.09
1.17
0.54
0.26
1.65
4.7
3.11
3
0.8
0.71
1.88
0.8
2.35
3.42
2.24
4.97
0.72
4.22
4.55
1.27
3.05
2.88
2.36
2.05
2.04
1.16
1.93
3.77
0.3
3.86
4.86
3.68
1.77
2.61
4.59
3.43
0.03
2.8
3.78
4.92
0.88
4.44
0.83
3.18
1.73
4.71
4.15
3.24
3.65
1.44
0.4
0.1
2.38
2.87
2.63
2.74
0.24
2.57
3.51
1.36
3.5
3.79
4.7
3.14
0.79
4.29
0.95
4.65
2.5
4.94
1.38
4.43
2.66
2.95
0.97
0.16
4.96
2.47
3.57
3.85
1.51
1.07
2.56
0.2
2.39
0.5
3.88
0.98
1.54
3.76
3.43
2.19
2.49
3.96
2
4.45
2.25
3.36
0.06
4.94
1.74
1.44
2.24
2.42
1.43
1.68
4.92
3.23
2.49
1.91
1.62
0.18
3.89
4.19
4.43
0.81
2.63
2.43
2.82
4.07
3.27
0.05
2.21
0.49
2.4
4.33
0.4
2.84
3.84
0.29
4.55
0.91
0.85
0.27
3.97
1.58
4.76
2.91
2.66
4.04
2.13
3.83
1.63
3.12
0.42
3.66
3.94
3.83
0.01
0.72
3.81
0.09
2.96
4.57
2.88
3.23
3.64
4.1
3.73
4.55
0.06
2.05
4.82
4.32
3.26
4.93
4.93
4.19
1.04
2.03
2.58
2.1
3.94
1.11
1.1
0.23
0.38
2.2
0.11
1.44
4.73
2.85
0.5
1.73
4
3.08
3.33
3.86
4.7
3.79
1.57
1.81
0.7
1.03
1.2
4.93
0.75
3.69
1.22
4.66
2.93
2.16
2.16
4.53
0.92
4.25
2.15
0.05
3.92
1.31
0.55
3.83
2.34
1
1.26
3.07
4.69
1.61
2.55
0.13
3.71
1.5
3.69
3.06
1.82
4.84
2.72
4.25
2
0.55
3.39
4.96
0.92
1.47
3.22
0.54
2.95
2.7
0.11
4.67
2.01
2.2
3.79
3.68
3.54
2.76
3.32
4.21
0.57
2.46
3.04
0.21
4.06
3.22
4.48
1.14
0.67
4.16
4.89
4.19
4.1
4.82
1.71
2.43
0.29
0.44
1.7
2.23
1.89
0.89
2.74
4.42
2.92
2.75
3.73
1.61
4.98
4.56
0.51
0.89
2.73
0.55
4.09
4.12
2.69
2.99
4.91
1.67
2.71
3.17
2.58
3.42
4.61
2.47
4.68
1.47
3.75
0.06
1.5
2.71
4.4
0.63
2.27
1.16
1.03
3.91
2.84
4.49
0.4
0.89
2.27
4.28
3.56
4.99
3.3
1.76
0.79
2.48
2.34
2.56
0.98
1.46
1.59
3.74
4.81
4.53
3.97
0.22
2.86
3.45
3.53
0.36
2.32
1.54
3.88
2.97
3.51
3.11
2.51
2.53
4.07
1.24
0.11
1.79
0.15
4.02
2.56
0.12
2.07
3
1.18
0.06
3.11
4.75
3.87
4.44
2.22
0.87
3.64
4.19
0.38
3.17
4.83
0.04
3.35
2
2.24
4.65
4.73
1.55
4.01
1.68
4.76
0.96
1.3
0.64
1.47
2.35
3.16
0.76
1.03
0.66
0.44
1.68
4.19
0.47
4.35
4.38
0.12
4.85
4.24
0.34
1.07
1.24
3.3
0.17
1.15
1.29
2.19
4.3
4.09
3.43
2.52
2.75
4.08
0.81
3.87
0.96
4.83
2.45
3.05
3.44
3.5
1.53
1.39
3.07
4.79
2.92
1.44
3.34
4.1
3.88
4.14
3.17
2.98
3.64
3.82
0.13
0.64
4.53
3.26
3.79
3.36
2.61
4.51
3.65
4.4
1.54
0.54
4.76
4.37
0.92
0.36
3
1.88
2.74
1.86
0.66
3.69
2.17
0.57
3.64
0.38
2.86
3.49
1.62
1.98
4.39
3.28
0.52
3.47
0.21
2.69
3.29
4.47
0.29
2.57
1.49
4.23
1.29
1.58
2.62
0.23
1.43
2.83
4.93
0.32
0.42
1.29
1.7
3.1
1.38
3.09
2.37
1.03
2.56
2.21
2.15
3.22
1.73
2.15
1.38
2.33
2.75
0.67
1.44
4.89
2.97
4.14
3.83
4.72
0.01
2.9
3.56
2.57
3.77
3.43
3.1
3.93
0.58
4.29
4.03
2.78
4.22
4.37
0.33
1.23
3.56
2.54
0.69
2.9
2.48
4.82
3.12
1.88
0.73
5
1.87
3.39
4.2
0.32
0.7
2.62
2.23
1.34
2.37
0.22
3.24
3.65
2.4
2.5
0.52
0.68
2.77
0.87
4.76
4.6
3.97
4.78
4.03
1.06
0.76
0.1
2.72
2.49
2.96
1.04
4.82
3.76
3.8
4.98
2.11
4.96
3.68
3.68
0.18
1.78
4.59
1.34
2.95
4.78
3.72
3.31
1.15
0.7
2.34
0.47
2.67
0.62
2.72
3.48
3.51
4.86
1.86
0.92
0.42
1.71
2.29
2.71
1.32
1.8
2.17
1.24
4.09
4.32
1.89
2.92
1.97
4.31
4.54
4.61
2.55
4.81
2.94
3.39
4.33
2.13
4.21
0.31
1.35
3.29
0.4
3.95
1.36
1.48
3.25
0.16
0.04
4.74
1.96
4.48
0.2
1.05
1.4
0.06
3.42
0.88
1.28
0.43
0.89
4.4
0.34
1.26
2.19
4.14
3.74
3.79
1.32
1.84
0.6
1.23
2
4.62
0.05
0.84
2.35
2.09
1.39
0.39
0.71
4.53
0.65
0.4
4.23
1.08
4.98
4.76
1.62
1.69
0.67
1.2
4.61
4.06
0.08
2.08
4.75
1.36
0.4
1.59
1.26
0.88
1.38
3.39
0.78
3.4
0.1
4.41
3.61
0.87
3.91
1.65
2.02
2.4
4.82
0.43
3.96
1.87
1.01
3.85
3.76
2.79
3.78
3.7
3.13
1.24
1.63
4.85
1.9
2.44
4.07
3.59
1.83
2.78
4.44
1.55
4.95
2.22
1.34
4.38
1.25
1.36
2.66
0.4
4.59
2.19
2.94
4.9
0.72
4.88
4.69
1.99
0.14
0.16
1.73
2.65
1.01
2
1.89
3.01
3.81
3.36
4.67
3.52
0.23
3.1
0.01
2.04
2.51
2.36
1.7
1.82
1.66
2.97
1.02
0.26
3.97
2.8
2.41
3.99
4.85
3.44
1.06
0.29
1.35
4.69
4.03
1.34
3.77
1.69
1.51
2.24
2.71
1.96
3.56
4.53
4.31
2.62
2.76
1.38
2.16
1.63
2.97
2.76
1.37
0.47
2.04
4.32
4.77
1.05
1.85
2.77
1.19
2.26
3.95
2.66
2.45
4.98
2.8
1.43
0.86
4.94
0.74
1.28
1.97
4.87
0.51
2.62
0.13
0.03
2.13
1.39
4.04
0.57
1.81
2.8
0.39
4.27
0.63
2.21
4.93
3.8
4.23
2.37
1.86
3.48
3.16
1.09
1.08
1.36
2.06
4.86
1.83
2.19
4.27
0.6
4.36
4.7
0.91
4.24
1.59
4.81
0.61
1.2
2.79
1.29
3.77
1.89
2.06
0.9
4.15
3.29
2.77
1.35
1.95
2.61
3.71
0.98
2.34
1.93
4.17
2.05
4.27
3.04
4.13
1.62
3.37
0.86
3.89
3.62
1.91
2.1
0.37
3.83
0.7
1.96
2.35
3.21
4.73
0.11
3.02
0.58
1.47
4.67
1.9
4.44
3.66
4.7
3.54
2.69
4.11
3.8
2.53
4.57
4.46
2.7
4.8
4.85
2.93
1.88
4.99
0.68
1.06
4.16
1.56
3.92
2.36
1.23
1.17
1.52
0.55
4.2
1.89
3.46
0.3
2.11
3.99
0.89
0.34
3.57
1.49
4.27
3.13
3.29
3.01
4.46
1.56
1.7
1.4
4.91
2.1
0.63
2.27
3.01
0.52
3.77
2.8
3.62
4.41
4.28
2.37
1.04
4.82
2.78
0.98
3.52
3.89
4.84
3.26
3.43
0.05
3.64
3.84
2.42
1.3
3.78
1.69
2.22
1.63
4.1
3.06
1.61
4.67
0.17
0.18
1.93
3.25
4.65
2.95
1.58
4.25
1.72
4.19
4.68
2.59
0.29
4.38
2.33
3.53
1.08
1.53
3.89
4.92
3.27
2.08
4.14
2.02
1.94
2.44
1.44
2.59
2.77
4.59
3.21
2.12
4.94
5
1.67
1.46
0.74
2.85
1
4.76
2.73
2.61
0.2
4.64
2.88
3.54
2.82
0.96
2.74
3.64
2.34
4.3
0.17
3.69
1.55
1.54
3.84
5
2.83
2.43
3.52
1.66
0.65
4.1
3.41
3.33
4.68
0.57
2.68
3.49
3.45
1.69
0.03
0.24
0.21
4.14
4.17
3.26
0.75
3.56
0.12
2.6
3.88
2.44
4.22
3.72
0.93
0.21
1.62
4.87
2.86
1.17
4.25
3.7
2.83
4.67
1.13
1.53
3.77
2.82
3.11
2.63
1.02
2.82
1.95
4.85
0.93
4.97
2.38
0.53
0.07
0.31
3.23
2.85
3.54
4.04
2.42
2.89
2.23
0.7
4.36
4.73
4.21
2.71
3.14
4.48
0.72
2.32
1.95
1.79
3.3
4.29
2.92
3.66
0.73
3.76
0.88
3.57
1.94
2.21
0.13
0.26
1.2
1.66
2.99
3.58
1.79
2.17
4.02
2.16
4.34
3.91
1.31
0.29
4.99
3.45
3.59
0.16
1.85
3.6
2.98
2.9
0.46
2.13
1.5
1.43
3.34
1.78
1.9
4.47
2.16
0.32
0.62
4.39
4.72
4.75
1.78
1.1
2.29
3.06
2.28
4.5
3.77
4.26
1.93
2.76
1.78
4.59
2.26
4.73
0.64
0.06
1.66
2.75
0.25
0.81
2
3.88
2.79
1.76
3.92
1.56
3.73
4.76
3.5
2.07
2.79
3.8
3.36
2.54
1.2
2.31
1.9
4.01
4.01
3.08
0.5
0.61
1.14
0.77
3.35
1.2
1.19
1.31
0.48
4.76
1.34
1.27
4.21
4.56
0.12
4.46
3.9
0.72
0.14
3.82
3.94
0.81
0.76
1.29
4.21
0.34
3.15
4.31
2.64
2.53
1.27
4.83
4.33
3.04
4.47
1.86
1.54
4.06
2.1
0.68
4.05
3.59
0.47
2.19
1.94
3.6
1.36
2.35
3.52
0.51
1.03
3.57
1.91
2.08
4.67
4.25
2.36
1.18
0.74
3.45
2.57
4.18
3.17
2.5
0.68
4.61
4.76
0.26
3.64
0.3
1.83
1.67
4.33
4.85
3.19
1.46
2.42
2.08
3.35
2.01
2.59
2.11
3.49
1.74
4.97
0.91
3.47
2.75
3.46
0.58
1.96
4.75
0.06
3.29
0.28
4.3
1.1
1.27
1.56
4.91
2.93
1.94
1.43
0.77
3.39
3.12
1.09
4.8
2.17
3.32
0.66
4.21
3.79
0.48
3.76
4.73
3.41
5
0.54
1.04
3.34
0.91
2.54
1.07
0.55
0.76
1.39
3.19
4.62
4.88
2.57
3.06
0.99
4.9
0.37
1.54
0.15
0.01
1.22
2.42
4.35
4.5
1.04
4.49
1.18
4.53
1.09
1.38
1.2
2.89
1.62
0.11
3.14
2.02
3.07
1.77
2.11
0.56
3.51
2.79
2.31
0.73
0.41
3.08
3.68
2.27
2.61
0.09
4.08
1.51
1.78
0.56
1.85
2.28
4.03
2.24
3.23
1.44
0.22
2.87
0.71
1.64
3.87
4.1
4.73
2.34
3.13
2.47
1.23
1.31
0.43
4.2
0.8
4.59
0.75
1.33
2.5
2.5
2.4
2.12
4.12
2
4.62
1.81
0.85
0.35
2.78
4.79
4.62
1.16
2.71
3.05
4.59
0.03
0.84
2.47
4.42
1.98
1.39
2.81
1.79
0.89
3.96
1.01
1.32
1.75
1.51
4.07
1.87
3.47
4.77
3.49
4.1
3.12
0.51
0.51
3.64
0.41
0.84
4.1
1.3
1.81
3.71
2.1
4.18
4.69
4.64
1.13
0.97
4.86
0.44
4.85
2.52
0.18
0.09
3.22
1.96
2.69
1.65
2.49
1.64
0.83
1.41
0.9
1.5
0.6
1.46
3.16
0.66
2.1
2.65
2.14
0.68
1.03
2.09
3.51
0.39
4.61
0.79
0.97
0.86
1.62
0.66
2.45
3.32
2.28
2.27
1.3
3.44
1.32
3.81
4.48
1.89
4.09
3.19
1.27
3.73
1.01
4.59
3.14
0.5
1.56
0.48
0.21
0.34
1.18
0.89
0.88
2.97
1.73
4.94
2.58
0.11
1.68
2.95
4.52
1.42
0.98
0.73
2.89
2.55
4.35
0.79
3.49
0.31
4.53
