4.74
2.11
3.63
3
1.47
4.38
1.41
1.31
2.36
2.23
1.31
0.99
0.23
4.54
0.92
4.33
2.03
1.53
1.63
1.18
3.39
0.39
4.73
1.74
3.21
1.05
3.65
4.84
0.15
3.79
1.79
4.9
2.98
0.35
1.82
2.13
3.41
1.29
0.7
2.85
2.31
4.59
3.33
4.38
4.05
4.94
0.63
2.99
4.37
1.3
4.97
4.15
4.73
4.87
4.95
4.83
1.12
2.37
0.17
0.9
4.28
2.44
3.46
1.67
1.68
2.34
2.76
0.77
3.42
4.66
4.85
2.23
4.92
1.78
1.9
3.72
4.04
1.27
1.95
3.64
1.49
0.19
0.96
3.21
0.35
4.39
0.96
4.17
2.82
1.68
3.23
4.7
4.42
4.24
3.83
3.62
4.91
1.99
0.3
0.35
1.1
4.62
1.32
0.83
4.08
0.94
2.63
3.36
2.08
3.82
2.14
1.82
4.7
3.81
2.23
2.14
1.09
3.96
0.63
3.57
3.44
0.65
3.41
4.57
2.55
1.54
3.56
2.81
0.13
4.38
3.74
3.37
4.4
4.95
4.54
4.39
2.92
3.54
2.98
3.08
2.47
4.85
0.59
3.47
3.65
2.3
3.28
3.66
0.73
0.71
3.22
2.81
0.59
0.44
4.3
4.12
3.5
4.77
2.19
4.72
4.06
1.99
1.08
4.52
2.77
1.23
3.85
3.91
2.1
0.3
0.79
4.24
2.04
2.7
3.7
3.21
4.25
2.91
0.7
3.24
0.71
0.83
2.8
3.93
0.21
1.59
3.68
1.38
4.33
3.69
3.15
3.06
1
2.75
0.01
0.91
4.5
1.52
0.25
1.96
1.57
2.28
1.18
4.93
3.74
1.9
1.69
1.56
4.71
0.09
3.38
0.86
2.94
2.08
4.86
1.37
1.98
1.07
3.12
3.03
0.68
3.45
0.58
1.99
3.45
1.72
3.5
0.17
3.49
1.43
2.94
0.08
0.68
4.95
4.72
1.63
4.22
4.81
4.92
0.89
3.95
0.23
1.94
1.26
1.54
1.77
2.63
4.03
1.9
4.36
2.11
3.93
0.98
1.39
3.5
4.67
3.94
3.53
0.36
4.39
0.5
3.94
2.63
4.7
2.98
3.13
2.7
1.7
1.01
2.35
3.41
1.56
2.95
3.46
1.49
0.19
1.14
2.78
2.98
0.48
2.11
4.92
1.85
2.8
4.67
4.1
2.89
3.62
2.81
0.05
0.2
1.18
4
0.45
1.22
4.94
1.8
1.54
2.68
2.31
3.81
4.61
4.8
3.68
1.21
1.5
2.89
0.26
4.49
3.44
0.83
2.89
4.56
1.29
1.27
1.46
2.08
4.71
3.18
3.94
0.73
0.93
0.5
3.93
3.7
0.26
1.19
1.03
2.41
0.54
4.72
3.22
0.02
1.52
3.78
0.08
2.64
2.71
2.85
2.25
4.29
1.92
0.54
3.26
2.68
3.01
2.46
2.29
4.25
0.08
2.88
0.99
0.14
1.43
3.21
1.94
4.78
3.16
1.8
1.91
4.07
4.1
0.22
3.87
4.41
2.66
1.46
4.28
0.19
0.8
5
2.93
1.17
1.1
3.06
2.55
3.25
4.54
3.81
2.97
4.07
4.64
3.79
1.98
0.73
3.98
3.79
1.87
4.69
4.32
4.53
0.37
0.25
3.97
4.68
3.71
4.74
1
4.83
0.82
4.86
1.39
1.9
1.97
4.43
1
4.08
3.85
4.68
4.23
1.81
3.16
0.95
4.64
2.55
1.27
3.25
0.55
1.74
2.44
3.61
0.66
0.73
3.6
3.78
4.17
3.05
3.55
2.91
4.87
4.65
4.83
0.51
1.51
2.93
0.44
2.22
0.24
1.5
2.57
3.04
1.82
1.65
4.38
1.69
3.78
0.68
4.06
4.58
4.09
2.28
0.84
2.19
4.03
3.84
2.42
1.78
4.04
1.08
1.89
3.76
1.79
4.06
3.44
3.91
2.25
2.53
0.53
0.48
0.03
4.63
0.38
1.81
2.99
4.87
2.99
1.99
4.66
2.18
3.53
2.92
2.08
0.13
3.12
1.77
3.67
0.68
3.76
0.73
1.54
0.76
2.01
0.88
2.28
4.38
0.07
5
2.88
2.53
3.53
4.33
4.34
4.92
2.71
3.81
0.29
2.84
0.95
2.03
2
3.86
1.86
3.82
2.17
0.21
4.94
0.68
1.89
0.35
4.33
0.35
1.55
2.18
4.33
0.58
0.7
1.61
1.12
2.8
4.42
3.02
4.38
0.78
2.11
1.52
1.23
0.68
5
3.12
4.84
4.78
4.97
3.79
0.37
3.5
2.09
1.35
0.6
3.2
4.59
0.54
0.02
2.31
4.38
0.64
2.78
4.81
2.53
2.15
3.3
2.78
2.01
4.22
2.38
0.63
2
0.26
3.96
4.1
2.25
1.71
4.82
4.34
1.26
2.51
1.95
0.71
0.57
1.11
0.21
3.24
3.29
0.84
3.94
2.35
0.33
2.99
4.38
4.96
2.6
3.1
0.94
0.96
4.88
0.78
0.64
0.95
2.64
0.6
4.35
0.65
2.25
2.84
3.39
4.09
4.17
0.26
4.62
2.74
4.1
1.38
2.45
3.2
1.2
4.69
3.4
1.67
4.48
0.64
1.14
2.35
4.99
3.81
2.09
4.51
0.72
3.15
0.39
2.2
4.04
2.78
4.08
3.37
4.64
4.71
2.62
0.74
0.07
3.78
1.81
1.6
3.74
3.07
0.03
0.98
0.97
3.52
0.53
1.79
3.56
2.49
3.92
0.02
3.42
2.68
4.99
4.58
2.9
3.79
4.38
0.17
0.09
1.4
0.52
1.99
2.55
4.14
1.98
4.64
2.39
4.97
0.97
0.58
3
4.36
3.9
1.1
4.73
4.92
1.83
0.62
3.1
2.37
4.96
2.62
3.05
2.77
0.8
0.96
2.69
0.22
2.95
3.15
4.42
3.35
0.67
3.93
1.51
2.09
0.58
4.62
0.34
0.29
2.03
4.38
4.81
0.29
1.15
2.84
0.46
4.23
2.95
3.89
2.03
3.03
2.74
3.63
2.67
2.55
2.15
0.73
1.22
1.23
1.41
4.41
0.6
2.05
2.09
1.87
4.5
3.26
1.15
1.94
1.71
4.79
4.91
0.7
2.29
1.31
1.04
0.34
2.52
4.03
4.34
3.17
4.15
2.26
1.33
0.8
3.55
2.32
0.5
0.66
1.61
1.3
4.7
0.46
0.81
0.57
1.74
2.27
4.64
0.59
1.34
3.23
2.05
4.22
3.59
0.2
3.71
3.03
0.42
0.96
4.45
4.91
1.73
3.67
3.66
1.44
2.84
2.51
0.39
1.49
4.17
2.58
0.16
1.41
1.48
0.63
1.51
2.97
3.82
3.63
4.1
4.46
1.32
4.74
4.8
1.11
1.42
4.03
4.27
0.57
3.92
1.59
3.08
2.67
4.01
2.5
3.73
2.04
0.73
2.6
3.84
0.84
4.45
3.88
0.35
3.4
3.15
0.26
1.8
0.21
4.97
0.88
4.06
4.38
3.76
2.15
1.24
2.79
3.57
3.9
2.71
2.29
1.81
0.38
1.43
0.4
0.77
4.97
4.11
1.39
4.94
4.5
2.43
0.65
1.31
4.21
1.3
0.61
4.71
3.54
1.79
2.92
4.89
0.77
0.77
0.82
1.7
1.75
0.37
1.4
2.44
1.77
4.27
3.26
2.24
2.49
1.82
2.77
1.78
3.49
0.42
2.33
3.11
4.05
4.66
3.62
3.54
3.45
1.39
0.11
2.8
2.05
2.1
3.57
1.3
0.17
2.4
0.89
0.5
1.32
0.07
1.43
0.56
0.87
0.44
1.49
2.07
3.13
4.63
4.52
0.34
1.09
3.28
3.31
3.84
2.19
1.94
3.7
1.48
1.84
3.67
2.59
3.22
0.59
1.83
0.32
3.94
0.09
1.52
4.24
1.41
0.6
1.25
3.93
2.23
4.6
2.42
2.34
1.49
2.85
4.61
0.1
2.92
4.95
1.94
4.93
3.99
0.68
4.64
0.11
1.84
2.46
1.5
3.39
1.65
4.35
2.98
4.77
1.05
2.18
3.29
2.44
1.8
4.46
4.8
0.23
0.33
2.47
3.33
4.13
3.22
0.17
1.23
2.8
1.03
2.88
4.39
3.24
1.42
3.57
2.9
1.96
0.58
2.14
2.01
1.48
3.62
3.57
1.84
0.07
4.46
3.02
3.08
1.76
4.13
1.63
4.21
3.46
2.01
3.92
1
1.69
4.38
3.37
1.56
2.43
1.95
2
4.35
2.83
4.66
3.43
3.75
4.89
3.78
0.49
0.65
3.85
1.27
4.31
4.24
4.23
0.19
1.26
0.62
0.61
4.22
2.57
0.71
4.1
3.59
4.91
3.39
2.18
3.69
2.84
3.1
4.05
1.09
0.99
1.22
1.42
3.97
2.77
4.22
3.73
2.19
1.83
2.29
4.43
3.93
4.97
3.95
0.94
0.23
1.9
2.78
0.61
3.13
1.22
2.71
2.89
4.61
2.11
2.95
0.12
3.21
2.61
0.16
2.29
1.15
2.1
0.42
2.55
0.31
0.88
0.95
2.15
4.6
3.49
1.31
2.82
4.87
2.53
1.75
3.48
2.15
3.23
0.78
4.76
3.28
3.01
4.59
0.85
1.79
3.36
3.22
4.86
3.14
0.86
0.91
4.4
4.37
2.93
3.84
1.09
3.74
4.39
2.36
4.42
4.92
0.04
4.08
3.3
4.59
2.16
3.12
0.18
2.82
1.28
1.11
2.56
1.19
0.74
1.17
0.58
1.3
2.98
0.42
3.26
2.93
1.55
2.9
1.63
1.11
0.63
2.57
4.15
1.52
2.62
2.98
0.57
0.77
3.52
2.18
1.18
3.77
1.11
4.43
1.63
0.21
4.51
2.33
4.37
2.95
3.89
2.3
0.29
1.03
1.69
2.52
1.57
2.79
3.41
2.16
2.31
2.18
4.69
0.36
1.99
4.07
0.95
0.23
3.65
4.81
0.75
3.9
2.99
2.37
3.06
0.78
2.8
1.52
0.11
4.75
2.18
1.21
4.45
1.12
3.34
0.88
0.96
1.02
1.88
0.64
2.72
1.61
2.37
4.7
0.26
1.11
4.7
0.41
4.94
2.51
2.65
2.7
0.3
1.41
1.47
1.43
2.73
2.46
2.85
2.53
2.11
1.18
4.79
1.22
1
2.16
0.8
3.28
3.61
2.6
1.25
0.78
3.17
0.96
4.07
0.26
1.45
3.13
2.15
1.54
0.77
4.97
3.91
2.57
0.59
1.27
2.85
0.21
0.67
2.67
4.74
3.82
3.86
1.07
2.47
4.23
4.79
4.02
0.57
0.58
2.61
3.97
3.52
3.97
0.85
2.37
0.95
2.08
2.59
1.76
0.97
1.74
2.34
2.13
4.06
1.09
2.39
3.83
2.58
1.67
3.79
1.91
3.4
0.15
3.23
4.78
4.93
4.79
0.96
4.93
2.24
1.87
1.96
4.78
3.64
4.52
3.3
1.77
0.6
1.36
2.67
3.52
0.39
4.19
4.9
3.56
4.63
2.95
4.84
1.13
2.78
2.72
1.55
4.83
3.36
0.38
2.39
2.59
0.8
4.79
4.53
2.43
4.21
1.43
2.88
0.53
2.47
3.94
0.62
0.93
0.79
1.59
3.01
4.63
4.93
1.97
0.11
1.7
4.9
3.23
1.46
4.66
0.56
3.26
3.9
3.44
0.49
3.36
1.9
2.15
0.13
1.21
1.64
3.46
4.12
3.88
4.21
1.5
2.25
4.38
4.56
4.02
1.14
0.69
2.74
1.17
0.21
1.28
3.68
2.08
0.4
1.78
4.19
4.03
1.62
4.93
1.55
4.46
2.27
1.45
4.21
2.96
2.35
2.76
2.99
0.53
4.16
3.02
0.52
2.21
0.65
2.22
1.96
4.32
2.25
4.97
3.44
1.89
1.2
1.35
2.63
2.38
4.25
2.5
2.08
0.94
3.86
0.22
4.99
2.76
3.52
3.51
3.27
4.59
3.4
1.13
3.09
0.15
1.32
2.41
1.57
3.59
0.58
4.13
2.23
0.39
1.06
4.33
3.69
1.48
3.13
0.19
0.61
1.82
0.09
2.46
1.3
4.65
4.39
0.37
2.69
1.25
2.25
0.34
2.18
0.43
3.3
2.77
2.02
3.1
0.8
0.81
3.78
4.23
1.61
1.15
2.6
0.46
1.19
3.43
0.88
0.32
4.9
3.64
2.36
2.47
2.43
2.04
4.37
3.74
1.68
0.68
4.67
0.3
4.69
4.98
2.49
3.85
4.15
0.04
2.6
4.61
3.61
3.22
2.91
3.02
4.81
2
0.59
3.83
3.29
1.44
2
1.73
0.86
4.65
0.94
3.82
0.66
1.9
2.36
1.85
4.79
0.32
1.6
3.16
4.64
4.16
2.76
4.41
4.21
0.56
1.56
2.23
3.12
4.65
0.82
4.72
2.33
0.66
2.02
1.13
4.03
2.83
2.87
0.13
4.16
0.09
2.31
0.86
4.67
2.27
3.92
1.01
1
4.85
4.98
3.95
0.53
1.37
2.13
3.42
1.86
4.61
1.42
3.36
0.71
1.21
0.35
1.75
3.67
0.7
1.04
4.53
4.27
2.99
2.72
4.26
4.66
3.6
1.29
1.97
0.52
0.97
4.93
0.15
2.29
2.54
3.42
3.37
4.48
2.31
1
3.9
4.99
1.59
2.39
4.86
1.59
1.06
0.68
2.92
3.58
4.96
4.76
0.67
4.01
3.8
2.79
2.49
1.65
0.79
1.44
0.42
3.01
2.74
4.78
1.99
1.16
3.19
2.83
1.65
2.28
4.38
1.97
3.43
3.73
2.79
3.77
3.38
1.9
2.99
4.31
3.41
3.96
4.44
1.26
3.08
1.03
3.9
3.88
0.35
1.78
2.46
3.79
1.01
0.49
1.81
3.12
4.01
0.04
3.98
3.03
0.15
1.22
1.44
4.9
1.62
2.48
2.8
2.99
1.37
3.06
3.8
0.72
2.33
3.87
4.88
1.14
2.17
2.32
4.67
2.81
0.11
1.89
0.23
4.68
1.49
0.74
0.52
0.57
2.08
2.69
1.32
3.55
4.34
0.04
0.15
2.53
3.26
0.82
0.27
1.79
1.18
1.62
2.74
2.8
4.72
4.6
1.98
4.88
1.24
1.27
3.37
1.84
0.84
3.93
4.1
1.09
0.3
4.56
0.12
4.17
4.61
1.56
3.38
0.88
4.79
3.57
3.43
4.19
3.22
0.38
1.75
2.16
0.65
3.16
3.88
1.3
4.04
0.61
3.85
4.56
4.59
2.89
0.58
4.69
2.73
1.63
1.23
4.87
2.84
0.58
2.39
1.63
2.86
4.32
2.75
2.96
2.56
1.52
0.49
0.57
3.11
0.45
2.76
3.05
2.19
3.32
3.54
2.81
3.7
3.55
1.74
4.56
2.76
2.27
4.12
4.75
0.18
2.03
2.17
2.79
4.01
2.08
2.2
1.6
2.99
4.72
4.88
0.52
3.7
4.34
4.85
0.98
2.53
4.04
2.19
0.79
2.2
3.58
2.2
4
2
0.43
4.52
3.9
1.36
1.61
2.77
0.66
0.73
0.88
3.54
0.36
4.76
1.88
1.4
0.62
4.02
3
1.52
4.3
3.15
3.35
0.89
0.17
0.29
1.93
0.31
2.5
4.19
3.61
0.75
3.85
0.31
2.97
1.69
2.66
4.21
0.01
3.91
1.66
1.78
2.9
3.16
2.97
4.74
3.22
0.47
1.26
1.17
0.4
2.51
0.73
2.81
2.94
4.42
0.19
3.4
2.52
4.47
2.49
2.53
1.94
3.7
1.17
1.82
2.09
3.31
2.06
4.5
4.82
1.74
1.82
4.21
3.7
0.59
2.18
2.43
0.03
4.07
1.27
2.42
2
3.38
2.29
3.31
1.03
2.91
3.93
1.46
2.4
4.29
4.01
3.1
3.36
4.9
3.2
2.46
4.3
0.63
3.65
3.38
2.26
4.85
3.52
1.62
2.07
1.63
2.72
4
1.48
3.46
4.62
0.66
1.78
3.57
2.63
2.59
4.77
2.38
3.39
0.38
3.71
4.05
3.57
1.11
1.23
1.85
1.22
0.29
4.44
1.15
4.25
1.35
4.04
2.22
3.77
2.55
2.35
0.05
4.56
1.35
0.3
4.46
4.56
2.02
0.08
1.97
2.99
0.93
4.92
0.02
2.84
4.76
3.89
2.3
1.18
4.77
1.48
4.09
1.65
4.61
3.43
0.66
3.89
2.03
4.82
4.29
1.51
4.29
0.07
1.23
3.46
3.65
2.2
1.49
0.08
0.59
0.92
1.37
2.16
2.1
1.69
4.34
1.87
4.64
2.41
2.22
1.15
1.45
2.01
4.31
4.87
2.15
2.31
2.35
0.42
3.67
4.76
0.83
2.63
3.49
2.93
1.1
1.07
3.11
0.64
0.48
1.19
1.98
0.74
3.9
1.8
0.05
3.42
3.91
1.55
4.05
2.06
2.68
3.76
3.34
3.24
0.59
3.94
1.81
4.15
0.46
3.07
1.22
4.32
1.67
3.48
4.22
1.95
3.92
1.73
0.98
1.85
4.16
3.49
3.03
2.04
1.37
1.92
3.39
4.81
2.65
1.33
1.07
1.63
0.5
4.57
0.4
0.96
0.53
5
2.78
4.12
4.66
0.4
4.4
0.39
4.96
3.94
1.97
1.66
4.15
0.68
3.5
3.47
4.91
1.2
2.1
3.13
4.66
4.54
2.92
1.59
0.94
4.4
0.2
1.63
3
1.01
3.15
4.92
0.99
0.74
1.22
3.31
4.39
4.47
3.58
2.5
1.35
3.97
2.48
2.43
2.03
4.06
4.54
4.41
2.23
2.01
1.68
0.99
3.84
4.39
0.7
4.13
2.25
4.1
4.44
0.99
0.11
0.82
2.07
3.42
3.85
4.89
3.82
3.78
3.59
0.77
2.07
2.11
4.75
3.55
3.61
1.72
3.5
3.55
2.56
1.88
1.27
4.6
1.89
3.25
0.58
4.93
3.14
3.61
0.03
3.72
0.3
1.34
2.11
0.51
0.59
0.72
4.89
4.32
4.45
0.25
4.34
2.63
0.33
2.74
4.77
3.26
4.27
0.88
3.23
1.15
2.17
2.95
4.11
0.39
1.23
0.31
0.52
1.32
4.7
1.71
4.23
2.05
4.29
3.32
0.54
3.73
0.82
1.96
3.98
1.68
3.55
2.91
4.36
0.09
3.2
1.93
4.44
4.64
3.73
0.54
4.84
3.9
3.97
4.02
0.28
1.74
2.13
1.81
2.47
3.81
0.21
4.68
1.96
4.37
0.44
1.44
0.78
4.66
1.42
3.38
4.65
3.26
1.36
4.99
4.88
3.69
2.04
2.79
2.09
2.38
1.04
2.61
3.08
2.87
4.97
1.9
1.9
3.26
1.05
0.03
0.44
4.26
1.77
1.99
4.32
2.26
2.54
4.45
0.73
3.9
4.28
0.17
2.27
0.89
2.86
2.45
3.62
3.21
2.19
4.31
2.73
1.42
4.82
0.99
4.43
4.96
4.95
2.61
0.47
3.14
4.98
4.18
4.09
2.42
0.62
0.22
1.51
3.84
0.34
1.97
0.18
3.98
2.58
3.96
1.96
0.01
1.8
1.24
0.81
0.78
3.33
2.78
3.45
1.52
3.01
1.13
1.68
3.76
0.61
1.59
2.46
3.41
1.18
3.98
0.75
2.34
3.69
1.21
1.76
2.04
4
4.48
2.75
1.46
4.24
1.24
4.89
3.53
3.38
0.91
2.94
0.16
3.38
2.96
2.67
3.22
1.02
3.67
3.84
0.01
4
2.65
0.06
3.54
1.27
1.64
3.33
2.43
2.84
0.27
3.24
0.01
0.14
4.42
0.16
1.18
4.11
1.35
0.8
4.13
1.21
2.98
2.88
4.1
2.21
0.49
3.89
0.67
1.21
3.76
0.5
4.49
0.72
3.09
3.44
3.84
2.3
1.69
4.52
2.46
2.15
2.38
1.38
3.67
3.06
2.1
1.15
2.33
1.38
0.86
2.42
3.2
1.98
3.21
3.7
0.52
0.83
0.45
3.74
3.32
2.25
2.71
4.39
3.49
2.12
3.33
4.4
0.31
1.71
4.73
2.71
4.31
3.09
1.86
1.18
2.82
2.48
1.37
4.4
0.15
2.87
0.59
3.83
4.02
3.95
2.74
3.49
2.43
3.05
2.87
4.27
2.66
3.69
1.46
0.57
3.54
3.72
4.32
1.63
3.31
3.93
3
1.99
4.97
1.51
2.25
2.75
2.12
3.6
3.25
0.93
3.59
2.93
4.7
4.87
3.16
2.97
2.72
3.72
1.56
3.27
0.91
4.18
4.59
0.99
1.67
3.49
0.96
0.43
2.26
1.93
0.39
2.11
3.54
4.12
1.97
0.51
1.73
2.03
0.49
1.61
2.04
2.67
4.39
2.85
1.23
0.19
4.66
0.67
1.8
4.7
4.35
3.32
2.16
4.5
0.02
4.33
2.13
4.78
3.97
3.19
0.29
3.94
2.43
3.97
0.35
0.53
4.24
4.94
3.96
3.71
2.99
4.29
0.13
4.92
3.26
2.79
1.51
3.45
0.41
2.96
0.93
2.6
2.14
2.54
0.56
0.29
3.63
4.32
0.02
3.97
0.63
1.14
4.89
1.26
3.45
3.45
3.93
0.88
3.85
1.49
1.24
4.75
4.53
3.32
4.36
4.58
3.57
4.07
1.52
0.68
1.45
2.74
1.89
0.5
