3.84
2.66
2.75
0.99
0.56
1.46
1.65
1
0.28
0.04
3.01
0.57
0.26
2.49
1
3.73
2.24
2.74
1.81
0.39
0.43
3.57
1.63
0.81
3.69
3.58
2.56
2.31
1.43
4.24
0.57
3.28
3.69
0.83
1.43
1.65
2.8
3.34
2.86
1.97
4.8
3.39
2.12
2.18
3.9
0.36
3.39
0.46
1.56
4.34
4.99
1.42
1.7
1.31
3.22
4.65
1.9
4.32
3.25
4.94
0.61
1.64
4.43
2.9
3.42
1.35
2.15
3.53
0.41
0.76
0.03
2.11
3.51
4.29
0.77
1.79
0.04
3
5
4.02
3.09
0.37
2.21
3.19
0.77
2.9
0.23
0.31
2.4
3.91
3.89
0.69
1.52
1.58
1.35
0.08
4.32
2.29
3.37
4.06
0.18
4.52
3.45
0.77
0.9
3.77
4.08
3.95
1.18
0.47
0.9
2.98
2.33
1.11
3.85
2.12
1.3
2.58
3.97
3.71
4.47
4.88
1.95
0.59
0.47
3.45
2.73
4.95
3.78
4.1
4.55
4.69
4.92
3.33
4.33
0.71
1.96
3.89
2.8
1.64
0.1
4.48
1.02
4.51
3.15
5
0.57
1.76
3.79
2.09
1.16
2.68
2.58
4
2.84
2.76
1.89
4.04
1.29
2.29
4.84
4.64
3.54
1.99
3.24
4.47
4.58
2.46
1.12
0.47
3.69
2.74
3.99
1.2
3.24
0.23
4.58
1.84
0.27
4.02
4.18
0.65
0.73
4.46
0.22
4.74
3.26
4.79
1.78
4.62
1
3.24
4.99
1.79
3.45
0.31
3.87
4.62
1.51
2.84
1.11
0.18
3.23
1.49
3.35
2.18
3.75
1.38
3.3
4.78
3.7
3.07
2.01
4.45
1.54
2.57
0.99
2.83
0.48
1.05
1.99
1.98
3.96
4.72
2.97
0.58
0.06
3.27
1.36
1.23
1.49
3.33
0.16
4.82
3.53
0.5
3.38
3.04
0.06
3.88
0.87
2.08
1.84
4.62
3.54
1.14
0.49
3.27
1.51
3.63
3.1
1.4
4.69
0.3
3.01
0.77
4.2
1.37
4.97
4.32
1.69
2.8
2.68
2.2
2.48
1.57
4.69
0.4
1.56
4.53
3.58
2.33
1.42
0.46
4.47
0.82
2.07
1.31
3.88
2.59
0.13
2.05
2.03
0.14
3.55
4.31
1.41
0.31
4.81
2.74
2.19
1.59
3.51
3.25
0.67
4.33
4.24
2.87
3.37
4.7
2.53
4.02
0.49
0.43
2.05
4.92
2.78
1.02
3.37
0.43
3.65
0.71
1.76
0.61
1.51
4.47
4.66
1.26
1.38
1.14
3.3
4.19
2.11
3.9
2.44
0.82
1.72
2.1
2.52
1.59
1.54
2.97
4.51
3.17
3.44
3.99
3.23
1.98
4.55
1.29
4.03
4.86
3.89
3.78
0.45
1.01
2.99
4.26
2.5
4.66
4.01
3.28
1.68
4.01
1.93
0.11
2.23
2.41
2.32
1.83
0.83
1.15
2.84
4.44
4.47
2.85
0.29
0.71
1.66
4.45
4.57
0.68
2.52
2.71
2.66
2.18
4.1
3.79
0.74
0.75
3.08
4.4
3.29
3.21
2.32
2.67
1.42
0.52
0.24
0.01
2.84
0.53
3.68
3.19
1.59
4.21
2.8
4.14
1.75
2.39
4.25
1.53
2.77
2.63
1.85
0.96
3.77
1.08
2.8
1.91
3.89
1.76
2.79
2.72
1.04
2.03
1.55
1.46
4.94
0.49
4.75
4.62
1.81
2.65
3.37
4.35
4.9
1.8
1.29
1.89
0.58
3.39
2.37
1.89
0.32
4.35
1.93
0.44
1.59
2.89
4.9
3.65
3.19
2.7
0.65
3.92
2.29
4.27
1.3
1.37
1.34
4.92
4.19
3.25
1.72
4.08
1.83
0.7
2.64
0.81
3.68
4.16
3.97
3.25
3.45
2.19
3.9
1.96
3.11
0.08
2.84
4.54
0.3
0.95
0.56
3.41
3.94
0.52
0.72
1.14
3.33
4.15
4.24
4.29
2.21
3.76
2.57
4.58
2.49
4.66
4.34
1.09
4.14
1.82
0.93
1.17
3.85
1.61
1.61
1.74
2.05
1.58
2.89
1.78
0.28
0.73
4.72
2.62
0.98
4.44
1.6
2.01
1.07
0.72
1.5
2.67
4.07
1.57
1.61
4.97
1.75
1.47
2.13
0.48
4.78
2.95
2.42
4.06
1.59
2.45
4.4
4.06
4.05
3.2
0.59
2.91
3.07
2.25
4.38
2.87
1.88
4.29
3.79
3.92
0.19
1
0.43
0.47
2.98
3.32
2.94
2.63
2.77
3.74
4.74
2.52
0.36
4.96
1.81
1.58
1.61
4.8
3.36
4.25
2.62
0.9
4.41
2.13
0.48
1.96
0.83
2.93
0.08
3.57
4.04
2.77
4.84
4.01
1.8
1.74
3.76
2.61
3.51
3.54
4.33
1.59
1
4.93
3.26
3.09
0.36
1.36
1.84
2.42
2.04
0.06
2.39
2.36
1.76
2.58
3.57
3.52
3.09
0.01
3.96
2.7
0.01
3.09
3.46
4.79
1.47
0.01
4.88
3.92
2.96
3.25
3.38
4.23
1.76
2.99
0.2
0.47
0.24
1.15
1.33
3.93
4.74
3.97
2.35
1.16
3.83
1.94
1.42
1.03
2.66
3.33
4.06
3.07
1.76
4.95
0.42
0.11
0.29
4.73
3.06
3.06
1.76
0.03
4.03
2.34
4.38
3.17
3.12
2.13
0.15
4.88
2.22
1.72
3.86
0.73
1.1
1.01
0.02
0.53
0.59
4.66
2.83
1.37
3.11
3.81
1.78
3.51
4.07
0.64
3.6
3.12
3.63
2.39
2.67
3.64
0.13
2.71
0.35
1.26
1.55
3.71
3.89
3.45
3.73
3.77
4.27
4.61
1.11
2.89
4.29
4.5
3.13
0.62
0.79
3.01
3.17
0.92
1.25
0.46
3.15
4.7
4.68
2.03
3.23
2.9
4.48
0.94
0.92
2.6
3.94
0.56
0.14
1.92
4.43
2.39
0.06
0.07
2.22
1.67
1.92
1.68
3.14
4.23
4.46
3.2
0.67
1.66
4.62
1.19
2.87
0.36
3.31
4.03
4.11
3.42
0.8
3.51
0.68
2.02
1.08
0.7
2.62
3.74
0.26
4.64
4.29
2.61
2.89
2.79
0.52
3.51
0.81
0.02
0.76
2.9
2.42
2.31
4.04
1.41
0.16
4.05
4.62
0.53
0.49
4
4.86
3.72
4.59
2.21
3.06
1.55
3.66
2.63
3.18
3.7
0.49
3.86
0.56
0.5
0.91
2.93
2.08
2.11
0.7
3.69
0.65
1.21
2.46
2.06
0.51
4.2
2.02
3.25
0.06
2.86
4.82
0.12
1.55
1.1
2.47
3.03
2.8
4.46
4.75
2.48
3.28
3.26
4.7
3.3
3.25
0.24
3.85
4.34
1.56
2.36
3.2
3.18
3.29
4.07
2.8
0.09
2.17
1.79
4.81
0.9
0.53
3.43
2.79
3.42
0.52
3.05
1.48
0.56
2.91
2.01
0.46
4.16
4.56
2.37
1.83
0.67
0.28
2.98
0.86
0.62
4.46
0.35
3.71
1.37
3.3
0.2
3.92
2.78
2.68
4.44
1.14
1.91
3.44
2.38
4.13
1.12
1.02
0.94
4.18
3.18
3.89
4.94
0.17
1.91
2.59
3.63
2.68
0.14
3.27
0.17
0.41
0.39
3.71
4.84
1
3.98
2.76
4.68
3.15
2.64
3.53
1.13
0.59
0.6
0.88
4.48
1.34
3.9
1.61
2.99
1.08
1.7
1.18
2.55
0.23
1.22
4.94
3.24
3.07
3.18
4.27
1.57
4.87
3.5
1.45
0.97
0.61
0.32
1.48
4.27
0.87
1.24
2.52
4.72
4.63
4.03
2.93
2.3
1.11
0.87
1.35
4.55
0.71
4.31
0.81
4.4
2.84
4.89
3.94
0.74
1.75
2.65
4.32
2.67
0.34
4.14
4.81
0.27
3.49
2.01
1.31
0.06
2.59
3.17
1.88
2.61
4.5
0.42
0.45
3.91
2.99
1.01
1.23
1.24
4.64
2.77
2.92
1.53
0.69
0.35
1.62
0.66
2.68
0.13
0.77
2.36
1.2
3.33
2.16
3.43
3.66
1.82
3.93
4.87
1.63
4.65
4.92
3.7
2.1
3.75
1.22
1.42
3.55
1.29
4.43
2.73
1.75
4.06
3.62
3.18
3.93
0.15
3.92
0.74
0.6
0.87
2.16
2.35
3.47
3.42
2.22
2.43
2.42
2.75
2.15
2.25
1.3
0.19
1.72
4.79
1.97
3.79
0.56
1.81
2.76
3.71
4.71
2.62
1.75
0.53
0.81
4.1
2.74
4.74
0.93
0.43
4.11
2.29
0.06
1.16
1.25
1.94
2.59
4.65
3.33
1.62
0.03
1.25
3.75
2.95
4.3
1.33
4.84
2.6
3.18
1.23
0.93
0.85
3.58
1.87
1.59
3.04
1.37
0.86
2.79
2.94
1.19
4.23
3.8
2.78
2.18
4.71
0.6
1.8
3.03
3.73
2.97
1.18
2.99
3.11
0.72
4.29
4.12
0.46
1.81
0.48
0.85
1.41
3.7
2.18
4.67
4.89
4.19
1.95
0.97
3.57
4.13
2.79
3.74
0.14
1.31
1.17
1.03
0.32
2.6
3.23
0.12
2.96
4.87
3.31
4.7
0.09
3.59
3.91
1.5
1.99
0.37
0.91
2.66
1.94
3.99
3.04
1.99
1.38
1.43
3.12
3.1
3.42
3.29
2.64
2.69
0.43
3.22
3.98
4.71
3.74
4.42
0.9
4.07
4.5
1.58
2.46
1.59
4.64
4.94
1.55
1.63
3.2
0.65
4.69
3.54
1.4
2.03
0.25
2.68
1.06
3.03
2.15
4.4
3.59
2.77
3.05
0.24
4.52
2.18
4.1
1.92
0.27
3.97
1.53
2.37
2.21
0.09
1.65
0.8
1.08
0.2
1.95
2.78
1.75
3.87
0.34
1.03
1.62
1.65
3.22
3.34
4.06
4.65
2.39
2
0.63
0.64
3.7
1.19
4.74
1.57
4.2
3.1
0.94
1.7
3.93
3.15
2.47
3.96
1
4.87
3.17
3.61
2.76
0.49
0.11
4.36
4.77
2.46
4.39
2.4
0.53
4.3
2.45
2.64
2.14
2.41
3.2
4.01
1.71
4.13
4.96
0.65
3.18
3.65
3.69
1.73
0.35
0.16
1.15
0.03
0.39
0.56
2.85
1.48
0.37
3.68
0.24
4.07
3.25
3.15
3.42
2
3.8
4.13
3.2
3.25
3.17
0.32
4.79
1.48
1.69
1.6
2.87
2.19
0.33
4.59
3.01
0.84
0.82
1.83
4.8
1.71
0.96
2.83
2.95
4.96
1.92
1.7
2.33
3.23
4.8
0.06
2.9
3.28
1.86
0.33
2.95
1.04
0.87
3.83
3.23
4.98
1.39
4
2.99
3.69
1.72
3.45
2.68
1.46
1.13
3.53
0.05
0.8
0.6
3.83
2.14
2.93
1.5
4.26
2.54
3.16
1.86
1.21
3.08
0.74
0.43
3.38
1.73
3.68
0.63
0.44
3.3
3.5
2.04
1.52
1.51
1.12
0.06
3.3
0.93
1.29
1.58
2.99
2.8
4.13
1.05
1.95
1.42
1.05
4.06
2.49
4.27
1.38
0.94
3.04
3.51
4.11
0.65
3.09
2.92
1.47
4.72
0.43
2.24
2.53
1.81
4.6
1.99
1.6
0.28
0.81
3.57
0.35
0.44
3.08
3.28
4.64
0.08
0.02
4.18
4.34
1.62
2.43
2.7
1.74
4.96
1.71
0.2
4.73
1.73
0.98
4.71
0.55
4.1
1.79
2.43
1.54
0.66
0.17
3.63
3.66
1.18
1.98
2.98
3.65
3.98
1
4.65
3.65
3.82
2.06
4.65
1.54
3.24
0.95
1.79
4.28
4.44
3.23
3.31
1.25
0.14
1.15
0.69
1.5
1.21
1.8
2.42
0.95
1.28
4.73
3.23
0.2
3.08
3.77
0.37
1.62
4.86
4.76
0.65
3.21
3.33
3.61
3.69
0.74
0.98
1.2
0.53
2.37
4.65
4.67
3.62
1.76
1.65
3.58
1.77
1.13
1.07
3.08
3.14
0.32
2.02
3.84
4.72
3.72
0.04
1.46
0.47
3.3
3.37
2.4
4.52
1.27
1.58
1.07
3.81
0.67
2.33
2.65
4.24
4.01
2.73
4.52
4.1
2.09
2.12
4.06
3.09
1.29
3.09
3.78
0.6
1
3.29
3.63
3.94
2.31
1.67
2.61
2.01
1.96
1.52
1.33
0.19
1.15
0.26
0.39
2.34
3.03
2.24
2.85
0.97
0.45
0.54
4.97
4.76
2.78
0.3
0.07
4.73
3.23
2.94
3.95
1.17
3.94
4.42
4.43
0.61
3.68
2.34
1.44
0.45
3.87
2.92
0.9
0.84
3.25
3.67
1.5
3.19
1.38
2.8
3.75
1.66
0.87
0.29
3.06
2.31
2.14
4.11
3.03
4.06
3.27
0.89
2.59
2.85
2.74
3.99
1.33
4.77
3.3
1.9
2.29
1.8
3.8
0.71
4.85
3.21
2.19
2.56
4.73
3.84
2.26
1.25
2.39
3.86
4.98
0.68
3.84
0.19
1.47
4.18
0.87
0.4
2.78
1.32
0.3
3.83
2.09
1.01
3.13
4.97
4.04
1.97
1.74
3.05
2.84
1.3
4.03
3.04
3.88
1.1
4.05
0.4
1.08
3.98
4.06
4.13
4.34
4.91
2.57
3.56
2.96
4.14
3.65
4.26
4.31
4.3
2.7
3.83
4.75
3.88
2.17
3.98
3.66
2
4.53
2.94
0.8
3.9
1.47
4.1
0.81
2.87
2.76
0.55
2.16
0.85
0.78
1.84
1.5
3.13
3.97
3.78
1.5
2.57
3.79
2.31
1.66
2.92
0.5
3.35
0.95
3.6
4.64
4.39
2.4
4.35
1.74
1.68
1.57
4.29
3.09
2.66
1.58
4.93
1.38
1.5
1.72
4.03
2.57
4.93
2.8
1.3
0.91
1.74
1.4
2.29
1.27
1.35
4.31
2.86
3.63
2.9
4.94
2.16
1.7
1.66
3.23
2.22
1.77
4.93
0.85
4.33
1.73
2.08
3.95
4.65
4.36
3.99
0.93
3.82
1.12
3.94
4.53
3.55
1.94
1.08
3.99
2.18
3.78
4.84
2.87
1.4
4.06
1.75
1.25
3.39
4.74
4.83
0.58
0.3
1.17
1.9
1.47
4.11
2.26
0.24
2.23
3.82
4.38
4.89
2.4
2.71
0.34
0.53
0.5
2.98
4.94
4.2
2.31
0.06
0.02
1.06
1.4
2.73
2.03
0.76
3.02
0.57
0.86
4.54
1.74
2.08
3.86
0.34
2.97
1.87
1.83
0.97
4.66
2.22
4.52
4.88
1.91
0.16
3.48
3.56
4.75
4.52
1.82
0.51
1.72
3.17
3.34
2.32
1.58
1.47
4.26
1.55
1.6
3.52
2.56
4.31
3.63
2.36
2.91
1.07
4.47
1.88
3.43
0.78
0.64
4.91
3.63
0.21
1.09
3.22
1.39
3.46
4.78
0.24
0.41
4.22
0.4
1.2
4.66
0.72
0.58
4.56
1.79
4.39
3.61
2.85
0.86
0.67
1.47
2.72
1.72
0.87
4.74
2.13
1.98
1.38
1.61
4.15
3.7
4.59
3.77
2.95
1.49
2.33
4.82
4.07
4.7
1.27
3.99
4.71
3.28
0.17
0.81
1.53
4.49
3.87
0.2
0.3
3.2
3.08
2.43
0.39
2.68
4.79
3.24
0.09
3.04
3.57
2.85
2.73
0.12
0.16
3.36
1.76
0.35
4.61
0.58
0.08
0.76
3.51
2.25
4.89
1.28
1.97
1.99
0.54
4.33
0.74
1.42
0.67
2.63
1.68
4.66
3.8
1.46
3.27
4.66
1.53
1.01
3.78
2.67
1.09
2.83
2.55
2.94
4.09
2.59
3.3
1.77
2.12
3.13
1.48
2.97
1.14
1.79
3.82
4.06
3.03
3.18
3.51
2.77
2.01
2.82
4.55
3.49
1.93
1.85
2.05
0.34
0.49
2.08
1.69
4.44
4.89
2.59
3.87
0.95
1.51
3.06
4
0.43
0.27
4.96
4.03
0.34
0.04
0.08
3.34
4.96
1.77
1.69
0.92
0.81
0.73
2.99
1.89
0.05
0.83
4.78
4.03
1.87
1.98
4.54
3.79
4.57
2.53
0.87
1.76
2.49
1.55
4.92
3.54
2.41
0.08
2.11
0.45
2.72
3.93
4.51
4.98
0.38
3.42
0.55
2.29
1.6
1.92
4.14
0.24
4.72
0.7
1.52
4.37
2.38
2.61
3.66
0.03
3.42
4.86
0.37
0.08
2.48
2.93
3.7
0.11
0.46
1.55
4.9
3.23
0.72
3.46
4.68
2.32
1.69
0.95
4.41
1.79
0.28
3.99
4.97
4.48
3.11
0.41
3.06
3.36
4.83
0.16
1.03
0.24
3.92
3.58
1.48
3.54
0.66
2.21
3.76
1.43
3.83
4.55
4.14
2.68
2.55
1.03
3.51
0.6
1.93
3.9
2.88
4.63
3.96
2.03
1.17
0.59
3.07
1.25
0.65
1.12
0.37
4.02
0.15
0.77
2.31
0.31
2.93
2.96
1.18
2.58
1.67
1.88
1.71
2.32
3.78
4.65
3.96
2.64
2.25
4.23
0.44
1.8
0.61
2.88
3.41
4.55
1.7
0.82
3.57
4.3
2.74
0.44
3.94
3.77
2.12
0.84
2.12
1.09
4.47
4.03
4.04
0.17
1.45
3.53
0.1
0.14
0.16
3.12
4.38
0.01
1.74
4.27
1.53
4.3
4.34
2.19
0.87
2.79
2.88
1.85
2.62
3.19
4.46
1.48
4.81
1.86
2.19
4.72
4.11
2.11
3.79
3.59
3.25
4.91
4.39
4.83
2.83
3.13
3.87
0.44
3.75
0.4
0.38
0.75
4.92
0.3
1.78
1.92
0.73
0.51
2.99
3.4
1.37
0.11
1.92
2.46
1.09
4.85
4.27
3.64
2.56
0.88
3.76
0.31
3.82
2.4
2.27
2.43
1.75
0.46
3.96
1.68
0.8
2.18
2.78
2.09
2.01
2.11
3.54
2.59
2.88
3.06
0.16
4.65
1.31
4.97
4.99
0.11
4.75
2.06
3.12
4.05
2.65
4.3
3.78
2.24
3.28
4.31
1.43
0.08
4.86
1.07
2.87
0.48
1.05
3.49
2.38
2.49
1.18
1.96
0.85
3.83
1.05
0.88
4.56
4.02
0.24
0.95
3.31
0.67
0.14
1.61
0.34
0.1
1.28
2.71
2.85
2.65
0.29
4.86
0.11
2.89
1.65
3.85
2.73
3.95
1.88
3.78
1.94
4.61
0.59
2.23
2.99
3.45
0.8
2
3.77
3.88
2.99
0.17
1.72
2.84
1.41
4.56
1.99
4.4
0.75
3.86
2.17
3.93
4.39
4.1
3.9
4.25
2.6
0.28
2.22
3.15
2.6
2.91
1.39
3.75
2.29
0.63
3.04
1.24
4.73
0.8
0.45
4.7
0.24
1.82
0.97
0.53
3.86
2.13
4.04
3.75
1.33
2.53
0.56
4.45
3.82
0.4
4.34
2.11
2.31
3.68
2.64
4.14
3.73
4.44
4.17
1.13
1.9
2.79
2.49
0.06
3.2
4.63
0.8
0.92
1.19
2.95
1.45
4.03
0.8
1.26
2.58
1.18
2.61
4.3
0.65
4.06
0.59
3.54
4.28
3.75
3.31
1.64
4.85
3.36
3.54
0.02
1.99
2.33
2.48
1.73
2.67
0.29
2.68
2.95
0.56
3.64
0.32
3.11
0.23
3.67
1.19
4.05
1.18
2.4
4.55
2.75
4.09
0.92
3.72
3.08
3.81
0.51
1.94
2.19
2.12
1.93
0.02
1.14
1.63
1.3
1.9
4.76
3.73
4.84
0.27
4.49
3.24
4.78
2.04
2.04
2.5
1.8
2.85
3.41
4.88
4.08
1.21
2.1
0.71
3.32
1.21
2.17
1.83
4.47
0.32
3.44
3.78
3.63
2.07
1.32
1.09
1.43
4.31
2.06
1.82
4.08
4.72
2.58
2.07
4.17
1.14
0.36
3.94
0.25
2.35
0.62
3.43
0.44
2.42
1.93
3.02
1.32
3.41
4.5
0.33
0.19
2.84
0.95
3.87
3.35
3.71
1.27
2.35
3.88
3.42
2.11
0.39
0.47
4.2
2.25
2.79
1.22
3.72
2.92
2.93
4.75
3.76
0.05
3.88
3.96
0.51
4.78
2.81
0.64
3.34
3.62
1.16
0.11
4.16
2.72
3.95
1.83
4.43
3.14
0.63
2.51
2.58
0.18
3.01
1.03
4.78
2.64
1.75
4.56
1.01
0.23
3.64
2.35
4.53
2.89
4.8
0.75
1.57
3.39
2.5
4.7
3.51
0.96
4.06
0.95
3.23
1.57
1.44
4.6
2.41
3.7
1.1
4.55
2.03
3.8
0.17
1.22
4.64
1.66
4.09
3.76
0.08
3.09
2.43
0.03
4.2
1.34
2.9
2.75
4.42
2.74
3.98
2.22
1.01
0.8
1.91
4.85
4.57
4.59
2.48
3.53
1.65
2.46
4.48
2.41
