1.61
4.66
1.32
0.38
4.4
1.31
2.35
1.22
1.21
0.2
1.63
1.31
1.99
3.77
0.8
4.7
1.3
3.46
2.66
0.5
2.93
4.67
3.52
3.52
1.03
4.03
0.49
3.38
4.67
2.86
2.66
4.65
1.08
1.45
0.07
4.97
3.85
1.84
4.91
2.11
3.53
4.02
2.34
0.89
3.96
2.32
2.47
3.68
2.96
2.58
2.48
1.07
3.53
1.24
0.31
2.36
1.64
2.15
0.13
2.48
2.23
0.46
2.86
1.1
4.03
4.11
0.36
0.22
1.86
2.96
1.26
0.86
2.64
2.07
2.26
0.39
3.16
0.87
3.51
0.34
1.87
3.7
0.73
2.86
1.6
3.64
2.83
2.94
3.01
4.88
2.07
2.98
4.58
4.93
2.22
1.55
3.04
1.57
0.26
3.4
0.23
2.88
1.91
0.75
1.01
0.87
2.62
4.19
4.19
0.51
1.21
1.9
3.61
0.84
4.81
4.57
1.61
2.39
2.59
0.64
3.25
4.29
0.48
4.78
1.49
4.5
0.82
0.23
2.1
0.89
0.33
3.51
0.79
4.96
1.01
0.11
2.19
3.42
4.48
3.99
2.33
3.62
2.55
0.32
4.95
1.31
3.47
4.48
3.72
3.85
3.24
2.6
2.84
1.62
4.07
3.02
3.17
4.53
1.61
4.56
0.57
4.78
3.56
2.72
0.98
3.73
2.25
3.62
4.79
2.72
0.51
0.4
4.3
4.29
2.1
4.82
3.61
2.88
3.01
3.96
4.76
1.55
1.31
4.21
2.46
0.72
1.59
3
3.52
0.06
4.53
0.02
1.3
3.41
2.22
4.58
0.76
0.88
4.18
1.26
3.46
1.63
4.5
4.94
3.64
0.86
4.15
1.65
0.29
2.51
3.56
0.39
3.2
0.3
2.53
3.17
0.93
0.44
1.6
3.95
3.96
4.74
4.32
1.69
4.81
0.87
2.27
2.39
1.37
4.38
2.26
2.5
3.73
4.47
3.79
4.19
2.17
4.8
3.58
1.64
1.6
1.63
2.87
0.97
4.83
0.19
3.87
2.69
3.8
4.33
2.25
3.41
3.26
1.7
0.63
3.98
1.68
2.01
2.62
3.06
2.18
1.79
1.21
0.8
2.89
2.18
4.41
1.31
2.51
1.18
4.38
2.69
1.76
3.39
3.19
4.13
1.82
4.46
1.95
0.3
4.92
1.73
2.39
4.97
1.67
0.98
3.48
4.58
1.59
2.48
4.29
4.46
0.05
2.4
2.6
4.19
3.26
1.1
0.12
1.99
1.62
0.79
0.64
1.67
0.59
2.74
3.64
1.42
3.63
3.62
4.93
4.07
4.51
3.87
4.1
2.24
0.91
0.79
3.77
1.27
2.63
0.48
2.29
3.6
2.7
0.9
0.47
0.61
4.87
3.25
2.65
1.4
3.88
3.06
3.14
3.75
2.08
0.85
3.65
1.26
0.76
2.44
3.42
3.12
3.81
4.22
0.03
1.7
4.19
0.25
3.59
2.59
4.07
1.08
2.91
0.45
4.02
2.34
0.42
1.91
0.19
2.79
0.52
3.03
4.5
4.78
3.23
2.5
4.71
1.07
4.3
4.88
2.81
0.07
1.41
3.92
4.03
3.59
4.95
1.72
1.94
2.5
3.94
0.8
4.42
4.68
2.49
2.18
1.45
5
0.28
0.51
1.71
4.11
1.97
0.75
0.37
2.73
1.67
4.92
1.64
2.23
2.48
2.07
2.73
4.28
3.14
0.69
1.33
2.81
4.34
2.57
2.39
0.91
3.62
3.57
4.22
0.85
4.29
1.05
4.95
1.83
4.89
0.35
1.31
1.21
0.4
3.49
2.38
4.83
2.69
2.52
4.56
4.81
2.17
1.66
1.6
0.34
4.02
3.99
4.94
3.75
4.7
2.15
3.28
4.98
1.95
0.08
2.88
3.13
0.5
1.59
2.73
0.62
4.46
4.82
0.48
2.24
0.12
0.89
0.62
1.97
4.99
3.25
3.08
3.87
1.83
3.4
4.43
1.27
0.13
1.51
2.93
0.17
2.41
3.64
0.27
1.02
2.47
3.06
4.77
2
2.7
3.83
0.04
2.03
2.02
1.06
2.29
4.7
4.96
4.31
3.08
3.49
3.11
3.86
0.1
4.43
0.21
1.63
0.35
2.55
3.72
4.78
1.2
1.19
1.17
4
1.59
4.84
1.38
3.98
0.24
1.95
0.13
4.74
1.84
1.7
0.94
3.32
1.22
3.82
0.38
2.68
1.44
4.38
3.57
4.76
3.33
3.86
1.11
4.91
3.57
2.72
1.01
3.94
1.8
1.07
4.45
3.29
4.57
0.28
0.33
0.42
3.38
2.33
2.18
4.33
2.77
0.58
3.66
4.87
1.62
3.38
3.95
4.29
0.45
3.98
0.83
2.73
3.49
1.18
4.33
0.7
1.04
1.84
0.03
1.25
3.75
2.69
1.24
1.29
2.34
0.56
1.88
4.87
0.93
1.58
4.03
3.33
1.04
0.42
1.24
3.69
0.44
0.13
1.54
2.35
4.17
0.21
4.6
2.36
4.64
0.28
1.47
1.97
0.06
1.39
4.63
3.3
0.36
0.84
4.58
3.94
0.89
3.9
4.6
1.73
1.48
3.07
3.07
3.8
0.45
4.23
1.97
0.69
1.85
2.38
1.3
3.44
1.72
2.16
1.11
4.02
1.61
2.87
0.07
0.08
1.33
1.95
3.84
4.09
0.54
1.86
4.51
4.92
1.31
2.77
1.6
4.29
4.4
1.51
4
1.38
3.27
4.96
0.23
4.37
2.32
0.66
1.4
1.66
1.84
0.14
3.51
1.89
1.27
1.48
1.43
0.1
3.86
1.9
4.66
4.98
0.92
2.83
4.86
4.47
2.16
1.23
3.25
3.84
4.94
2.81
2.67
3.65
2.07
0.58
1.34
2.74
4.2
4.58
3.51
1.53
0.51
1.32
1.9
0.8
1.85
2.72
1.97
3.08
3.45
4.89
3.03
4.71
2.55
2.2
3.01
4.33
1.24
1.06
0.81
4.41
1.37
4.97
3.42
2.29
0.29
4.3
4.15
2.16
4.83
4.03
2.23
4.58
0.4
1.69
2
2.7
4.86
0.18
4.07
2.18
0.91
4.18
2.53
1.49
2.19
3.04
0.72
3.26
3.14
2.84
0.75
3.16
3.14
0.18
4.53
1.75
3.34
3.23
2.6
4.93
1.95
1.54
2.38
4.34
3.31
3.63
1.26
2.52
2.98
0.92
1.49
1.76
0.13
3.53
4.39
1.77
3.07
4.48
3.13
4.44
1.23
2.29
4.81
1.87
2.21
0.77
3.56
0.88
4.91
3.15
0.88
2.84
4.16
4.71
0.1
0.1
4.05
4.07
1.1
3.31
3.56
2.81
2.47
2.05
0.13
3.16
4.26
4.17
4.11
4.86
4.39
3.54
4.71
4.17
0.73
2.07
2.37
1.26
2.47
3.12
2
0.66
3.99
1.4
4.46
1
4.6
0.8
0.92
4.46
1.85
4.71
1.3
1.43
4.63
1.64
3.19
1.63
1.35
0.19
2.56
4.84
3.98
3.72
2.93
2.11
2.3
1.59
2.38
3.76
4.15
0.93
0.45
2.2
2.37
1.72
1.62
4.91
3.13
0.31
2.8
2.43
3.38
0.49
1.18
0.27
4.73
1.44
3.64
1.93
1.93
0.11
1.11
4.49
2.23
4.32
4.67
1.96
2.14
0.58
1.52
3.8
2.17
3.45
1.92
2.77
4.71
4.6
1.54
4.94
2.25
1.71
3.01
2.81
4.76
1.9
4.73
2.87
0.47
3.21
3.37
2.73
3.19
4.19
1.57
1.94
4.73
0.47
4.22
4.92
4.52
0.89
3.38
3.4
3.6
2.93
1.75
0.4
0.64
0.64
4.23
4.86
0.41
1.42
2.95
4.11
2.55
1.24
4.14
4.93
0.87
3.88
2.1
2.94
4.32
2.86
0.33
4.73
4.32
3.57
2.01
0.42
0.59
1.94
1.52
0.65
4.65
2.67
4.89
1.81
0.26
4.89
3.84
0.29
4.05
0.86
2.18
4.02
0.72
0.6
2.96
2.9
3.65
3.68
1.63
3.88
1.81
1.98
1.57
2.38
1.14
0.97
2.95
4.7
4.86
4.94
4.84
4.32
0.12
2.65
1.85
3.65
4.67
2.59
1.38
1.46
1.29
1.3
2.04
3.48
3.39
4.63
2.39
1.1
1.85
0.64
2.29
4.58
1.34
3.86
3.14
2.47
4.85
0.53
3.64
3.29
0.44
0.33
2.24
3.55
2.01
0.07
1.64
1.69
2.46
3.52
2.11
2.67
4.54
1.39
3.27
3.99
4.54
3.66
4.88
2.01
3.54
4.98
4.42
2.46
0.2
1.76
0.79
1.88
3.86
3.89
4.09
1.77
0.51
3.34
2.02
3.97
1.42
2.64
0.75
4.1
1.12
3.87
2.82
3.01
4.69
4.35
1.2
1.65
1.16
2.97
1.92
0.64
2.76
1.46
2.16
1.24
2.37
3.01
4.48
2.17
0.27
2.58
1.71
4.44
3.8
1.26
0.14
3.13
2.89
3.97
1.68
1.74
3.01
3.26
2.1
3.79
4.62
1.27
1.16
4.74
0.26
4.2
2.39
3.36
3.13
4.99
1.58
2.06
0.36
1.75
1.28
2.38
1.38
4.53
0.42
1.86
1.99
1.98
0.99
1.53
0.61
2.13
0.66
4.54
3.34
4.39
1.08
2.98
0.95
3.9
2.83
2.9
3.29
2.54
3.03
1.05
2.74
0.62
1.5
3.52
4.74
1.56
2.86
0.37
2.45
3.46
1.99
4.45
2.89
2.45
2.85
4.31
4.93
3.4
4.96
1.94
0.73
0.39
4.16
4.48
2.13
1
1.57
3.63
4.58
3.72
1.53
3.53
0.41
2.63
2.51
4.16
4.49
3.86
1.97
2.78
0.74
3.62
0.96
1.52
3.12
4.09
1.2
3.83
4.02
3.01
1.96
0.76
3.42
4.27
0.09
4.78
3.2
3.17
1.39
1.7
3.85
3.74
4.45
0.98
0.29
4.71
3.7
1.24
4.03
0.98
3.87
3.69
3.82
3.72
0.74
3.58
0.04
1.38
0.7
1.89
1.96
3.5
1.98
2.26
4.14
3.17
3.09
0.98
0.5
3.12
2.53
1.43
1.14
1.97
0.37
1.87
2.6
2.26
2.76
2.11
1.42
2.86
1.4
2.17
1.89
4.22
1.57
2.49
2.86
2.77
3.14
4.31
3.7
2.98
4.06
3.73
3.96
2.25
4.44
1.95
1.65
4.72
3.67
4.2
2.76
3.51
3.13
0.39
0.45
4.66
2.3
1.26
1.2
1.07
2.87
2.17
1.98
4.33
3.89
4.07
0.47
0.48
4.1
3.3
0.19
3.37
4.38
0.43
1.99
1.29
2.03
0.06
1.43
3.38
1.31
1.07
2.38
3
3.29
2.85
1.14
1.61
2.66
1.45
2.01
2.85
0.07
0.4
0.59
4.45
1.86
0.29
1.36
0.69
4.12
1.25
2.82
4.16
4.47
2
2.61
4.36
3.4
2.26
1.61
2.03
1.87
2.75
4.17
1.3
2.6
4.46
2.4
3.56
2.97
0.2
3.76
1.08
2.43
3.82
4.65
3.53
3.92
4.3
0.34
1.28
4.17
4.78
0.24
3.56
1.55
3.98
3.89
0.43
1.46
3.96
0.94
2.77
4.66
3.36
4.03
4.17
4.3
4.49
1.56
3.86
2.51
0.09
3.76
3.77
1.39
3.51
2.24
3.9
4.02
1.85
2.52
1.57
2.7
0.07
2.87
2.74
3.07
3.01
4.46
4.75
1.53
1.36
2.11
0.39
2.37
2.37
2.96
2.4
3.65
4.14
1.4
0.76
4.75
1.17
3.89
4.49
3.53
3.51
2.42
4.02
2.23
1.46
2.15
1.9
4
2.08
4.73
4.72
1.93
1.42
0.57
1.21
1.5
3.64
1.92
0.8
0.89
4.04
1.09
0.59
1.76
0.19
4.61
1.07
4.38
2.54
3.31
3.7
1.42
2.45
4.34
4.79
1.3
2.15
1.68
3.97
3.87
2.6
4.58
1.19
1.72
4.56
3.01
4.88
4.99
4.98
4.77
1.74
2.19
3.2
1.82
1.48
4.87
0.9
0.25
1.05
1.36
3.53
4.82
4.37
0.61
2.64
4.11
1.06
0.77
3.9
4.99
2.54
4.83
3.9
4.03
0.06
3.96
4.86
4.24
0.04
2.27
3.41
2.68
4.25
0.03
0.35
0.55
3.48
3.78
1.35
3.75
2.96
3.03
3.94
1.81
3
0.14
0.43
2.06
2.63
1.56
1.44
4.49
3.5
1.89
2.89
0.41
4.59
1.96
0.72
0.92
1.04
2.32
4.39
0.3
2.82
3.85
3.95
3.85
3.77
3.8
3.96
0.76
1.64
4
3.41
1.02
1.04
1.17
1.05
0.34
1.51
3.26
0.98
0.34
0.15
1.44
0.87
2.51
3.19
3.68
2.77
4.53
3.19
0.79
0.34
2.6
0.44
3.27
4.06
2.79
1.55
2.66
3.07
1.92
1.78
1.15
4.85
3.23
0.1
2.61
2.23
1.56
3.46
1.58
4.06
0.22
3.52
0.88
1.72
2.09
2.49
3.39
4.98
5
0.89
1.05
2.7
2.41
2.39
0.79
4.11
0.04
4.59
4.68
4.61
4.16
2.15
4.68
4.8
2.2
2.9
1.6
1
2.94
1.52
2.66
1.72
0.5
0.15
4.33
0.14
3.63
0.99
2.71
2.74
2.95
0.81
0.09
0.64
2.66
2.4
1.44
3.51
0.49
4.35
0.88
1.48
0.25
2.22
2.37
3.41
0.09
4.98
4.34
1.77
2.22
4.52
2.59
0.69
3.61
3.93
1.07
1.05
0.87
2.04
3.15
4.73
3.67
4.19
2.07
2.28
0.79
2.07
1.57
1.68
3.16
4.11
1.3
4.96
3.86
3.92
4.55
4.65
0.09
3.67
1.11
1.52
3.61
2.67
1.81
3.23
4.95
4.5
1.32
0.3
0.17
0.54
4.24
4.34
2.79
2.75
2.68
3.23
0.04
2.1
2.73
0.55
4.3
4.13
1.93
4.72
1.56
0.39
0.5
3.29
4.23
0.46
1.88
2.75
0.86
3.64
0.65
2.92
3.66
3.77
1.1
3.71
0.07
1.95
4.28
1.77
0.16
1.19
3.35
3.05
2.04
0.2
0.33
1.07
1.38
2.18
0.69
0.42
1.42
2.37
1.16
2.19
2.62
2.02
0.07
2.29
2.24
1.97
1.02
2.25
0.4
0.47
2.92
4.09
2.32
0.31
4.44
0.13
3.1
1.24
3.74
3.56
0.05
1.87
0.33
3.35
3.91
2.13
4.77
4.24
1.49
1.02
0.74
3.92
4.32
2.81
1.78
0.43
1.67
2.43
4.05
0.87
4.3
2.81
2.81
0.66
3.49
3.13
2.41
1.18
0.95
3.94
2.85
4.34
4.43
3.18
1.77
1.86
4.99
3.62
1.2
0.32
2.37
2.6
2.62
2.55
3.94
4.04
2.46
2.06
1.45
3.19
1.51
1.98
4.56
1.3
2.11
2.16
1.46
2.95
4.79
3.89
1.7
1.36
4.38
1.61
3.16
3.18
4.58
3.7
0.99
0.21
4.63
0.04
4.14
4.94
2.44
3.17
0.15
1.9
1.02
1.24
2.89
1.74
3.27
0.32
2.55
1.6
0.65
3.48
0.34
1.75
2.54
1.55
3.85
3.19
0.67
2.77
3.1
1.09
4.16
0.69
1.45
1.03
0.99
4.01
3.58
4.79
0.36
2.03
2.3
4.65
3.95
4.8
3.64
4.48
1.9
4.39
1.18
1.8
3.44
3.69
3.76
3.59
4.15
4.09
2.17
3.47
4.42
1.33
1.84
1.08
3.28
1.24
1.81
3.42
4.19
3.89
1.15
3.4
4.97
1.93
2.53
2.28
1.08
0.73
2.64
2.17
1.59
1.19
1.89
0.96
0.82
4.06
1.37
1.4
4.42
2.41
1.88
2.85
1.23
2.79
1.7
1.64
1.91
4.4
0.67
3.21
2.84
3.48
2.09
3.82
4.24
4.25
1.72
3.58
1.34
1.41
3.33
4.54
0.02
4.41
0.62
0.4
4.86
1.44
0.33
2.93
0.96
2.93
0.35
3.39
2.48
0.79
1.74
1.41
3.01
2.96
2.09
2.72
4.99
1.3
3.97
2.99
3.6
3.04
3.32
0.07
4.48
0.86
3.84
2.78
3.17
1.81
2.52
4.71
3.23
2.53
4.72
4.23
1.47
3.38
0.56
4.78
2.39
1.67
1.99
3.89
1.33
0.25
3.82
4.48
3.54
3.97
3.73
1.27
3.56
2.14
3.02
3.7
0.07
3.06
0.96
0.9
2.13
0.38
3.08
0.26
0.4
2.29
0.85
3.81
3.69
3.19
4.29
3.69
4.61
3.66
3.81
3.93
1.96
1.82
0.71
4.14
2.33
2.85
3.69
2.4
3.1
3.43
3.88
4.85
4.58
2.57
1.15
2.43
0.76
2.89
1.47
3.23
1.83
0.49
1.21
1.74
1.16
1.2
1.22
3.96
0.01
0.61
1.1
2.83
0.45
1.68
2.4
4.54
2.71
4.46
0.55
0.23
0.66
3.07
0.76
2.25
2.93
4.27
4.97
3.5
0.77
2.15
4.55
3.11
0.99
2.24
2.6
3.77
1.08
2.01
1.39
0.17
0.63
4.71
0.46
0.79
0.56
3.53
0.51
3.65
2.65
4.82
1
2.33
4.69
4.51
4.14
1.31
0.39
3.42
1.85
3.29
4.96
1.87
2.37
1.08
2.93
1.21
0.71
4.37
4.4
0.44
4.21
2.69
0.61
1.59
3.21
3.03
4.7
2.73
4
4.14
0.17
2.04
2.39
2.26
2.33
3.7
0.01
3.71
1.68
2.7
0.8
0.64
1.91
4.89
3.15
1.18
3.45
2.95
4.42
2.05
1.69
4.24
0.52
3.98
3.53
0.98
0.83
1.05
3.13
1.41
0.37
3.05
1.46
1.02
3.55
0.44
2.75
3.98
0.19
0.14
2
2.24
2.85
2.62
1.21
4.09
0.45
4.57
3.25
3.84
0.92
3.49
4.04
3.95
0.11
2.87
0.97
3.06
0.11
0.96
2.05
4.03
2.27
3.68
3.57
3.83
4.3
3.89
0.68
1.18
2.42
1.86
1.35
3.85
1.77
3.9
2.72
3.58
1.11
3.04
2.85
1.64
3
2.04
4.58
0.98
3.43
0.06
2.57
1.01
2.42
2.15
3.46
2.39
1.64
2.35
4.71
4.21
0.53
2.84
2.98
4.15
3.2
3.39
1.06
1.1
1.31
4.95
1.75
1.97
0.37
2.67
1.83
4.96
3.92
3.46
1.07
1.36
3.97
2.72
4.19
2.99
4.45
0.48
1.33
4.13
4.8
0.97
2.92
1.15
1.44
4.16
4.71
3.15
3.98
4.78
1.4
4.37
4.63
2.93
1.07
4.38
1.23
0.8
1.39
3.48
4.87
4.85
0.71
3.59
3.63
0.92
2.24
3.44
0.37
3.07
1.91
4.37
0.59
3.04
3.38
3.93
4.29
2.82
0.57
3.26
4.22
3.9
1.42
1.24
4.64
3.21
2.33
1.96
0.81
2.12
0.69
2.47
0.33
3.92
1.24
3.29
1.64
0.03
2.9
2.16
3.09
1.07
3.15
1.03
4.79
4.42
0.37
0.71
3.94
0.09
3.98
2.79
0.41
4.79
3.94
1.83
2.24
1.11
0.53
1.51
3.92
4.1
2.21
4.86
4.99
0.51
3.75
3.62
1.07
3.72
3.91
4.73
4.76
1.33
4.42
3.74
4.78
1.58
3.31
0.84
1.06
1.81
4.56
2.24
3.47
0.15
1.57
0.52
2.76
3.26
0.67
1.17
0.69
0.39
2.25
4.51
3.54
2.63
2.67
2.38
2.3
3.76
3.65
0.92
3.9
3.33
3.62
0.49
3.05
1.56
1.29
3.74
2.55
4.76
2.75
1.73
3.41
2.99
4.97
1.58
4.71
1.18
4.03
2.62
3.07
2.77
3.95
4.31
3.61
1.05
3.03
2.7
3.29
2.44
3.23
2.59
3.71
0.51
3.01
4.31
3.31
1.72
3.5
2.76
0.77
4.8
3.64
1.78
2.1
2.65
0.91
2.22
2.02
3.3
2.27
0.47
2.6
2.26
0.48
2.15
0.91
1.81
0.53
0.23
1.49
4.19
2.29
0.19
2.62
2.21
3.02
4.31
4.42
3.71
1.36
1.86
0.07
0.53
0.95
3.56
2.21
2.37
4.46
4.99
3.55
2.13
1.3
1.44
0.87
4.99
3.74
0.93
2.06
3.27
1.73
3.66
1.79
2.55
3.92
4.1
3.82
2.65
3.82
4.4
4.9
4.4
3.75
0.78
1.44
1.72
1.15
0.24
1.54
0.73
4.94
0.24
4.72
0.05
4.48
1.23
4.28
1.05
4.27
2.61
0.86
4.03
4.99
4.7
3.06
3.75
0.49
4.61
0.79
1.42
4.43
4.97
0.15
0.59
3.13
4.03
1.28
4.34
3.04
4.93
0.85
4.4
0.12
4.35
2.47
1.85
4.97
2.76
4.73
1.5
0.36
1.67
2.73
3.2
2.78
0.2
2.25
4.42
0.14
3.1
0.01
0.14
3.72
2.67
1.15
1.6
3.76
1.18
3.5
2.43
2.04
0.21
1.47
4.47
0.42
2.13
0.96
3.82
0.71
3.57
4.95
4.98
2.92
0.62
4.84
4.01
