2.35
3.05
1.31
4.54
2.75
2.22
2.96
2.01
0.83
4.37
0.43
3
1.02
3.85
2.65
1.3
2.57
4.63
1.14
4.27
2.04
1.79
4.02
1.38
4.97
4.19
2.39
2.75
2.62
1.41
3.77
2.73
3.38
4.18
2.22
3.2
4.09
0.58
3.98
2.8
4.32
0.53
4.55
4.5
2.07
2.74
2.52
4.04
4.83
0.63
1.76
4.54
1.34
3.02
3.13
2.48
0.3
3
3.92
2.76
0.04
2.15
0.01
3.56
3.69
0.95
0.75
2.87
1.43
0.27
2.04
0.06
4.98
2.64
4.46
3.03
4.91
3.47
1.51
2.69
4.61
3.49
4.13
3.4
1.45
0.45
0.82
4.11
2.47
1.49
1.09
2.31
4.93
2.78
3.79
4.09
2.91
2.68
0.1
2.88
4.97
0.1
4.18
4.13
1.92
3.89
0.23
0.76
1.92
3.22
2.15
1.85
4.44
4.16
2.44
3.69
1.64
1.37
4.46
0.11
1.49
1.59
3.72
1.91
4.09
2.52
3.34
0.43
1.73
4.95
0.99
4.09
3.19
3.74
1.45
2.89
2.91
1.4
1.6
0.39
2.8
0.18
4.64
2.44
1.7
3.62
1.05
4.94
3.18
0.52
1.28
4.83
4.65
4.83
0.99
4.48
1.86
2.57
1.18
0.69
3.53
4.26
3.66
0.93
3.53
1.37
3.07
2.78
1.98
1
3.6
1.67
1.09
4.75
3.9
4.14
3.44
4.68
2.63
3.59
4.15
1.17
3.14
2.27
1.18
2.34
3.42
0.15
0.65
1.44
1.93
0.97
1.6
2.43
2.91
1.7
2.59
2.06
2.42
1.98
3.46
0.68
2.52
3.41
1.97
0.54
0.72
2.03
3.59
0.91
2.7
3.6
1.75
2.87
4.02
1.08
3.22
3.02
1.6
4.71
3.62
3.11
0.99
3.15
4.08
1.92
4.96
3.64
3.32
2.54
0.99
0.74
4.51
4.55
0.19
0.41
4.76
1.62
4.64
0.01
0.11
4.09
1.21
1.22
3.61
1.2
2.32
1.4
4.35
4.98
4.29
4.3
1.42
0.46
0.78
4.06
1.93
2.17
3.77
3.57
3.88
2.24
3.59
2.12
2.48
1.68
2.77
4.4
1.59
4.29
2.13
4.31
3.09
2
1.4
3.97
0.69
2.75
1.28
3.6
2.45
2.2
3.37
4.02
2.12
0.07
3.57
2.33
4.44
2.88
4.89
3.7
3.47
4.79
0.44
3.23
2.96
0.52
0.57
1.13
1.09
0.29
0.39
2.33
2.39
4.36
3.56
4.63
1.9
1.37
4.57
4.68
0.71
0.39
4.64
1.51
2.8
1.24
2.64
0.2
4.35
4.91
2.17
4.81
2.39
2.78
2.78
0.36
3.88
4.78
2.41
4.98
1.56
4.58
1.17
0.21
4.67
2.07
2.03
1.83
2.76
2.45
1.75
0.61
3.42
2.65
2.57
2.84
0.48
0.48
2.56
3.21
2.89
1.47
2.75
4.65
2.08
1.68
2.27
1.37
3.14
0.57
0.26
1.46
4.35
4.06
1.44
1.14
2.26
1.4
0.27
3.17
0.62
0.44
0.55
4.16
0.54
4.26
3.38
1
2.89
4.33
0.48
0.66
2.45
4.9
3.88
3.42
0.55
2.92
0.71
2.92
2.56
3.85
0.53
4.94
1.54
3.74
3.84
4.8
2.18
3.87
3.97
4.79
1.35
4.57
0.27
0.71
2.91
3.03
4.83
1.79
3.99
4.8
3.91
3.45
4.15
4.38
4.76
4.85
0.69
4.87
3.21
3.44
0.91
1.5
3.18
1.61
4.2
4.58
1.3
1.62
0.28
2.11
4.36
3.19
0.74
1.12
2.59
4.22
1.74
1.88
0.74
2.64
1.33
1.99
3.48
1.56
4.14
0.21
2.23
3.91
0.2
4.34
3.65
3.63
1.72
2.12
4.51
0.76
2.03
1.33
0.45
0.57
1.94
3.15
2.63
2.74
2.41
4.18
2.55
1.54
2.74
4.19
3.61
0.04
4.92
2.26
3.69
4.45
1.32
1.99
0.81
4.88
0.01
2.06
2.47
2.61
4.84
0.69
1.7
0.19
1.53
0.87
0.48
4.48
1.3
4.73
0.22
3.78
0.25
3.99
2.15
3.62
4.27
0.68
0.64
3.17
2.94
2.71
4.53
1.39
0.99
2.58
0.69
1.04
0.75
4.23
2.12
4.13
4.27
4.59
1.53
0.98
4.44
4.91
3.69
4.47
0.73
4.4
0.5
1.8
2.31
2.29
1.9
2.76
2.54
3.1
2.62
3.61
3.83
4.4
4.98
1.8
3.7
4.32
4.15
1.7
2.56
4.8
0.79
0.34
2.34
4.39
4.37
3.03
0.57
0.43
3.1
1.88
4.8
2.88
1.05
0.18
3.85
1.97
1.75
4.44
4.89
2.36
4.74
4.64
2.67
3.63
1.26
3.83
4.87
2.66
3.74
2.02
2.03
1.41
4.94
4.28
0.7
4.47
2.98
2.41
2.4
3.96
4.35
4.28
3.6
3.78
4.33
2.88
2.7
2.79
1.36
4.13
0.33
0.52
4.89
4.57
3.37
0.89
3.29
4.88
4.18
0.63
2.69
1.94
4.36
1.23
1.64
3.93
1.83
1.15
2.85
0.03
0.4
2.62
2.29
2.7
3.58
1.23
1.14
2.95
2.99
2.81
1.14
2.21
4.35
2.95
1.13
3.52
3.89
3.62
2.06
1.96
1.95
4.24
1.5
1.47
2.66
4.98
4.42
4.98
1.96
0.02
4.79
0.3
4.05
1.14
3.1
2.63
3.65
3.74
3.43
0.4
4.81
0.03
2.79
4.87
0.3
2.52
4.22
2.19
1.36
4.08
4.63
4.14
2.37
2.67
4.68
3.85
4.41
3.59
3.97
3.14
0.99
4.02
2.76
0.85
1.8
0.09
3.65
0.87
0.79
5
1.75
1.16
4.52
3.43
4.49
0.71
1.05
3.92
2.53
2.14
2.52
2.02
1.68
0.58
4.84
1.1
3.7
3.18
1.08
1.79
1.85
4.29
0.15
1.08
4.22
0.95
4.75
3.44
1.61
4.24
4.06
3.23
4.98
4.24
1.83
2.33
1.56
1.47
1.56
0.98
3.35
0.54
1.51
4.57
2.43
4.99
4.35
3.32
3.76
3.23
3.45
0.31
4.12
0.62
0.63
2.23
4.18
2
1.84
2.81
4.17
1.13
1.72
1.96
1.87
1.97
4.95
2.13
2.87
1.33
1.71
0.5
2.54
2.23
2.09
3.54
1.04
0.86
0.21
3.56
0.74
1.22
3.72
1.49
2.27
2.62
3.24
1.08
2.6
1.36
1.07
1.8
1.85
1.1
2.58
2.63
3.1
2.16
1.29
4.87
4
3.01
1.77
4.57
4.83
2.12
4.96
4.54
4.85
4.56
3.34
3.95
0.45
3.64
0.82
3.61
1.75
3.01
2.26
0.32
3.22
2.37
3.2
3.26
1.49
4.33
3.33
4.29
4.87
4.85
2.48
3.12
0.16
4.46
3.18
0.89
2.08
3.05
0.58
0.28
4.82
2.27
0.08
4.89
4.36
0.73
4.19
4.65
2.9
4.04
1.6
1.12
1.31
1.56
3.8
1.95
1.08
4.53
2.01
2.02
4.58
2.4
4.28
2.02
2.86
2.35
4.43
0.27
2.3
1.19
4.55
2.76
3.61
2.76
0.31
2.36
3.91
0.52
2.9
1.46
3.38
2.82
1.13
3.57
0.57
0.17
0.19
4.2
3.73
2.16
2.34
3.08
2.14
3.98
1.86
3.28
0.86
4.78
2.4
0.75
1.36
2.14
1.53
2.64
2.16
0.2
1.09
5
3.67
4.91
3.97
0.99
4.22
2.14
3
2.76
0.5
1.59
1.35
3.41
1.06
3.15
3.07
0.94
1.11
2.5
1.09
2.21
0.93
1.66
1.21
2.79
2.98
4.62
0.75
1.32
3.42
2.06
1.25
2.91
2.32
1.34
3.94
0.88
4.08
3.44
1.54
2.1
3.82
3.86
2.52
2.36
2.6
1.57
1.53
3.24
2.02
3.4
4.99
0.19
4.2
1.57
0.73
1.56
3.74
1.28
1.5
3.91
3.14
1.19
4.66
0.45
4.15
0.95
2.8
0.98
3.45
2.74
4.06
0.39
2.39
4.83
4.33
0.13
2.32
0.62
0.08
4.84
2.59
0.22
4.25
3.45
2.38
0.94
1.66
0.1
3.82
2.12
1.29
1.73
3.37
3.23
4.12
2.67
3.88
3.72
3.97
2.73
4.84
3.82
0.34
4.83
1.61
0.56
1.94
1.37
0.25
0.8
2.51
4.93
4.27
1.71
2.8
1.44
2.15
3.45
0.34
3.43
0.3
1.9
4.44
2.37
1.1
4.41
1.01
2.63
4.75
2.83
0.03
3.19
3.11
0.94
2.09
4.36
0.71
0.84
3.62
0.64
3.05
4.25
3.87
4.45
4.23
4.85
1.23
2.64
0.01
0.48
4.42
3.28
4.62
2.37
4.72
2.72
4.64
1.6
1.85
0.34
4.56
2.85
1.17
2.26
3.78
0.99
1.43
0.9
0.7
2.79
0.11
4.47
0.48
1.54
3.16
2.76
0.96
1.23
1.9
3.21
4.96
2.52
3.57
0.05
0.91
1.17
4.9
4.4
3.36
4.98
4.3
3.71
1.85
3.02
1.7
2.06
4.78
4.3
2.75
3.02
2.85
2.46
0.8
4
4.79
4.3
0.01
2.26
1.44
1.03
1.3
4.37
3.19
3.71
3.71
4.88
1.69
4.54
2.48
3.95
0.2
2.16
4.46
2.82
3.99
1.26
0.05
4.24
2.39
1.56
3.82
3.03
2.31
0.48
4.52
2.42
4.58
4.55
4.3
1.32
0.43
1.58
4.22
4.45
4.53
3.7
3.99
0.91
1.21
0.16
0.91
0.14
1.9
1.51
3.83
4.7
4.28
1.27
1.87
3.94
4.32
0.42
1.78
3.83
2.35
0.27
1.82
3.84
1.44
0.24
3.01
1.91
0.6
3.59
1.07
2.22
4.11
1.68
3.73
1.38
2.26
4.81
0.05
0.97
2
2.99
2.8
1.96
0.42
0.39
0.52
1.29
4.04
3.45
1.81
4.03
2.14
3.74
0.16
3.39
1.73
0.21
2.76
4.77
2.38
2.4
2.14
0.49
4.03
1.37
2.82
1.37
0.92
3.25
1.11
2.76
0.36
1.39
1.15
2.43
1.01
3.2
4.24
0.24
4.52
0.88
3.56
0.78
3.01
0.47
4.86
2.87
1.39
3.62
0.3
2.05
4.35
0.28
4.36
3.34
1.89
0.93
0.39
0.47
0.58
2.66
1.7
0.14
1.53
3.23
2
3.9
0.2
2.37
0.79
0.21
2.47
2.2
0.81
3.85
1.86
0.08
1.27
0.78
1.1
3.7
2.97
1.24
3.63
3.31
3.08
2.26
4.35
0.82
2.11
1.36
4.55
3.59
4.41
0.95
1.3
0.33
0.6
3.12
0.05
0.01
3.17
3.45
2.41
1.65
3.47
1.94
0.67
3.15
4.38
1.51
1.61
1.98
1.36
3.77
1.84
3.12
1.47
4.9
2.01
0.12
3.14
0.96
2.21
1.67
4.3
2.21
3.87
4.72
0.53
4.18
1.54
0.77
3.99
4.9
1.04
4.65
4.67
2.47
1.58
3.64
0.8
0.43
0.96
0.53
2.15
4.25
4.81
4.27
1.17
2.99
4.02
3.82
0.12
2.25
1.04
3.27
1.46
3.24
0.88
1.23
0.08
0.04
3.29
0.36
0.66
4.88
0.59
4.97
1.55
2.88
2.35
0.26
3.96
1.56
2.87
0.26
2.07
2.72
1.79
4.97
0.43
2.49
1.16
4.99
2.9
3.04
1.46
1.52
1.52
3.87
4.38
3.02
2.65
1.75
0.72
2.92
2.05
2.34
0.01
3.99
1.32
3.46
2.97
0.47
4.14
3.01
3.91
4.77
1.65
0.98
2.22
2.16
0.21
4.17
1.79
2.46
4.59
3.76
4.98
2.9
1.67
3.17
1.31
4.86
2.41
1.76
4.62
0.03
1.77
0.13
2.6
0.52
1.56
1.56
0.59
3.68
0.16
3.06
0.9
3.33
3.27
4.46
1.79
4.07
3.22
0.91
3.04
2.13
1.3
4.07
3.89
3.55
1.55
2.89
4.38
0.01
3.9
0.32
3.77
2.16
4.87
2.83
0.77
4.42
0.76
2.54
3.94
2.62
0.98
2.87
0.19
1.46
4.42
3.62
2.07
1.91
4.14
3.7
0.79
3.22
2.2
1.13
3.15
3.86
4.5
4.51
4.83
0.21
0.86
3.83
4.04
0.87
1.91
1.33
3.37
0.11
2.91
0.14
2.72
1.1
2.61
4.45
3.85
1.47
1.6
0.25
1.58
1.4
1.44
4.13
0.31
1.15
2.91
0.8
4.16
4.63
3.97
4.24
3.79
2.07
1.52
2.2
0.98
1.52
4.03
2.97
3.62
3.36
2.61
4.98
1.99
4.61
1.49
3.63
0.11
3.97
0.91
3.11
0.35
4.34
2.89
2.47
3.73
3.54
0.98
4.71
0.01
4.13
0.1
4.43
1.19
3.4
2.33
0.16
0.47
1.89
2.74
4.24
1.43
2.41
1.8
2.12
0.82
3.77
2.07
1.04
2.89
4.41
1.59
3.24
0.8
3.73
1.7
1.34
1.85
3.59
3.54
3.29
0.96
2.8
4.64
0.66
3.24
1.63
0.38
3.08
4.64
3.93
1.65
0.96
4.38
0.68
2.75
0.72
3.11
1.21
0.99
0.15
1.21
0.63
3.91
3.93
0.27
1.38
4
4.17
4.83
3.56
4.37
4.76
4.91
0.38
4.17
4.32
0.84
1.38
3.25
0.45
1.82
4.46
4.1
2.56
3.09
1.5
0.62
2.43
3.48
0.33
2.22
4.56
2.52
3.67
2.65
4.72
0.62
0.45
3.49
4.18
0.05
1.6
0.59
2.52
0.63
1.44
1.68
2.41
1.38
0.39
2.29
2.54
3.04
4.45
2.57
1.34
2.85
4.15
0.64
1.55
4.22
3.58
1.84
1.11
3.85
1.12
1.11
1.61
0.28
3.45
3.14
1.46
0.11
3.98
0.36
4.79
3.42
4.57
3.86
3.03
3.28
4.55
3.01
0.48
4.68
2.38
1.42
4.22
3.04
0.8
4.15
1.9
0.85
3.05
4.73
3.04
2.99
4.95
1.97
1.17
3.35
1.51
0.39
0.93
2.37
4.72
3.63
2.85
4.64
0.9
2.6
2.4
3.68
3.52
2.81
0.86
0.79
0.9
4.14
4.68
0.46
1.26
0.48
3.85
3.27
0.72
2.97
2.21
4.48
0.96
1.67
1.8
4.9
0.67
2.33
4.32
2.27
0.86
1.45
2.81
1.94
3.44
2.76
2.46
2.52
0.97
3.59
4.03
4.78
1.92
3.8
4.37
0.88
3.4
1.5
0.72
0.18
0.52
4.01
3.89
2.34
2.05
4.01
2.13
0.95
4.56
1.44
2.52
3.75
4.25
2.24
4.33
3.39
3.79
3.05
4.65
4.94
4.98
0.02
1.6
4.85
0.42
0.18
2.27
1.21
3.37
1.28
2.97
1.02
0.84
0.27
0.19
1.62
0.56
4.86
1.09
2.33
1.16
4.39
4.86
0.05
0.5
1.27
4.02
2.58
0.01
3.75
4.67
2.67
0.53
0.33
4.96
3.06
2.84
2.88
3.36
4.73
4.91
2.83
3.26
0.83
4.19
4.05
2.96
1.56
3.95
0.1
1.98
4.87
1.69
2.72
3.63
2.73
0.8
0.34
2.04
3.27
1.93
0.98
2.34
3.9
4.64
2.04
3.11
2.23
1.85
5
4.24
0.43
1.44
2.4
2.21
4.68
2.4
1.56
4.22
4.98
0.58
0.73
1.9
3.34
3.15
0.34
0.56
3.77
3.28
1.24
0.91
1.31
3.9
0.42
1.79
4.79
1.21
4.68
0.57
4.46
3.28
3.34
0.88
2.08
4.53
1.3
2.97
1.88
2.96
4.96
0.77
4.26
3.78
3.71
0.02
4.01
1.38
3.41
4.8
3.4
1.11
0.44
4.79
2.58
0.64
2.11
3.72
2.93
3.51
1.67
4.78
0.72
3.12
3
1.42
3.31
0.28
2.87
4.4
1.01
1.3
2.53
0.64
2.07
3.39
2.9
4.64
1.49
3.48
2.19
4.79
0.49
0.47
2.22
2.49
4.44
4.59
3.65
2.83
2.33
3.61
4.9
4.18
0.48
0.39
2.85
3.15
2.24
1.16
4.48
4.28
1.87
2.35
1.05
1.09
1.61
1.2
3.71
3.28
1.2
4.3
1.18
3.65
0.33
2.9
3.47
2.49
0.41
4.86
4.04
4.49
3.11
3.87
3.06
4.58
4.08
0.34
3.82
0.81
2.91
0.06
1.02
1.25
1.3
2.91
3.95
0.25
3.32
4.07
0.76
0.88
3.63
0.1
0.43
0.57
3.17
2.17
0.03
1.61
1.1
1.43
4.63
2.49
4.85
0.41
4.89
2.4
2.7
2.91
1.86
0.58
1.18
0.96
4.76
3.27
3.25
2.27
2.6
4.36
3.56
3.14
2.15
1.93
3.4
2.33
1.05
3.73
3.61
2.65
0.36
3.87
3.12
2.09
4.08
2.68
2.47
3.57
0.55
2.19
3.23
1.23
2.29
2.08
1.17
4.6
1.13
0.43
3.37
1.73
1.23
2.75
1.78
2
0.66
0.98
4.6
2.46
4.45
1.23
4.13
0.4
0.85
0.85
1.36
2.89
4.1
0.05
4.78
0.72
4.21
4.08
4.21
1.05
4.84
1.08
1.84
4.46
1.97
2.25
0.84
4.03
3.65
3.86
0.13
3.39
4.69
1.77
0.7
1.19
1.78
2.99
0.77
4.08
0.33
3.18
0.83
1.97
4.22
0.61
3.96
0.52
0.44
3.78
2.02
0.15
0.97
1.36
4.86
3.39
1.75
1.04
3.37
2.75
4.72
2.47
3.51
0.87
0.36
4.86
4.65
1.99
4.02
1.25
4.27
4.21
4.46
0.64
0.58
1.81
4.89
0.55
1.54
3.7
2.09
1.2
3.2
3.12
5
0.71
1.75
3.63
2.09
2.44
3.4
2.6
1.39
1.23
1.91
2.83
3.67
3.93
0.87
1.78
0.67
4.25
2.42
4.18
1.07
4.51
0.42
0.45
4.7
3.86
3.19
4.06
3.62
3.61
3.78
1.82
4.07
0.49
3.65
2.24
3.01
3.38
0.34
3.02
0.12
2.72
1.86
2.94
0.68
0.92
2.7
4.78
1.99
4.73
0.23
1.69
3.74
4.86
2.63
2.04
2.91
4.24
1.8
3.87
0.21
2.06
3.31
3.45
4.16
2.09
1.4
1.89
2.96
3.71
3.88
4.25
1.21
1.26
4.05
0.98
1.42
2.74
4.91
0.1
4.26
0.28
3.57
0.08
0.56
2.68
1.69
4.88
1.33
4.67
4.54
1.77
1.04
1.58
0.28
0.96
3.39
0.15
3.47
0.64
1.68
1.26
4.25
1.28
1.87
4.15
1.8
4.99
2.66
0.05
0.64
1.3
3.54
2.9
0.68
3.42
1.09
2.14
1.71
0.22
1.32
1.83
4.4
3.43
3.45
4.12
2.8
2.97
2.83
2.34
3.93
2.46
1.83
4.29
2.2
4.17
2.62
1.15
1.85
1.43
2.69
2.56
2.21
2.64
1.17
4.17
1.25
0.61
4.85
0.81
4.57
4.84
4.07
2.68
0.91
0.5
4.15
1.32
3.99
2.66
3.61
3.43
0.15
1.12
2.83
2.43
0.94
2.87
3.39
0.58
3.45
1.27
2.24
3.5
0.93
4.5
0.02
1.69
0.47
4.41
0.16
4.13
2.24
2.77
0.98
1.26
0.96
2.56
2.56
2.46
4.47
2.93
0.89
3.19
2.87
2.23
4.15
3.17
4.71
0.46
4.47
0.97
0.43
2.83
0.44
2.96
4.43
4.86
4.84
2.41
1.15
1.61
0.33
2.58
2.67
4.54
1.42
3.92
0.09
2.26
4.58
4.54
1.89
2.05
0.78
1.09
1.89
2.15
2.42
2.5
3.54
2.86
1.06
0.62
4.01
4.95
0.12
3.09
3.97
3.09
3.46
2.45
3.29
0.51
2.64
2.22
2.95
0.93
2.05
2.57
4.86
1.86
1.26
4.05
4.82
3.82
1.84
1.05
3.52
0.75
3.04
0.76
3.23
3.83
1.7
0.32
4.63
0.4
2.48
0.98
1.97
1.41
2.85
3.62
1.27
2.32
0.24
4.55
4.44
1.99
2.58
2.29
1.32
0.74
2.92
2.79
2.44
1.04
4.31
0.75
3.42
4.98
1.05
4.26
4.66
1.42
1.26
0.52
0.06
0.02
0.82
2.04
2.27
1.96
3.02
0.6
3.25
0.19
3.36
3.7
2.96
1.02
0.18
3.22
0.3
4.13
1.2
3.58
4.64
3.32
0.51
4.14
1.1
2.77
2.11
3.11
2.43
1.41
4.58
2.55
1.94
4.27
0.98
4.6
1.93
0.1
4.4
3.58
1.39
4.84
3.93
0.62
3.33
2.31
2.75
2.9
3.79
4.7
0.29
4.31
4.06
1.18
0.78
2.26
0.02
4.91
2.45
1.62
1.55
0.32
2.56
2.21
2.35
3.96
4.21
0.8
2.33
0.03
2.8
2.95
2.13
0.63
3.68
0.28
2.99
4.23
0.87
2.04
1.5
5
4.01
2.13
3.96
0.98
