4.92
3.43
1.19
1.48
0.52
1.08
1.12
1.62
0.06
1.42
1.93
2.22
1.21
0.12
3.65
0.76
2.78
3.36
4.71
1.51
3.1
2.79
3.34
2.71
3.2
4.61
2.44
4.93
3.14
0.69
1.05
1.48
4.06
0.21
3.44
1.2
4.42
0.87
3.06
4.62
2.64
3.04
3.07
2.38
3.69
2.8
1.38
4.9
0.78
3.11
2.06
4.45
3
4.6
1.76
0.18
0.37
0.21
2.86
0.9
2.22
2.48
3.54
4.63
4.12
4.87
2.48
0.88
3.21
2.71
3.87
2.64
2.66
2.41
4.73
3.25
0.48
3.11
2.54
2.15
2.23
1.66
3.45
0.47
3.33
4.4
4.35
2.21
1.91
1.3
3.97
1.51
3.23
0.16
1.88
1.57
0.14
2.23
4.73
3.84
4.03
4.88
2.78
0.63
2.46
4.98
0.16
4.82
2.66
1.35
2.37
4.18
2.04
4.9
4.7
3.18
0.04
3.14
0.86
1.98
3.36
1.98
0.66
2.8
2.4
1.31
3.87
1.53
3.21
4.9
4.4
0.84
0.02
0.29
1.64
1.35
1.52
3.99
3.43
3.6
0.04
4.9
1.33
2.29
3.32
3.31
4.02
3.01
3.69
4.31
4.23
4.75
0.28
3.64
0.38
1.72
3.74
0.55
3.15
0.75
2.92
2.17
1.99
1.91
4.38
4.81
1.42
4.33
3.52
2.53
0.6
3.44
1.87
1.63
2.15
4.41
2.6
1.13
3.11
1.15
1.48
1.72
3.09
3.16
1.42
0.44
0.52
1.87
3.99
2.14
0.19
3.54
0.83
2.87
2.13
3.36
4.79
1.78
3.76
2.27
4.08
3.2
3.1
1.35
2.49
1.43
0.25
0.86
2.89
2.5
1.03
2.31
4.78
0.3
4.57
1.85
4.07
1.95
2.23
1.26
4.88
4.35
4.22
1.46
2.24
1.77
3.01
4.52
3.12
0.07
0.39
0.1
2.55
1.54
3.67
4.67
2.12
0.52
1.09
4.99
3.93
3.49
0.79
4.18
0.26
1.37
0.58
0.05
1.43
0.44
1.7
1.92
2.7
0.72
0.93
3.86
4.08
2.51
4.86
2.84
0.64
2.45
3.86
0.48
0.14
1.4
3.56
4.57
0.83
0.32
0.51
3.57
3.98
4.96
1.12
0.61
2.85
0.86
3.29
1.36
0.71
3.94
0.33
2
1.01
1.15
3.16
3.57
3.11
1.5
4.04
3.87
2.61
0.71
2.1
0.26
4.49
3.44
0.58
4.03
3.52
0.13
2.01
3.32
0.17
4.4
2.41
2.71
2.03
2.27
3.18
3.36
2.03
1.84
0.62
2.32
2.56
0.47
2.41
2.48
2
2.02
2.24
2.27
0.45
0.62
1.33
0.17
0.53
3.4
0.35
4.55
0.78
0.18
4.74
0.55
1.54
3.95
1.94
2.89
4.42
4.92
4.02
1.59
0.8
1.68
3.72
3.23
1.35
1.31
2.39
2.79
1.8
1.9
1.58
0.38
4.82
0.14
0.68
4.28
4.23
3.84
4.76
2.09
1.19
2.42
2.95
3.48
2.24
2.18
3.64
0.95
3.21
1.63
1.16
2.55
0.03
1.72
1.88
1.6
4.66
4.57
3.48
0.98
4.47
0.02
1.13
2.81
2.06
3.48
0.5
2.12
0.25
2.99
2.69
1.16
0.65
0.28
0.96
1.57
2.68
0.96
4.59
0.55
3.81
4.02
4.07
0.96
3.19
4.76
0.13
2.04
1.1
3.82
2.32
3.53
1.32
2.03
0.43
3.88
1.22
1.7
1.91
4.42
3.53
2.43
0.17
4.42
4.9
2.78
4.63
2.4
2.64
1.83
0.52
0.4
2.01
0.71
3.43
3.67
2.06
2.95
3.89
4.23
1.01
3.27
1
1.74
2.23
1.7
1.18
2.8
0.11
3.2
2.21
1.52
1.59
4.79
1.69
0.62
0.79
0.04
3.44
2.33
3.94
1.21
3.12
1.58
2.34
4.92
1.5
2.7
4.02
4.38
3.33
0.47
4.64
2.76
4.29
1.3
2.37
0.48
0.48
0.57
2.59
4.44
1.91
0.19
1.16
1.11
3.64
1.23
3.23
4.01
3.55
4.04
3.29
0.08
3.09
0.97
4.86
3.35
3.47
2.58
1.13
2.44
0.94
2.42
2.63
3.83
3.11
0.46
1.52
2.66
1.32
1.05
0.8
4.26
1.88
1.34
1.24
0.71
0.51
1.56
2.1
2.77
1.75
3.74
0.16
3.74
1.24
0.47
0.45
1.77
0.3
1.28
3.85
3.92
3.16
0.79
4.76
5
1.2
4.13
3.71
4.43
2.26
0.57
2.45
4.06
0.03
0.74
4.84
1.05
2.67
3.23
3.4
4.56
2.93
4.42
2.5
2.54
2.8
4.65
1.54
4.04
2.43
1.93
2.84
3.51
4.85
3.23
2.23
0.92
3.75
4.06
2.93
4.93
3.62
1.37
2.72
2.01
0.29
2.41
2.76
2.45
1.21
3.91
4.62
0.12
1.72
3.66
2.92
2.51
4.07
4.74
3.79
2.91
4.44
3.17
1.36
4.78
0.74
0.11
0.9
1.85
3.2
2.38
2.96
1.93
1.12
1.33
1.76
4.01
3.88
2.55
4.02
1.42
1.32
0.76
4.53
2.36
4.16
3.46
0.76
0.02
0.98
1.02
4.4
4.9
3.31
3.65
2.36
3.05
1.01
4.69
3.67
4.85
0.95
2.93
4.17
3.27
0.06
3.42
3.76
0.75
3.57
2.08
1.82
4.36
4.89
1.82
1.76
1.2
3.99
0.89
4.34
4.02
4
1.42
4.89
1.73
4.99
4.72
1.4
4.5
2.26
3.71
4.87
3.14
4.09
4.86
3.64
0.4
2.5
3.58
1.12
1.41
1.51
0.06
1.17
0.09
1.35
1.81
4.08
3.66
4.08
1.31
0.43
2.64
2.74
0.66
4.85
2.04
4.9
2.11
2.64
1.34
3.81
0.45
3.45
4.57
2.79
1.95
0.32
0.62
1
0.39
1.23
1.64
3.31
1.37
0.72
0.86
1.55
1.96
0.86
0.01
2.81
2.71
2.95
3.99
4.03
2.98
3.72
3.82
0.54
3.06
2.98
4.08
4.53
1.39
1.45
2.11
1.43
4
1.15
3.22
2.99
2.02
1.54
2.84
0.33
3.58
0.27
4.58
3.36
0.25
1.31
4.16
1.03
1.17
4.6
1.54
2.69
2.49
2.16
3.66
1.73
4.66
3.67
0.74
3
4.73
1.69
1.26
1.91
3.41
0.63
3.9
0.32
4.41
2.61
0.07
2
1.68
3.18
2.58
0.27
1.18
1.1
1.31
2.56
0.03
2.33
4.93
4.74
0.32
1.19
3.53
2.83
3.23
4.17
1.49
3.65
2.43
4.45
4.5
4.53
3.84
3.64
0.16
3.53
3.6
4.9
4.14
0.15
3.56
3.14
1.08
3.6
2.22
1.21
0.47
4.18
1.49
2.95
4.94
0.72
1.05
4.6
0.52
4.14
2.68
0.28
0.64
4.3
4.46
4.7
2.82
4.08
0.33
2
0.49
2.83
3.97
0.04
0.57
1.05
4.51
2.21
0.97
0.17
0.19
3.47
1.72
2.34
2.1
3.51
1.58
0.15
4.7
1.49
4.45
2.31
3.01
1.61
4.59
2.24
3.85
2.79
3.08
3.19
1.69
3.95
3.86
2.64
4.91
1.76
4.75
2.43
0.22
1.81
4.74
3.88
2.56
1.57
0.41
4.65
1.71
1.99
0.96
4
4.95
2.67
0.79
0.87
1.86
3.98
4.93
2.02
2.38
1.02
2.3
2.25
3.21
0.05
1.75
4.65
0.65
1.87
2.24
3.08
3.68
3.63
2.22
3.82
2.32
3.85
3.98
4.23
0.64
4.07
2.9
0.27
3.94
0.38
2.84
3.64
1.79
0.48
2.73
1.73
3.64
0.12
2.62
1.63
4.5
4.53
1.39
3.63
1.55
2.3
1.24
2.13
4.61
0.06
4.43
0.51
1.74
3.36
0.96
4.39
4.67
2.94
2.01
2.36
3.55
1.1
2.28
2.88
1.32
3.23
0.41
4.31
4.6
4.48
3.24
4.65
4.28
2.71
4.93
4.8
1.75
2.84
3.6
3.5
4.99
2.5
2.15
3.34
2.95
2.51
1.71
1.22
2.13
2.48
1.93
1.37
1.67
3.31
2.65
1.88
4.16
3.88
2.64
4.7
4.32
3.3
1
4.16
2.15
0.34
4.11
0.75
3.22
2.63
1.53
1.93
1.92
4.91
4.41
1.62
3.9
3.52
0.48
4.53
0.72
1.98
1.93
0.46
0.34
1.95
0.04
4.01
3.96
0.89
2.78
0.45
3.15
4.3
0.76
1.74
1.49
3.38
1.87
0.79
3.14
1.93
4.35
1.75
0.92
2.55
3.84
2.21
1.32
2.85
3.79
1.18
4.08
2.68
0.43
4.42
2.69
3.79
2.99
1.09
0.45
0.3
3.44
4.91
0.37
0.03
1.31
2.34
4.02
0.71
3.96
3.96
2.16
4.61
4.49
0.06
3.76
2.18
4.28
0.53
1.22
4.87
0.14
2.37
0.35
1.68
0.54
1.24
3.09
4.91
0.71
2.4
0.8
4.46
4.13
2.3
1.26
4.86
4.78
2.64
3.81
3.93
4.22
4.02
4.3
1.4
0.68
2.38
1.72
4.69
1.97
4.96
1.53
3.6
3.67
0.28
4.13
0.33
2.34
0.54
1.01
0.64
4.23
1.04
1.91
4.71
4.44
3.82
3.25
4.27
4.47
1.45
3.1
2.03
1.88
3.97
1.7
2.43
4.27
0.76
4.57
1.3
3.8
1.98
3.41
1.55
2.15
0.46
0.22
1.63
3.75
1.56
0.4
4.45
4.29
4.73
2
3.03
0.47
3.4
0.41
3.13
3.09
1.25
2.84
2.89
0.31
4.39
3.82
4.9
1.49
4.2
3.43
4.66
3.72
0.92
4.94
0.61
0.46
0.36
2.99
2.99
3.42
4.49
0.15
2.61
2.42
2.25
0.42
0.81
4.66
2.35
3.73
1.05
0.65
2.34
2.99
4.23
3.81
0.9
2.75
0.4
4.65
4.8
0.5
3.03
1.18
1.86
0.33
2.77
2.27
4.9
1.63
2.98
3.35
4.25
3.89
4.71
0.14
2.51
3.84
2.24
2.34
3.68
4.89
2.57
2.75
1.09
5
0.39
1.94
0.06
2.3
0.94
4.28
3.66
4.24
3.08
3.72
4.47
0.15
2.96
0.69
1.27
4.24
0.41
4.33
4.17
3.77
4.48
2.36
2.52
2.61
3.98
4.42
4.83
2.83
1.63
1.96
1.86
1.96
3.19
0.63
0.12
4.14
2.48
2.21
2.01
4.4
2.84
4.64
4.2
4.35
4.14
3.08
2.62
4.67
2.59
3.08
2.72
3.27
3.32
4.51
2.5
4.52
0.75
2.62
3.93
3.03
3.92
4.36
0.41
2.34
1.09
2.32
4.21
0.52
3.02
2.57
3.48
2.79
0.69
0.98
3.18
2.77
3.47
4.17
0.35
3.2
1.98
4.65
2.05
0.54
3.27
1.59
0.48
2.65
2.5
0.83
4.83
1.86
1.13
0.49
4.7
4.81
2.43
4.77
3.95
1.82
3.49
1.23
3.91
3.42
4.21
4.83
2.62
1.62
1.92
1.34
2.2
4.3
1.81
2.39
2.26
4.71
2.71
0.76
4.89
4.08
0.9
0.93
2.32
1.6
4.64
4.61
2.8
4.48
2.7
3.17
4.9
2.44
3.32
1.33
2.41
2.79
4.25
0.53
0.57
2.75
3.08
1.31
4.81
2.48
0.2
2.07
3.39
2.02
0.46
1.92
2.85
2.55
2.49
1.47
2.1
2.29
2.74
3.35
3.5
3.58
0.36
0.01
4.18
2.15
1.25
3.74
4.11
0.98
2.06
2.98
2.4
2.89
4.49
4.76
1.71
2.72
4.22
1.65
1.56
4.95
1.91
0.32
3.03
1.71
1.82
1.67
1.53
4.79
0.06
2.15
1.54
1.09
2.37
2.81
4.25
1.94
4.32
2.45
4.24
0.51
0.94
3.5
0.72
0.84
4.41
2.17
2.56
2.21
0.87
4.69
3.69
0.68
2.37
2.98
4.86
4.58
0.55
3.09
4.51
4.45
4.53
0.55
0.52
4.01
1.91
2.54
4.24
3.87
2.06
2.21
4.01
4.49
3.3
3.82
4.86
2.73
0.25
0.53
4.4
2.02
4.19
3.04
4.85
1.19
3.86
2.21
4.13
0.48
4.19
2.43
4.89
3.04
4.14
1.36
2.7
2.95
3.07
3.49
4.07
1.92
0.34
3.38
1.34
4.41
1.67
1.76
3.45
1.93
2.57
2.45
3.32
0.96
1.57
0.66
2.12
4.12
1.64
0.08
4.48
4.45
1.09
1.34
0.37
1.15
2.11
4.32
2.27
3.73
1.35
3.97
4.46
3.79
4.52
3.83
4.61
0.18
2.23
4.8
0.55
3.35
2.24
3.59
1.63
0.73
2.59
0.91
0.73
3.53
2.69
0.57
3.11
3.79
4.71
2.13
4.88
2.31
3.84
0.28
3.6
3.78
3.86
4.09
1.96
4.16
1.38
4
2.87
4.64
2.34
3.45
0.77
3.01
4.25
3.33
0.98
4.1
2.33
2.89
3.36
0.72
4.77
1.22
4.21
1.98
4.45
3.07
3.46
2.37
1.22
3.1
4.12
3.07
1.1
1.37
0.4
5
0.05
3.43
0.65
1.44
1.13
2.24
4.17
2.78
1.89
3.49
1.85
3.19
1.94
0.78
1.93
4.63
0.75
4.02
1.79
3.65
1.77
4.9
3.59
4.57
2.86
3.8
3.72
2.28
3.39
2.78
3.46
4.32
2.38
4.06
0.85
0.79
3.27
0.92
1.92
4.41
4.25
3.87
4.46
3.44
3.33
4.13
3.49
4.87
0.98
0.08
2
0.98
2.65
4.88
4.08
4.15
0.89
4.36
2.05
0.35
2.98
0.85
2.36
0.73
3.22
1.92
0.72
0.87
3.24
2.68
0.95
3.78
4.72
0.05
1.79
3.33
0.98
4.45
4.91
4.84
4.58
3.42
1.22
4.09
3.21
1.3
0.77
0.95
1.56
1.8
1.79
3.22
2.07
4.3
2.26
0.53
3.02
2.58
3.24
3.95
4.67
3.55
0.55
2.83
0.69
2.12
2.24
0.82
2.06
1.08
0.52
0.11
3.34
2.8
4.75
4.17
4.94
3.73
1.32
1.34
0.36
1.11
1.8
2.19
1.16
4.44
4.64
3.57
2.02
0.5
0.69
4.53
1.87
0.55
0.31
0.66
2.83
2.19
2.39
0.72
1.45
0.32
1.13
2.8
0.57
3.3
2.65
2.92
0.78
1.93
1.88
0.86
4.31
4.15
3.11
0.1
0.27
3.4
0.43
2.13
2.04
4.99
3.78
0.65
0.06
0.3
4.36
2.58
3.97
3.94
3.15
1.95
0.28
2.55
3.54
4.47
3.63
4.78
2.76
1.72
3.82
1.54
1.47
3.62
1.93
1.51
4.89
4.63
0.96
3.88
2.97
1.17
3.39
4.06
1.5
0.19
0.83
3.25
1.91
0.82
2.11
4.68
0.97
0.63
3.9
2.08
3.39
1.2
0.89
4.33
3.27
2.05
4.49
1.7
3.95
4.98
4.5
4.69
2.94
2.66
3.33
2.97
2.77
4.91
2.05
0.52
0.51
1.43
2.37
4.02
0.11
4.26
2.91
2.15
3.71
4.36
0.62
4.16
4.66
1.63
4.6
2.91
4.16
0.41
1.08
4.59
2.48
3.86
3.86
3.28
2.55
2.3
4.84
4.49
2.14
4.86
3.92
4.79
2.31
0.85
3.63
4.27
0.16
1.47
0.29
1.75
0.92
3.7
4.43
1.28
0.47
0.2
0.44
3.21
2.25
4.14
3.08
5
4.13
1.1
4.8
2.62
4.89
0.74
0.4
1.61
4.06
2.62
1.26
4.24
4.42
4.29
0.94
0.61
0.27
0.43
0.57
2.57
2.8
3.47
0.89
4.85
4.42
2.96
2.68
0.32
2.42
4.05
1.11
2.08
4.37
0.88
0.01
1.15
4.83
2.88
2.34
1.52
4.05
1.81
1.63
2.45
1.72
3.75
0.66
4.4
3.76
2.06
3.77
0.15
3.58
2.97
4.03
4.99
2.3
4.83
3.38
0.72
2.09
4.05
4.85
0.39
3.12
2.77
1.31
0.31
3.02
1.59
1.62
1.7
0.93
0.1
2.74
0.79
2.31
1.04
0.46
1.15
4.32
0.08
3.03
3.84
3.83
4.82
2.98
3.34
1.01
1.46
0.39
0.84
1.3
4
0.15
1.09
1.89
1.39
4.85
4.94
4.6
3.11
2.2
4.07
3.95
4.75
2.92
0.39
3.09
1.8
3.76
1.79
3.08
4.12
3.74
3.57
3.17
2.93
0.46
2.86
3.44
3.86
0.4
3.47
0.07
0.83
3.61
4.49
2.79
1.8
2.88
2.4
4.58
2.68
0.78
3.85
0.36
4.49
3
0.67
0.35
1.52
1.33
4.62
2
0.04
2.23
1.51
1.06
4.84
1.76
0.21
3.23
4.86
3.44
2.39
2.4
2.09
1.52
3.62
0.28
4.12
0.78
2.71
1.64
3.46
4.17
2.63
0.24
4.08
3.85
2
2.02
2.55
3.36
2.76
0.75
1.19
3.97
0.45
2.8
0.06
3.72
0.66
1.02
2.4
3.65
0.83
4.73
2.73
0.26
0.67
4.32
0.26
0.08
1.4
1.77
3.84
0.04
1.96
1.69
1.17
0.19
3.56
0.25
0.04
0.82
3.23
1.02
0.44
1.28
3.02
0.34
3.03
3.09
3.46
4.3
4.62
4.39
0.22
3.27
1.61
1.53
1.76
1.48
0.31
5
2.24
3.26
0.88
0.66
0.89
4.35
1.47
0.97
0.57
2.72
1.73
3.04
1.23
3
1.32
2.7
1.98
4.38
1.95
1.41
4.77
2.16
1.42
2.8
3.66
1.55
4.77
1.15
2.94
1.06
0.11
0.58
0.25
3.08
3.91
0.74
4.02
1.97
2.74
3.95
1.16
4.98
0.06
4.2
1.73
3.99
5
0.51
3.59
3.57
4.61
0.81
1.86
4.84
2.59
2.5
2.03
0.62
3.8
3.82
1.86
2.14
4.95
3.84
4.74
3.2
3.62
0.01
4.17
4.4
4.36
0.18
4.77
2.09
3.18
1.93
1.27
0.51
2.9
0.3
0.38
1.96
2.72
4.99
3.07
0.34
1.17
4.71
0.23
0.28
2.57
1.87
4.34
4.72
0.65
2.77
1.43
1.28
3.33
2.13
3.71
3.25
0.66
3.29
1.44
2.59
1.51
4.65
4.5
0.91
3.96
2.54
0.25
3.85
1.55
1.7
4.2
3.61
0.59
2.4
0.75
1.6
0.02
1.03
3.03
3.07
1.99
4.75
0.01
1.02
1.03
4.53
0.98
1.67
1.8
2.49
0.76
0.46
0.49
3.45
0.06
1.55
4.65
4.86
1.49
2.97
0.09
3.74
4.84
4.68
2.35
1.22
4.82
3.54
3.79
1.91
4.52
2.85
3.99
3.38
0.66
3.81
2.5
0.45
1.78
4.3
2.75
0.55
2.92
3.68
3.52
0.24
3.47
4.86
3.86
3.38
2.95
2.53
2.23
0.43
3.11
4.95
1.73
4.3
0.5
1.76
0.9
1.31
4.97
1.39
1.38
0.52
3.91
3.69
3.34
4.41
4.69
3.68
2.29
0.43
4.7
3.71
2.45
1.35
4.35
3.46
3.24
1.65
2.63
4.78
3.25
3.52
3.52
3.86
4.76
2.69
1.7
0.32
2.95
1.22
4.48
4.8
3.96
2.1
2.31
4.11
2.61
0.59
4.72
2.51
4.64
2.75
4.33
2.95
3.43
4.65
0.78
2.63
3.39
0.41
4.94
5
0.13
2.71
2.1
0.35
0.13
3.29
0.53
1.74
0.45
1.86
2.27
1.63
2.67
3.64
1.23
2.57
0.38
3.83
1.92
2.36
0.96
4.7
2.57
2.36
1.9
1.46
0.44
0.52
3.47
3.87
3.92
2.52
1.01
4.68
3.39
0.75
2.34
4.57
1.24
0.28
0.26
2.86
4.88
1.19
4.4
4.41
2.98
2.39
4.49
3.5
2.23
0.98
2.68
0.95
1.61
1.78
2.92
0.56
3.5
0.05
2.55
1.48
1.6
0.03
1.05
4.03
4.75
3.99
0.91
0.9
4.23
2.35
3.43
1.13
0.55
4.73
2.04
0.75
1.33
0.33
2.49
3.36
0.28
3.84
3.15
3.91
0.72
3.36
3.99
2.87
4.68
0.42
3.49
2.41
3.91
2.29
3.71
4.52
2.44
4.38
4.78
1.02
0.51
4.6
1.81
2.97
4.27
2.08
3.08
2.12
4.23
4.47
0.69
2.82
3.73
2.63
1.05
1.91
1.63
1.76
2.38
3.77
3.74
3.66
1.44
1.96
4.1
2.03
4.22
4.24
0.95
1.85
1.33
4.25
4.54
3.87
0.61
4.39
1.36
0.6
3.33
0.15
3.4
0.23
2.14
1.33
3.75
4.92
0.57
3.57
2.83
3.8
2.77
4.79
0.8
2.54
2.01
0.12
2.15
0.8
2.87
1.16
4.75
1.96
1.6
0.11
0.98
1.72
3.18
1.47
4.27
0.63
0.6
4.05
0.81
1.83
3.23
4.27
2.28
1.23
2.41
