0.17
4.28
4.94
4.46
2.48
2.59
4.72
0.47
2.13
2.28
2.45
0.1
2.07
0.44
4.05
1.69
3.17
3.83
1.03
1.28
0.61
2.77
1.6
1.91
1.4
4.2
3.1
3.85
2.62
1.11
0.32
2.96
3.53
0.25
2.15
0.47
1.44
4.08
3.35
1.24
0.22
1.91
4.48
4.74
0.29
4.51
3.39
4.49
0.94
1.3
1.48
2.66
4.88
0.99
1.49
2.89
2.06
4.26
1.42
3
3.66
0.9
1.93
1.79
3.44
4.14
3.46
1.13
5
0.69
0.63
3.13
4
2.31
3.45
0.66
1.2
1.87
0.68
1.71
0.17
4.19
1.42
3.76
4.33
3.79
0.54
2.46
1.29
2.62
1.77
0.18
3.09
1.24
1.69
1.51
4.34
4.53
0.14
3.35
3.76
2.53
3.4
4.16
4.17
0.67
4.2
2.55
1.69
1.46
1.95
2.36
3.18
3.55
1
0.43
1.56
1.01
2.5
3.33
1.37
1.29
2.92
1.04
0.42
1.61
2.48
1.61
3.86
1.25
4.98
3.56
2.64
2.23
1.46
3.98
4.92
2.48
2.32
1.86
3.7
0.83
0.07
3.95
1.77
0.05
0.23
2.53
2.95
2.39
4.35
0.15
3.41
1.54
2.79
4.44
0.25
1.9
4.65
0.51
3.42
1.75
3.78
0.89
1.75
2.46
3
2.98
4.79
3.06
0.62
3.56
0.09
3.12
1.49
4.68
0.76
3.7
4.34
2.48
4.51
3.4
0.64
1.87
0.46
3.92
2.62
0.73
3.33
4.64
3.13
4.1
2.27
2.6
2.67
4.65
1.64
0.28
0.64
3.03
0.42
4.13
4.15
0.56
0.94
4.26
2.29
3.95
3.72
2.46
0.22
0.15
1.39
1.59
2.21
0.64
0.56
0.19
0.24
2.66
4.59
1.87
4.7
2.43
0.62
3.55
3.51
1.64
3.78
0.97
2.56
4.68
3.34
4.21
4.25
1.11
0.4
0.45
2.59
0.36
4.21
4.6
2.07
1.88
2.74
1.9
0.32
3.48
5
4.11
0.02
3.52
1.56
4.38
2.43
3.13
4.03
3.39
3.99
3.94
1.01
1.15
1.6
0.39
3.83
1.16
2.38
0.05
3.53
0.8
1.38
4.67
1.82
4.62
4.53
3.53
2.53
4.39
4.76
2.92
1.04
4.26
2.55
2.41
0.86
2.57
0.51
2.58
3.8
2.18
1.94
4.72
2.76
1.04
3.94
2.6
4.27
0.77
4.62
1.59
1.56
0.11
4.44
1.6
1.55
3.02
2.9
3.6
1.05
3.63
1.17
3.54
1.27
2.08
4.76
3.75
4.92
3.97
1.88
3.19
2.71
0.96
2.51
2.12
3.2
3.29
1.41
4.91
4.58
4.28
3.06
2.01
1.87
0.27
2.51
4.18
0.22
3.91
2.76
1.11
3.3
4.71
0.08
4.02
0.46
0.86
0.38
4.12
3.95
3.92
1.15
0.27
4.13
4.77
2.9
0.35
4.63
1.75
0.51
0.87
3
0.22
3.26
2.54
4.6
4.41
1.06
3.46
3.94
1.27
0.2
3.08
1.14
2.86
0.57
2.5
0.58
0.46
2.24
1.41
2.92
3.01
3.04
4.92
1.82
2.21
2.06
1.01
4.35
0.83
1.72
3.14
2.45
4.66
3.48
1.38
4.27
1.65
4.96
0.88
2.17
3.48
2.76
3
0.68
0.33
0.38
3.97
1.9
4.9
4
0.9
1.69
4.24
0.02
4.74
2.26
1.73
3.64
1.32
1.81
3.07
4.83
2.37
4.77
4.01
0.71
1.39
4.91
4.81
4.56
3.62
0.91
1.71
1
4.13
3.72
0.77
2.39
4.22
1.87
1.84
4.4
1.34
1.43
1.88
1.4
2.85
0.7
3.59
2.47
0.03
0.36
3.9
2.7
1.15
1.36
0.14
0.43
3.41
4.11
3.96
1.69
1.22
1.75
3.14
3.29
4.33
0.43
0.07
0.17
3.73
0.69
2.31
1.61
2.52
4.25
0.13
4.97
1.09
3.24
0.1
3.62
4.34
2.13
3.25
4.3
2.65
0.99
3.27
1.71
2.99
2.95
4.02
0.43
1.37
2.18
3.04
2.91
0.01
2.32
2.28
0.37
2.37
4.62
1.22
4.51
5
1.04
2.83
1.22
1.25
4.81
2.74
2.93
3.96
4.63
4.89
1.14
4.19
3.11
1.89
1.63
3.93
4.07
0.13
1.02
4.08
2.38
2.74
3.13
0.77
0.22
3.53
3.73
2.45
4.72
3.39
0.24
1.17
1.95
2.1
2.44
3.3
2.01
1.72
1.28
3.61
1.32
1.13
3.55
4.94
4.14
2.09
3.06
2.6
3.59
2.04
3.36
0.53
1.36
3.66
3.08
0.81
0.63
1.14
2.14
2.66
1.69
3.9
0.28
4.21
4.07
4.09
1.06
0.85
0.83
3.55
1.04
2.92
0.27
2.31
3.3
3.21
0.76
2.17
4.25
3.01
2.06
2.39
1.64
1.87
0.29
3.55
0.62
2.84
3.54
1.44
4.89
3.72
4.31
3.77
0.04
1.85
4.49
2.65
1.28
0.92
4.36
3.92
1.22
4.15
0.96
4.6
2.43
3.74
1.07
0.71
1.27
2.45
2.78
0.16
2.6
0.51
2.04
3.45
0.78
3.93
3.65
0.09
4.53
3.7
4.54
4.7
0.61
1.74
4.59
4.75
5
4.64
2.77
2.22
1.42
4.2
0.66
3.94
4.5
3.72
0.43
4.2
4.43
0.16
0.04
3.15
4.62
4.37
0.98
2.27
1.13
2.44
1.26
1.33
3.37
3.41
2.92
2.27
2.25
2.9
1.37
3.75
0.3
4.61
0.16
2.21
3.9
2.3
2.01
4.62
0.62
3.26
4.73
1.26
4.39
2.84
0.99
0.76
1.89
2.22
2.77
0.65
4.33
1.71
2.48
2.29
0.45
1.43
2.38
4.43
3.14
3.02
4.38
3.89
2.25
2.96
1.04
4.61
4.91
1.55
1.98
2.02
2.28
2.64
3.95
2.44
0.55
1.58
0.92
1.77
0.23
2.75
1.09
3.74
4.31
0.74
3.84
1.17
1.59
2.08
0.48
4.42
2.03
4.5
0.02
4.34
2
4.36
0.6
0.2
3.29
3.36
1.41
4.4
0.66
4.58
2.55
0.8
0.04
0.01
1.53
2.84
0.25
2.27
1.03
1.63
3.81
4.31
4.32
3.54
1.53
3.22
3.44
3.16
3.42
4.88
1.3
3.86
0.49
0.63
1.78
0.17
1.35
0.72
3.45
0.76
3.23
3.15
1.12
4.67
2.85
1.98
1.03
3.98
3.35
0.9
3.54
0.53
3.28
2.16
0.88
0.11
2.81
3.15
3.27
1.63
4.93
3.08
2.82
4.94
2.85
0.89
2.06
0.6
1.7
1.14
1.34
2.82
0.53
1.75
3.95
2.08
4.21
1.64
0.56
4.07
1.71
0.74
1.55
1.43
4.94
1.63
3.6
1.68
4.42
4.89
4.1
0.49
1.34
0.68
0.1
1.74
4.8
3.74
1.27
2.1
1.24
4.01
0.38
0.88
1.57
2.62
2.69
4.57
1.99
1.16
0.12
2.03
0.16
4.86
3.97
4.74
3.45
2.34
4.74
0.79
1.33
4.49
1.73
3.54
2.62
1.86
3.05
3.26
3.11
0.23
3.3
3.31
1.16
1.16
0.2
2.49
3.65
2.25
2.95
3.09
3.55
3.39
0.47
0.44
4.46
3.02
1.52
3.1
4.6
2.3
2.19
3.18
3
4.74
0.16
1.95
1.24
2.62
1.97
3.3
4.73
0.37
0.12
4.99
4.44
4.74
3.99
3.94
0.57
4.6
4.72
2.02
1.23
3.94
4.73
3.56
4.4
3.34
4.18
1.58
4.84
0.42
2.72
4.27
2.89
1.79
3.56
2.39
1.38
3.17
4.99
0.97
3.62
0.2
3.97
3.14
1.37
2.39
4.98
2.32
3.51
3.5
4.73
0.78
1.53
3.6
3.65
3.03
4.58
2.01
4.95
1.68
1.19
3.1
1.08
2.19
0.48
0.23
4.95
2.27
4.76
0.27
2.95
2.69
1.6
4.77
2.04
1.91
2.02
4.2
0.53
3.79
4.68
4.78
2.31
2.02
3.71
3.08
0.07
0.35
2.94
4.88
1.68
1.74
2.6
0.72
4.43
3.83
2.7
0.54
2.53
4.61
1.64
3.44
2.74
4.85
0.93
3.66
3.98
4.32
1.1
3.31
4.87
3.62
2.57
3.48
0.77
2.56
3.11
3.57
0.85
3.18
3.99
4.88
2.81
4.64
4.45
2.75
4.85
0.1
1.86
2.88
4.53
2.38
0.95
4.9
4.95
2.02
3.42
3.14
3.93
4.91
4.72
1.22
4.96
0.46
0.84
1.69
2.68
0.12
4.44
4.6
3.14
4.72
1.12
4.69
1.46
0.06
0.39
2.39
4.16
4.32
2.79
2.8
0.9
1.62
1.43
1.71
4.47
4.14
1.22
4.02
0.66
4.01
4.9
4.39
3.11
1.78
0.95
4.85
1.7
0.88
1.21
2.21
1.71
0.48
0.62
4.96
1.37
4.43
4.68
4.2
1.02
2.88
4.85
1.06
3.58
2.05
0.8
2.91
3.82
4.73
0.82
1.86
2.93
2.91
4.43
0.28
2.72
2.17
4.9
2.03
3.02
2.49
2.04
3.66
0.3
4.74
4.99
1.98
0.67
2.58
3.24
3.85
1.13
1.37
1.4
4.09
3.33
2.08
4.41
1.67
2.31
4.43
3.1
3.38
4.98
4.9
4.37
2.83
3.49
3.28
4.48
1.15
4.4
0.22
1.43
4.33
3.38
0.12
1.82
2.09
0.69
2.18
4.93
2.36
3.8
0.81
2.71
4.72
1.15
3.49
2.17
1.83
2.95
3.07
3.9
4.57
0.46
4.63
4.23
1.63
1.33
1.11
1.54
2.99
3.8
1.84
2.88
0.86
4.51
1.16
0.45
3.41
4.6
1.88
3.52
4.4
1.82
1.63
4.73
0.52
4.04
1.64
3.65
1.49
2.38
0.35
4.33
3.83
1.06
0.84
0.48
4.81
4.38
4.85
1.41
0.44
1.4
1.49
2.97
4.25
1.52
3.99
0.13
0.6
3.08
0.09
2.81
0.56
2.59
0.33
2.4
3.78
1.26
2.58
4.3
4.74
4.37
0.01
1.31
0.34
1.7
1.64
2.39
0.08
2.76
1.14
0.49
3.59
3.69
1.17
4.21
1.91
2.06
1.93
2.67
4.09
4.47
1.66
0.46
3.61
0.44
0.27
2.36
4.86
3.55
4.57
1.38
1.88
2.03
1.48
4.92
4.61
2.32
3.4
0.36
0.04
2.63
4.56
2.74
1.7
1.57
0.17
0.24
2.1
0.1
0.08
1.64
3.3
4.35
3.7
1.26
1.2
2.9
3.34
4.84
3.93
1.57
3.25
2.44
0.75
2.73
4.94
2.86
0.5
0.48
3.72
3.89
1.8
3.66
2.2
4.16
1.82
0.78
3.69
2.95
1.81
1.02
0.41
4.79
1.54
1.82
3.07
0.46
2.41
3.33
4.02
0.44
4.15
2.91
2.11
3.56
2.44
0.63
4.8
3.42
2.91
3.04
0.03
3.62
1.55
0.72
0.41
2.97
2.26
4.58
4.57
3.17
1.62
4.1
2.46
4.26
1.31
3.11
0.94
1.37
1.97
0.57
1.45
4.89
4.75
1.41
2.48
3.5
2.44
0.21
3.16
0.37
1.72
4.31
3.36
1.7
3.62
1
1.38
2.64
2.9
4.72
1.4
0.96
4.42
2.61
2.86
2.1
1.18
4.08
0.17
0.68
0.58
4.27
1.93
4.9
0.86
1.19
0.4
3.93
1.5
3.88
2.32
2.88
3.97
3.83
4.99
3.45
3.27
4.65
0.92
3.09
2.31
1.06
0.27
4
3.76
3.46
4.77
3.74
1.77
2.57
3.33
1.69
3.5
2.78
4
1.58
1.11
4.21
4.58
1.48
0.08
2.6
4.1
2.51
2.96
1.9
4.59
2.94
2.12
1.51
2.55
3.98
3.02
2.8
2.52
0.92
2.22
4.92
4.73
4.34
3.9
0.06
3.11
3.97
4
4.05
0.05
1.81
4.33
3.69
0.42
0.83
1.88
0.79
4.38
4.22
1.97
1.5
3.03
4.23
4.56
4.92
0.41
1.34
2.32
3
4.93
2.98
3.43
1.89
2.04
2.4
3.88
1.94
4.38
4.32
3.45
3.8
2.19
3.59
0.67
2.53
1.26
1.88
4.26
1.36
3.14
0.59
0.99
2.38
1.78
1.1
2.14
0.31
1.71
1.96
1.23
5
4.86
0.97
4.03
4.74
2.44
1.84
0.87
0.09
3.92
3.7
4.65
1.96
2.12
3.97
2.51
1.18
4.29
2.18
1.27
3.86
2.58
3.72
2.46
4.94
2.29
0.89
3.38
4.09
4.3
2.09
4
0.12
4.48
1.36
3.2
1.39
4.08
1.82
4.69
4.73
3.5
4.65
0.27
0.26
1.46
1.56
4.18
0.67
0.5
3.35
1.71
4.89
1.7
4.85
2.67
0.83
1.15
0.09
2.92
2.52
4.69
3.56
4.45
1.1
1.84
2.96
2.01
2.67
2.07
0.6
4.72
0.09
2.92
4.33
1
4.12
1.8
0.25
0.92
0.34
4.86
4.06
0.13
1.12
3.6
1.85
1.3
3.63
4.63
2.43
4.67
5
0.89
3.69
3.34
3.03
4.15
2.01
0.83
1.77
3.2
1.29
0.03
4.73
0.64
4.7
3.68
3.34
4.34
2.95
2.24
0.55
4.14
2.34
1.64
4.45
0.36
2.56
3.89
2.59
1.41
4.94
0.79
2.29
4.34
0.26
1.27
1.01
0.91
0.21
0.11
4.37
3.96
4.82
2.41
2.03
2.69
0.88
2.39
0.15
2.03
4.43
0.6
1.33
4.04
1.24
2.28
3.17
0.1
1.99
4.61
2.68
3.31
0.77
4.24
3.95
2.29
0.1
1.28
1.05
2.5
4.32
1.07
0.06
2.52
2.36
3.32
2.72
3.1
3.05
0.81
2.4
1.4
0.15
1.8
4.42
2.85
3.67
0.43
4.21
1.31
2.25
1.86
3.26
0.24
4.23
4.61
4.41
1.37
1.15
4.94
2.3
0.05
0.19
2.97
3.09
4.61
1.34
0.66
3.01
3.52
1.88
1.31
3.3
4.7
1.39
3.78
4.85
4.69
3.24
4.99
3.1
0.53
0.95
2.34
3.49
1.04
3.07
0.38
4.46
4.2
0.1
0.22
1.69
3.86
2.74
0.53
0.08
0.34
4.49
1.67
4.75
4.95
1.85
3.87
4.44
0.11
4
0.29
3.14
1.25
1.81
4.49
1.25
1.76
1.88
0.96
3.81
0.65
0.31
4.26
1.97
0.99
0.38
1.92
4.93
3.88
0.97
4.51
2.91
4.77
0.84
2.11
1.94
4.71
0.05
3.43
0.27
2.22
3.2
2.73
1.74
1.48
2.76
3.12
3.59
2.07
0.61
3.42
2.81
1.34
4.3
3.84
0.21
1.96
4.12
3.76
4.03
2.32
0.24
4.56
0.47
1.47
2.18
4.64
1.77
0.93
0.3
3.15
4.02
4.76
4.13
4.83
4.87
0.75
2.99
3.04
3.94
2.62
1.41
1.74
2.42
1.57
4.83
2.55
1.34
4.05
1.05
1.83
1.34
2.57
3.69
4.36
3.26
3.01
1.56
0.74
4.17
1.62
1.05
1.39
2.96
3.79
0.42
1.57
3.34
3.06
4.98
3.94
1.91
2
3.48
0.37
4.69
1.84
4.93
1.18
2.28
3.3
3.92
3.68
3.27
3.63
3.25
3.73
1.49
4.86
1.73
1.85
3.12
1.09
0.06
3.56
4.27
2.32
1.18
4.83
4.87
3.5
0.68
0.34
2.34
1.96
3.71
4.1
2.55
0.65
4.17
3.37
2.89
4.91
2.79
1.64
2.26
4.75
2.94
0.02
1.43
0.14
2.19
2.91
4.55
1.53
1.97
3.71
0.81
1.03
4.3
1.51
0.88
1.19
2.19
4.28
3.63
1.63
2.2
4.99
3.15
4.97
4.2
1.45
4.79
3.82
2.23
4.26
3.39
1.11
2.64
1.77
0.87
3.87
4.26
2.1
2.11
2.88
2.55
4.85
2.3
0.94
2.07
1.78
2.46
0.25
3.53
2.34
4.69
4.82
2.89
4.81
1.25
2.2
4.96
2.24
4.55
4.85
0.88
0.29
2.07
0.01
2.26
4.09
1.55
3.16
1.88
0.21
2.06
1.22
2.13
1.21
3.54
0.65
0.94
0.22
1.53
0.03
2.74
2.15
0.79
0.78
3.72
2.64
2.05
4.04
1.5
4.74
0.36
0.39
2.19
3.26
0.12
3.09
2.53
0.98
1.61
3.4
3.5
4.37
0.85
4.47
0.18
2.06
2.34
4.31
3.74
1.55
3.05
0.15
1.4
1.18
2.76
3.93
0.16
4.8
0.91
4.09
1.86
2.15
1.86
2.88
2.84
4
2.39
2.12
4.29
3.66
4.18
3.92
1.55
3.09
0.95
4.53
4
2.68
3.39
4.82
2.76
2.48
4.93
3.06
4.61
0.01
2.71
4.62
0.53
2.6
2.76
2.21
2.26
1.28
4.14
4.49
2.88
1.51
3.42
2.66
2.62
4.69
0.94
2.03
1.99
3.7
0.92
2.58
0.72
3.84
4.42
4.2
1.51
0.68
0.71
3.39
4.93
1.48
4.69
2.72
0.57
0.78
3.48
0.49
1.87
1.45
1.7
3.3
3.93
2.87
0.49
0.51
3.92
4.95
4.67
1.53
3.63
1.19
4.52
4.49
2.36
4.44
4.42
3.39
0.22
0.13
2.26
2.15
0.9
1.9
0.81
2.03
4.49
3.21
1.37
2.6
1.16
2.33
4.2
3.2
0.01
3.14
0.83
1.11
1.37
0.75
1.56
0.78
4.85
1.38
1.9
2.83
2.29
4.92
2.23
3.2
4.6
3.51
0.94
4.73
3.84
4.9
3.57
5
4.4
4.89
3.55
2.6
4.28
4.63
2.25
3.25
3.97
0.43
2.42
0.14
4.24
4.81
1.07
4.67
4.4
0.27
2.76
2.69
4.55
2.39
0.71
1.32
1.24
4.76
3.94
3.55
4.65
1.66
1.34
3.06
3.59
0.05
3.26
4.96
0.53
3.2
1.52
0.3
1.01
4.37
2.46
2.03
1.47
0.12
3.09
4.06
0.42
4.33
1.71
1.8
3.72
4.01
3.45
2.11
1.32
3.65
0.05
3.94
2.8
0.33
4.59
2.59
3.16
1.74
3.1
1.74
4.66
4.85
1.1
3.31
0.44
4.03
0.49
3.77
0.43
0.67
3.31
1.79
1.38
4.75
4.06
2.72
1.23
0.15
3.96
2.39
1.76
0.99
1.92
2.6
0.13
3.95
3.61
2.67
4.14
3.88
2.13
1.3
4.48
3.47
4.93
0.81
4.52
0.61
0.08
3.33
4.96
3.93
1.8
3.47
0.44
4.62
0.12
3.41
1.11
2.09
4.79
4.79
1.01
2.93
3.99
3.47
0.72
4.05
0.56
3.63
1.15
1.49
2.21
0.97
2.22
0.76
4.72
1.11
4.51
3.48
2.15
2.54
2.19
1.81
3.45
1.35
2.56
4.91
2.05
4.83
2.7
0.84
3.76
0.88
0.45
0.15
0.79
4.06
3.55
0.95
1.76
0.44
3.27
4.13
0.96
1.41
2.12
4.84
2.06
4.24
2.7
1.3
2.51
2.36
0.28
2.65
3.46
0.34
1.07
3.3
3.53
4.3
1.97
1.23
1.1
3.19
0.9
4.94
0.73
1.09
0.24
4.55
2.07
2.9
2.74
0.85
1.57
2.94
4.72
1.88
0.52
3.53
0.07
1
3.04
2.74
1.36
2.13
0.43
2
3.31
3.97
2.36
3.88
2.91
4.29
4.49
3.25
2.21
4.74
4.53
3.84
1.13
2.3
0.09
4.5
0.42
1.03
2.2
3.06
4.38
0.1
1.04
4.88
3
1.95
3.2
1.32
4.92
1.64
1.93
1.43
3.79
0.94
0.52
1.01
4.31
4.23
4.94
4.69
4.48
1.65
2.87
3.85
2.52
3.28
1.77
4.61
3.8
2.88
2.24
0.29
0.39
3.17
1.75
2.01
4.98
2.34
3.88
4.04
3.36
0.79
3.74
2.92
2.73
4.53
0.54
3.92
1.4
0.5
2.14
0.1
0.63
4.54
3.84
3.15
2.06
3.76
3.72
4.88
4.29
4.53
3.29
1.26
2.09
0.34
0.79
3.74
3.8
0.97
0.5
1.13
4.27
4.48
4.06
0.05
4.35
3.1
2.03
1.02
3.59
0.32
1.56
0.03
3.15
0.71
1.93
0.55
1.13
0.38
0.5
1.25
1.22
0.65
3.51
0.18
3
3.66
2.86
2.73
1.29
1.88
0.34
2.39
3.82
2.07
0.84
1.58
0.78
2.13
4.68
2.83
1.44
3.35
3.02
4.74
1.74
4.57
4.56
1.37
4.91
3.46
0.94
4.32
0.73
1.37
4.41
0.67
2.53
0.71
0.19
3.42
4.99
2.69
1.79
4.28
4.36
2
4.78
1.94
3.9
2.21
1.38
3.46
2.43
2.23
2.86
2.63
4.89
3.28
1.66
0.8
1.84
2.74
4.34
3.47
1.23
1.79
0.92
2.89
1.9
2.63
