0.38
0.76
2.22
0.14
0.65
0.95
3.16
0.95
1.9
4.73
0.67
0.66
2.15
2.86
2.46
4.51
4.63
1.55
0.96
0.77
2.87
3.77
2.49
2.12
3.65
2.04
3.17
1.83
1.78
1.32
2.89
0.86
4
0.03
1.73
2.47
4.92
1.56
1.29
2.63
1.15
1.54
2.39
2.92
4.34
3.45
1.11
1.81
1.61
0.95
1.2
2.01
1.54
1.43
3.81
1.21
2.58
3.52
4.13
1.67
4.64
3.34
1.02
1.29
1.43
3.95
2.22
2.27
1.24
1.31
2.62
2.5
2.37
0.45
2.59
2.66
2.34
1.9
0.12
3.45
4.49
2.5
1.79
3.42
1.84
1.76
3.58
2.15
4.92
2.14
4
2.05
2.82
1.07
0.4
4.67
3.82
3.46
0.82
3.07
3.63
4.16
1.21
1.2
3.44
0.73
0.77
0.52
1.83
1.79
3.25
2.36
4.91
0.27
3.13
4.92
3.69
3.61
3.87
3.54
1.73
4.84
0.09
3.56
0.47
0.36
1.05
1.39
4.31
4.21
2.76
1.59
0.84
0.25
4.96
3.45
3.12
1.25
4.97
3.11
0.05
4.87
0.26
2.87
3.26
0.18
0.38
1.46
2.27
1.34
4.55
2.94
1.64
0.26
0.12
2.39
3.89
1.33
3.38
2.86
0.65
1.9
2.91
0.82
2.84
1.66
2.31
2.06
0.52
3.53
3.05
0.04
3.04
1.7
3.4
1.61
3.63
4.11
4.5
1
1.12
2.63
3.22
0.65
0.69
2.46
3.55
4.13
1.79
3.33
0.99
3.32
0.78
2.77
3.58
4.55
2.35
4.79
2.92
3.26
2.74
3.9
1.7
3.99
4.74
0.67
3.65
2.52
2.09
3.5
3.67
4.36
0.29
3.59
4.83
0.61
2.94
4.7
4.84
3.73
3.21
0.46
2.71
2.89
3.59
2.73
4.22
2.47
1.8
0.71
0.88
4.84
1.79
0.7
0.93
1.44
4.14
1.79
3.99
4.22
4.63
1.68
3.61
1.04
0.28
0.88
2.65
2.27
3.9
2.43
4.96
3.63
3.03
4.73
2.08
2.52
2.43
0.4
0.06
1.34
2.94
4.86
1.47
2.18
3.57
4.24
1.08
4.06
1.46
0.97
1.62
0.12
4.59
2.54
4.63
2.7
3.33
1.59
3.44
2.22
0.7
1.84
3.81
4.63
3.74
1.99
3.15
2.87
4.96
2.61
2.6
1.43
4.84
0.32
0.18
1.75
4.12
1.68
1.94
1.62
3.7
0.07
4.5
4.17
3.79
2.62
0.43
2.86
0.66
3.26
3.58
2.18
4.83
2.12
3.79
4.49
3.62
2.22
2.86
2.44
3.79
2.87
3.28
4.94
1.02
2.31
1.21
2.69
1.05
0.38
1.07
4.94
0.27
0.31
1.21
0.57
0.38
3.93
4.83
1.78
3.26
0.58
1.22
3.23
3.72
1.73
1.44
1.4
2.35
1.4
1.24
4.25
1.17
2.65
0.96
2.66
3.57
4.71
3.01
0.73
3.08
0.27
0.38
0.98
1.67
3.23
2.19
3.94
4.96
3.03
0.17
2.65
4.82
0.84
4.47
2.07
4.93
1.26
0.21
0.77
2.31
4.41
1.6
2.62
1.3
0.19
4.79
4.52
1.81
2.49
3.55
3.49
0.12
0.16
4.34
2.9
0.53
3.88
4.68
3.5
4.01
0.33
3.15
3.68
0.71
2.75
2.19
4.69
0.09
1.12
2.01
2.32
2.9
1.9
0.22
2.14
1.87
2.69
4.4
3.57
1.07
0.77
0.12
4.82
3.67
0.78
4.93
0.44
0.07
3.19
0.04
4.36
2.37
3.97
0.75
1.58
2.81
4.74
3.1
3.99
1.75
4.62
4.35
1.41
4.6
1.13
1.26
4.59
4.75
2.26
2.34
0.47
0.33
2.88
4.75
3.36
0.34
3.27
3.09
3.17
0.44
4.5
2.18
0.87
3.53
3.95
0.09
1.37
2.76
2.27
3.7
1.85
2.46
3.6
1.38
4.83
3.14
1.82
3.36
3.11
2.98
3.88
2.24
3.55
3.06
4.19
3.38
0.83
2.37
4.74
4.33
3.64
3.95
2.46
1.08
2.95
4.42
0.74
0.62
0.02
2.94
2.52
4.73
0.01
1.03
0.22
0.29
2.63
3.64
1.71
1.89
1.96
3.06
3.37
4.68
1.86
2.94
0.27
0.84
1.97
0.46
3.11
0.42
2.78
1.29
4.77
4.12
1.46
1.2
3.4
3.78
2.18
2.62
2.46
3.59
1.96
3.03
2.74
1.55
4.87
2.18
4.3
3.67
1.16
3.32
1.62
0.08
0.02
3.44
0.29
3.42
4.02
0.36
0.12
1.49
3.2
0.33
0.32
0.87
3.84
0.12
3.35
4.44
1.75
0.53
0.71
1.1
1.3
3.3
0.76
4.63
2.89
0.51
0.62
3.13
0.96
4.21
1.39
2.95
3.77
0.63
4.93
3.07
2.2
0.8
1.39
4.01
4.16
4.51
4.21
0.81
2.33
3.55
4.78
3.07
0.63
1.16
4.78
1.76
3.03
3.71
1.33
2.74
4.64
2.48
1.49
1.82
1.2
1.56
0.44
1.16
1.66
2.74
3.05
3.27
1.73
2.5
0.53
1.54
3.55
4.76
3.65
3.41
4.16
2.88
4.13
3.37
1.74
2.73
0.41
1.83
1.45
0.97
0.13
4.95
4.93
0.37
0.65
0.63
3.59
0.96
2.14
3.22
4.18
0.96
4.62
3.22
4.35
1.16
3.21
3.21
0.88
3.1
0.68
1.2
3.69
4.84
4.74
3.03
0.21
3.17
0.99
1.41
0.58
1.91
3.85
1.71
4.79
4.14
0.66
4.72
1.11
2.18
3.57
2.34
1.12
1.12
3.76
3.29
0.38
2.65
3.81
2.3
1.89
2.4
4.81
0.83
2.22
2.57
2.27
2.08
4.64
0.49
4.61
3.57
3.86
1.24
2.28
2.98
2.96
2.4
2.88
4.23
4.5
1.48
2.72
4.77
1.66
4.55
4.98
3.09
3.22
1.51
1.12
2.63
2.31
1.84
3.25
0.29
3.15
1.81
0.95
3.03
1
1.4
3.97
4.94
0.11
0.48
0.86
3.13
1.67
4.02
3.76
4.59
2.32
1.28
1.86
4.86
3.05
3.3
5
4.94
4.63
2
4.9
0.52
2.75
0.79
1.3
0.74
3.7
1.51
0.74
0.5
2.52
4.5
2.21
0.79
4.97
4.39
0.62
1.97
2.55
0.41
2.85
2.19
4.29
1.87
0.61
3.27
0.41
1.47
2.11
1.63
2.32
0.59
2.46
2.85
4.99
2.44
2.63
2.06
4.99
0.76
3.55
2.5
0.02
3.16
1.3
0.79
2.19
2.98
4.04
1.76
0.19
3.07
1.8
3.48
1.89
3.97
1.44
2.69
2.62
1.58
3.91
3.2
3.16
1.47
4.2
1.74
3.7
4.36
0.97
3.83
0.63
0.24
3.76
0.22
1.63
4.99
4.21
3.63
4.27
4.58
2.8
2.17
0.06
0.8
3.06
2.97
1.3
0.41
2.32
3.49
3.65
1.61
1.06
3.72
2.8
1.32
1.04
1.74
0.45
3.89
0.07
0.51
3.81
4.98
1.51
1.72
2.35
2.66
4.78
0.75
0.29
4.42
4
4.44
0.01
4.22
3.88
1.32
0.89
2.19
3.3
2.3
3.52
4.27
2.04
4.56
3.94
2.74
0.13
2.49
0.46
2.54
2.66
4.03
2.55
4.29
3.7
0.27
2.93
4.12
4.47
1.58
4.74
3.22
4.96
3.29
4.15
3.87
0.62
0.76
3.29
2.3
3.91
4.67
1.4
4.92
1.29
0.37
4.43
4.29
0.94
1.28
4.05
0.88
0.98
3.61
0.9
1.76
4.74
1.35
3.07
2.98
1.72
0.76
0.38
3.78
1.16
1.03
2.01
1.77
0.46
4.48
3.04
3.75
0.98
1.49
0.53
2.64
2.62
2.46
3.58
3.68
4.58
1.87
4.34
4.61
0.3
4.69
1.7
4.63
4.73
1.47
4.48
4.53
0.34
4.59
4.16
1.2
2.45
0.37
1.81
2.37
2.18
1.77
3.01
3.39
3.59
1.41
3
3.76
2.34
0.82
4.87
2.17
3.87
4.66
3.74
2.63
2.18
0.38
4.67
1.44
0.04
3.32
0.29
0.62
2.1
4.59
1.84
0.52
1.49
1.03
3
3.16
4.77
0.62
4.78
2.01
1.2
3.49
1.5
1.03
3.04
2.92
2.27
2.38
2.08
0.94
0.42
4.2
4.94
2.1
3.36
3.98
1.28
4.72
2.91
3.18
4.83
2.1
2.24
1.25
1.96
2.51
4.66
1.99
2.85
0.54
0.25
4.16
4.7
2.06
5
3.73
4.91
4.68
0.43
3.9
0.71
1.86
2.26
0.34
0.7
1.74
3.19
2.32
2.4
0.47
0.99
4.74
3.16
4.63
1.31
1.48
3.69
0.02
1.34
0.04
2.3
1.13
2.38
1.19
1.13
3.18
2.79
3.31
3.76
0.99
3.14
4.56
2.07
2.26
1.11
4.16
2.3
4.72
1.85
3.84
0.56
0.26
0.31
2.84
0.49
0.13
0.95
0.1
4.4
0.34
3.01
2.49
0.93
0.03
1.79
1.11
1.47
0.42
3.59
3.2
0.15
4.74
3.58
2.54
1.85
2.34
0.22
3.53
4.75
0.71
0.41
1.05
2.29
1.23
4.13
3.94
3.89
1.05
0.08
1.64
4.2
2.37
4.22
1.52
1.25
2.39
2.09
2.27
0.94
0.94
3.2
3.13
2.94
2.57
3.75
2.75
4.39
4.01
2.13
2.12
1.44
1.19
2.45
4.38
1.81
0.87
2.39
0.05
2.43
2.44
3.68
2.57
0.46
4.96
4.55
3.81
4.2
1.07
4.71
0.52
1.79
4.63
4.99
0.29
2.24
4.28
3.31
0.18
1.35
0.84
1.54
3.82
2.53
0.01
1.34
0.01
4.65
3.42
0.05
1.07
2.95
3.35
4.45
2.56
4.93
3.07
4.96
2.18
2.01
4.24
2
2.89
4.26
3.31
2.48
3.43
3.39
0.61
0.74
2.84
2.61
4.2
2.5
2.45
2.29
1.91
3.65
0.37
2.96
0.63
0.44
1.13
0.6
0.35
0.4
2.65
3.41
0.06
4.37
3.72
1.87
4.92
2.34
2.19
4.16
2.61
3.33
3.43
1.19
3.75
0.22
2.57
3.77
4.75
0.38
4.7
1.94
1.18
2.41
2.38
0.77
1.69
0.71
1.56
1.28
2.77
1.14
0.97
1.8
4.8
1.41
1.94
3.37
2.8
3.57
3.97
0.67
4
4.6
2.57
4.02
0.04
1.66
3.28
3.31
3.26
2.69
1.71
0.76
3.52
3.4
1.88
3.48
4.27
1.64
4.82
2.72
4.13
4.66
0.69
4.72
1.12
0.24
1.89
2.33
4.79
0.47
2.38
3.7
0.99
0.21
0.09
2.95
0.27
3.98
3.57
0.88
0.4
4.75
4.16
2.79
0.86
0.32
4.1
0.38
3.84
4.43
0.11
0.47
0.68
3.3
4.06
0.74
4.6
3.18
2.29
0.94
3.34
0.16
1.87
3.28
4.78
4.18
1.78
2.83
4
3.74
2.24
3.82
0.88
1.46
3.4
4.01
1.77
0.23
4.25
1.9
3.68
1.94
4.38
2.76
0.52
2.37
3.4
2.14
2.42
4.07
2.12
4.61
4.56
4.49
2.3
1
1.24
3.42
0.65
4.96
4.86
1.49
0.02
0.13
3.23
3.72
4.46
4.16
0.96
1.62
3.87
3.08
4.45
4.6
4.41
4.08
4.65
4.45
1.68
4.18
2.36
1.29
0.46
3.92
4.42
1.31
0.58
2.04
1.03
0.54
1.58
0.4
4.5
3.76
0.06
3.84
0.86
4.2
1.33
2.48
3.52
1.55
1.34
3.07
2.56
2.56
3
4.22
2.16
4.71
2.45
1
3.69
1.54
0.73
4.02
0.48
0.7
1.74
1.17
3.5
2.19
0.31
1.73
1.33
3.9
1.09
1.88
1.2
2.83
0.06
4.84
4.51
3.66
4.89
0.81
3.11
2.4
4.3
0.78
4.37
4.27
2.34
1.73
0.44
0.66
0.02
3.97
3.08
0.64
1.69
4.69
3.38
4.31
1.31
0.74
2.96
0.92
1.34
2.33
4.67
4.35
2.58
3.8
1.4
4.3
1.8
1.13
3.62
4.37
1.92
4.03
2.66
3.88
2.48
0.58
0.47
4.34
4.64
2.85
1.64
4.68
2.3
1.99
2.12
0.12
2.44
2.43
1.82
0.77
3.77
4.54
4.18
4.78
1.24
1.67
3.05
0.97
0.44
3.33
2.42
0.62
0.81
3.78
4.2
0.27
1.46
4.7
2.72
0.04
2.38
4.7
1.42
2.77
3.96
4.18
3.22
2.02
2.16
0.84
3.52
0.71
4.01
0.01
1.17
1.11
1.49
2.28
4.62
0.61
1.96
3.66
4.11
3.5
0.24
1.94
2.61
3.43
3.92
2.23
3.64
1.27
3.62
2
3.17
2.56
0.96
2.52
0.18
4.8
3.99
3.89
4.55
1.62
0.13
4.45
3.99
1.95
0.34
3.17
0.6
4.41
4.25
0.95
0.22
3.2
0.65
3.54
0.4
0.54
1.15
1.59
4.96
3.95
2.06
4.48
1.36
1.57
3.54
4.61
2.42
2.73
0.21
1.9
2.85
1.98
3.92
0.33
4.85
3.71
2.53
2.72
1.36
2.12
0.78
1.76
3.1
2.12
4.6
1.73
1.87
4.91
1.74
4.99
4.94
2.6
2.82
4.42
0.13
3.52
4.07
3.56
1.62
0.46
4.04
0.74
1.05
1.03
4.57
1.08
1.17
3.33
1.65
4.95
3.83
0.84
3.1
3.24
3.98
2.96
3.78
2.89
4.43
1.72
0.56
2.85
0.59
1.92
1.67
4.18
4.23
3.27
3.97
4.14
1.85
1.41
3.52
1.15
0.14
2.96
3.65
2.83
4.02
1.77
0.22
0.44
1.36
4.88
1.61
3.85
0.49
0.83
3.66
0.73
4.97
2.37
4.8
3.82
0.26
2.21
1.37
0.93
1.55
2.67
1.81
0.1
0.84
3.99
0.51
3.18
4.85
0.04
3.66
4.01
2.02
2.21
4.28
2.28
4.07
3.01
4.47
2.53
0.3
1.93
3.63
2.19
2.74
0.66
0.98
4.94
4.75
3
1.51
3.24
1.46
0.67
4
4.63
0.19
0.96
3.58
4.3
0.32
1.78
3.93
3.07
4.37
2.29
0.53
1.61
0.04
4.91
3.39
3.17
4.16
4.15
1.87
3.47
2.42
2.61
1.84
1.21
2.1
4.19
4.3
0.83
2.64
0.82
3.91
4.73
0.47
2.48
2.72
2.98
2.84
2.74
3.18
1.11
4.35
3.72
0.82
3.75
3.43
2.7
0.54
3.94
3.76
1.18
2.66
1.12
3.18
4.1
2.57
2.69
1.88
0.18
4.44
1.99
2.53
1.94
3.8
4.5
3.82
1.46
0.71
1.18
4.93
4.44
3.89
2.06
2.85
1.15
0.06
0.67
1.25
3.02
2.25
1.02
0.66
4.59
2.04
1.5
1.83
1.61
3.45
3.26
1.35
2.67
2.05
4.81
2.88
3.87
4.83
2.81
1.73
2.42
0.75
2.91
1.49
0.7
3.21
1.86
2.3
3.08
0.33
4.9
4.38
1.11
4.96
2.16
1.73
3.45
1.13
1.92
1.48
3.76
0.58
4.15
3.74
4.42
1.63
0.67
3.82
2.04
0.12
3.52
0.56
4.07
4.95
3.54
0.66
4.08
3.95
2.1
3.62
3.85
0.82
3.88
2.48
0.95
4.03
4.04
1.74
0.74
2.64
2.28
4.76
4.37
3.61
1.15
1.72
3.9
1.37
4.15
2.44
2.61
3.16
3.97
1.35
0.87
0.55
2.35
1.96
0.5
4.9
2.08
0.36
1.27
2.62
3.78
0.49
1.9
2.2
4.98
3.21
3.02
4.09
4.52
1.38
0.05
0.42
2.12
4.23
0.97
1.14
3.56
3.24
3.23
3.38
1.42
1.96
1.58
3.9
4.22
1.37
1.64
3.35
4.1
1.91
0.94
2.06
4.14
4.48
2.86
3.49
1.17
4.04
4.84
2.58
0.73
3.91
0.49
0.2
0.46
2.79
0.15
4.06
0.49
1.37
1.05
4.97
2.26
2.47
4.26
1.8
0.72
1.21
4.49
3.47
2.22
1.6
3.13
4.33
0.83
4.06
4.56
0.39
1.17
2.52
0.84
3.73
1.29
1.88
3.85
4.23
4.18
0.51
4.46
4.88
4.15
2.05
2.14
2.5
4.31
1.15
4.76
1.35
1.12
0.27
0.32
4.24
3.89
3.26
3.3
4.83
0.69
0.93
2.73
1.86
1.29
2.27
4.44
3.27
4.09
4.88
1.25
3.25
2.49
0.2
4.66
1.25
3.34
2.91
0.82
0.97
3.28
3.91
4.39
0.65
0.51
1.21
0.74
0.77
4.65
1.52
4.86
2.96
2.74
1.15
4.65
0.34
2.56
2.93
1.2
2.04
0.98
0.72
2.73
2.4
4.45
0.47
1.09
2.33
3.75
3.57
1.32
0.23
1.63
3.6
4.91
1.77
2.24
3.18
3.54
1.43
4.7
1.89
4.97
2.22
2.63
3.51
3.9
2.58
0.11
3.69
2.9
1.76
4.76
4.55
3.65
3.07
1.77
4.54
3.37
3.48
0.48
1.75
1.76
3.39
4.98
3.62
4.84
2.77
2.78
4.81
1.84
3.04
4.58
1.79
1.33
3.51
3.14
3.62
0.42
4.34
4.72
4.1
0.83
1.83
4.08
2.41
4.79
0.06
3.39
3.41
3.16
2.79
3.65
4.99
3.73
3.83
4.26
3.11
4.59
1.3
0.25
2.55
1.33
0.4
0.86
4.01
2.45
2.5
2.48
1.78
4.96
1.94
0.36
3.59
4.39
4.49
0.77
2.52
4.72
2.02
0.98
0.16
3.12
3.2
3.9
2.25
2.26
1.46
3.24
2.36
1.15
2.2
2.27
0.95
4.52
4.64
1.72
3.25
2.7
1.83
2.01
4.46
1.03
3.1
3.85
3.15
4.69
2.11
2.2
5
3.81
0.06
4.07
2.75
0.85
0.57
3.95
0.09
3.6
3.53
3.53
2.46
2.97
2.44
1.8
4.87
3.16
0.09
3.09
3.29
4.33
1.46
4.87
0.81
2.74
4.96
1.76
3.2
1.53
2.04
1.09
3.2
2.99
4.37
4.32
3.09
2.34
0.34
4.95
3.15
0.76
3.9
2.46
3.67
3.19
2.93
3.31
0.9
1.92
3.08
0.52
1.84
3.1
2.64
2.18
2.1
3.61
3.64
3.15
4.29
0.95
4.99
1.22
3.25
4.97
3.9
3.89
4.87
1.13
1.73
2.3
1.15
2.09
4.28
2.42
0.71
4.06
0.91
0.31
2.22
3.5
2.77
1.44
4.87
0.46
2.34
2.38
3.8
1.31
0.32
3.66
2.01
3.53
2.91
2.19
2.13
1.83
2.01
0.72
4.2
4.49
3.22
3.22
2.69
3.26
1.88
2.45
2.41
0.48
4.47
3.2
3.71
3.73
1.16
1.45
0.97
2.58
1.08
0.7
2.44
1.38
0.58
2.79
4.77
0.44
0.99
0.94
4.27
4.56
0.45
3.42
2.28
4.43
3.19
1.28
4.8
1.05
2.74
4.83
4.83
2.39
4.14
0.61
4.53
2.81
4.1
1.77
3.69
0.5
0.63
0.47
3.1
0.54
1.97
3.29
5
1.9
0.87
3.91
4.66
4.9
3.57
4.11
1.11
4.07
3.02
1.08
4.79
4.62
4.16
2.56
1.3
1.48
4.77
2.91
1.25
4.18
4.32
0.23
1.55
2.14
1
0.52
1.3
1.91
1.63
0.57
4.04
3.07
0.02
2.55
0.43
2.35
1.47
4.15
1.71
1.67
1.65
3.54
0.91
3.58
4.75
0.9
2.92
4.5
4.19
4.01
2.36
0.34
0.65
0.16
2.52
2
1.58
2.54
1.46
0.32
4.62
1.99
4.47
3.96
0.42
0.61
2.36
3.01
1.48
4.5
2.26
4.54
1.06
1.63
4.99
1.23
4.81
3.94
0.67
3.01
3.06
1.5
1.03
2.99
1.59
4.39
1.4
0.9
2.64
3.43
3.09
3.66
1.32
4.61
3.64
0.45
4.85
0.58
2.89
1.43
2.41
4.34
1.99
4.35
4.47
0.29
1.17
2.61
1.63
1.49
3.08
4.73
2.04
4.1
1
1.08
4.65
2.88
1.82
1.17
2.74
2.3
0.27
1.23
2.13
1.88
3.45
4.46
0.26
1.38
2.71
3.38
2.9
4.98
4.39
0.05
0.74
0.12
0.19
4.2
0.42
2.84
3.48
1.54
1.69
1.66
0.4
1.45
1.98
1.55
0.69
2.29
2.62
3.91
5
0.49
4.03
0.27
4.56
3.9
3.12
3.8
4.41
0.47
3.79
0.82
0.58
2.65
1.27
1.61
3.32
2.2
3.01
0.97
1.02
2.82
4.69
0.02
3.62
2.69
1.08
1.92
2.04
3.92
4.86
1.25
2.46
3.5
4.54
1.33
2.02
4.07
4.42
0.23
1.7
2.95
3.88
4.61
0.65
3.22
4.57
2.95
0.49
2.4
3.15
4.14
2.37
3.99
