1.61
0.49
2.08
4.22
4.09
0.01
1.55
1.89
2.86
3.15
1.4
1.33
4.72
3.64
2.73
2.37
0.06
4.6
1.53
1.99
4.48
4.64
2.7
0.71
0.37
0.75
0.1
3.65
0.73
4.9
0.65
3.82
1.63
4.04
1.98
1.26
0.48
0.79
2.64
2.7
1.3
3.26
0.96
4.81
2.57
2.79
0.5
1.98
3.73
1.1
1.07
3.35
1.08
0.7
0.65
4.33
0.41
0.33
4.49
1.23
1.17
1.44
4.77
0.48
4.2
2.86
3.47
3.13
0.15
2.28
0.38
0.16
3.48
1.71
0.55
3.31
1.26
0.66
3.7
4.47
2.85
4.91
1.48
2.95
0.42
0.6
2.91
3.84
0.74
1.3
1.63
1.75
2.75
2.63
3.68
0.42
1.22
3.61
0.26
0.84
2.65
4.59
0.47
0.05
4.66
4.64
3.78
4.34
2.59
4.21
0.59
1.81
4.93
0.19
4.29
4.51
0.37
3.31
4.08
2.95
1.74
3.93
0.7
0.91
4.84
2.9
3.86
2.22
0.74
2.85
0.78
3.03
4.48
2.5
4.66
4.92
0.49
4.43
2.74
4.13
1.3
3.82
2.14
2.5
0.1
0.81
2.69
1.63
1.91
2.54
2.05
1.77
3.6
1.6
0.41
4.19
4.51
1.72
3.12
4.91
1.57
2.97
4.68
4.44
1.66
1.15
0.66
1.23
2.94
4.25
2.59
3.92
2.82
2.91
4.55
3.26
3.09
0.27
4.84
0.74
2.4
2.06
0.44
3.42
1.86
0.86
2.83
2.29
3.61
0.17
4.65
4.88
4.47
4.71
4.05
3.29
0.94
4.99
3.7
4.56
2.4
1.87
2.61
0.85
4.1
4.71
0.3
1.5
2.26
1.05
2.55
0.78
3.98
2.57
1.92
1.07
3.69
3.9
1.92
3.51
0.08
1.16
4.76
3.11
4.48
1.84
2.31
1.34
1
2.31
1.07
2.48
2.55
2.07
2.34
0.81
0.23
2.41
3
1.51
1.82
0.38
1.34
3.3
0.73
1.73
1.75
4.02
4.83
2.38
1.64
0.91
4.7
2.72
0.18
2.85
0.97
1.89
0.16
0.33
2.61
0.26
3.65
3.15
1.41
3.13
4.68
1.05
0.96
4.23
2.88
1.89
4.86
0.35
3.21
1.91
3.64
3.67
4.65
0.56
1.09
4.16
1.46
4.17
3.51
4.25
0.25
2.2
2.74
0.22
0.12
3.33
3.86
4.57
3.33
2.53
2.06
3.72
0.88
0.87
3.4
1.07
1.18
3.2
3.18
2.97
0.75
2.91
5
0.44
2.51
3.89
0.64
2.28
0.65
3.43
3.3
3.94
3.04
3.98
1.69
1.96
2.99
4.3
3.88
0.12
0.64
1.08
0.88
1.87
3.42
4.99
2.16
1.24
4.5
0.77
0.18
4.27
4.28
4.82
1.67
0.93
4.54
1.88
2.83
3.37
0.41
3.39
4.32
0.16
1.96
4.5
2.35
0.03
2.95
0.65
1.05
1.11
4.03
3.08
0.65
0.95
3.35
0.77
2.7
4.08
3
1.07
1.75
3.55
2.72
2.26
3.57
0.01
0.89
0.29
3.98
0.1
3.01
1.42
0.55
3.35
0.49
1.98
3.37
1.21
0.03
0.1
1.68
2.41
1.24
2.34
1.5
2.26
3.24
1.62
3.42
4.31
0.49
1.01
3.84
2.28
1.03
0.76
2.35
0.99
0.59
3.73
0.75
1.69
3.27
3.6
4.59
2.18
3.48
4.34
3.35
1.52
3.38
2.06
0.39
3.31
1.54
1.36
0.38
0.83
2.48
1.55
2.95
0.19
1.1
0.92
1.85
0.37
3.26
3.23
4.53
0.75
1.52
3.48
0.11
2.28
4.45
4.28
4.3
0.76
4.62
4.82
4.45
3.29
4.28
1.25
4.68
0.31
0.22
0.52
4.09
0.02
0.01
1.47
1.47
4.83
3.75
1.94
1.62
2.2
1.87
2.63
2.92
4.16
3.55
2.44
3.67
2.2
4.09
4.93
0.91
0.16
1.21
0.86
3.42
1.37
3.68
1.76
2.38
4.83
2.64
0.41
2.65
1.57
1.17
1.6
1.08
0.74
3.91
4.88
0.12
1.84
1.24
3.69
0.23
4.93
4.38
0.43
0.71
1.82
4.66
0.34
1.88
2.34
1.5
2.41
1
1.7
0.08
0.21
4.87
4.68
2.81
1.91
3.48
3.28
0.31
4.46
0.85
3.86
4.15
1.42
3.55
1.34
3.24
4.34
3.17
1.91
2.35
4.94
3.51
2.75
0.37
2.71
3.5
2.38
3.84
2.37
1.66
3.65
1.32
3.27
1.15
2.95
1.73
1.33
0.21
4.58
2.37
2.67
2.68
2.25
0.24
2.79
3.45
4.99
2.3
0.26
1.42
2.74
1.66
0.32
2.99
3.92
0.28
4.79
0.62
2.79
2.73
1.09
3.9
0.86
4.7
4.63
3.86
3.84
2.9
0.82
3.87
2.32
1.87
0.7
3.67
4.09
4.34
1.41
4.74
2.13
1.58
2
1.14
1.82
4.94
1.45
1.1
1.7
1.43
2.8
4.78
2.47
4.87
0.31
1.18
1.84
0.77
2.18
4.89
3.73
1.22
0.58
3.69
4.38
3.09
2.99
2.44
3.16
1.9
2.85
2.19
0.62
2.06
1.56
1.08
4.57
3.29
0.73
2.46
4.09
3.49
0.5
0.36
1.74
3.43
1.97
3.14
3.16
2.83
0.94
3.13
2.88
3.86
2.67
3.76
3.04
1.39
2.55
0.03
0.57
3.65
0.48
1.04
2.48
0.76
3.07
3.96
3.09
0.67
4.18
2.48
3.76
3.33
2.96
2.59
1.81
1.55
2.48
0.98
0.38
3.03
3.06
0.45
1.87
4.33
4.11
0.06
3.2
2
1.11
3.31
3.51
2.34
3.31
1.27
1.92
0.81
0.19
2.15
0.6
3.26
3.1
3.81
3.87
2.93
1.93
2.92
2.93
4.88
0.01
4.48
2.62
0.16
3.99
0.45
3.86
4.79
2.99
0.85
0.9
1.31
1.68
3.39
0.23
0.02
0.4
1.6
2.5
4.88
4.28
4.21
4.52
3.97
0.87
3.03
1.44
2.4
3.74
0.29
4.95
3.2
0.9
3.59
1.2
1.64
2.97
3.96
1.49
2.83
2.43
3.01
0.52
0.86
0.35
2.84
2.86
0.83
4.96
2.17
2.82
1.65
2.07
2.31
4.9
3.73
1.98
0.27
2.7
2.03
1.56
0.27
3.98
3.93
2.09
3.48
1.32
1.21
3.2
1.98
1.13
0.74
1.29
1.79
1.57
4.27
2.25
1.61
3.05
3.19
2.35
0.35
0.62
2.55
2.17
0.51
2.43
3.53
1.89
2.63
0.35
1.4
1.11
4.36
0.46
3.22
3.87
4.97
3.15
4.14
4.42
0.99
4.61
0.89
1.44
2.22
0.2
4.59
0.53
1.88
4.71
2.08
4.73
1.77
4.58
3.74
3.73
4.14
2.69
4.91
2.56
1.3
1.1
1.92
3.5
3.57
0.64
2.48
0.78
0.19
2.1
4.77
4.1
1.25
0.96
0.12
3.93
0.81
1.47
4.7
1.92
4.76
4.44
2.12
4.96
1.07
0.65
2.98
3.59
0.89
2.41
4.46
2.71
3.38
4.79
1.55
1.73
0.28
1.84
0.36
4.62
2.84
4.02
2.79
0.68
3.36
3.2
0.9
2.14
2.29
1.93
0.84
1.51
0.75
3.46
4.15
3.13
3.32
3.42
3.65
2.36
3.92
1.71
2.52
1.05
1.24
4.04
2.74
1.21
0.72
4.63
4.97
0.86
4.38
4.45
0.38
0.29
0.46
4.11
3.93
4.24
2.05
0.58
3.44
0.79
0.55
4.83
1.04
2.71
0.97
3.5
2.63
0.48
0.33
3.5
0.11
4.48
4.14
2.58
3.43
4.95
1.76
1.05
4.3
1.05
4.65
1.22
1.42
2.8
1.45
4.33
4.27
2.56
1.89
2.03
0.29
4.44
0.5
1.41
1.99
3.83
1.46
0.36
3.26
2.18
3.15
3.55
3.17
0.07
2.59
2.19
2.87
0.87
2.95
3.09
3.84
4.71
0.64
1.08
4.22
1.87
0.78
3.47
0.64
4.89
1
4.85
2.57
2.33
3.88
0.18
0.86
0.59
1.8
3.44
4.64
3.84
2.98
4.82
2.22
3.86
1.99
0.53
0.09
4.47
3.1
0.81
1.46
3.8
2.13
0.48
2.09
2.99
3.52
1.99
0.36
0.87
3.29
3.52
2.44
1.15
0.16
0.36
1.32
0.41
4.45
2.28
2.69
4.58
0.17
3.59
2.74
2.34
0.54
0.94
4.04
1.84
1.23
4.26
1.9
3.11
2.82
0.87
0.57
4.18
2
4.13
1.84
0.63
1.5
0.7
2.68
1.83
3.45
0.71
3.83
0.89
3.19
3.63
3.4
1.82
1.75
2.4
3.11
0.16
4.21
1.07
4.93
0.44
0.86
4.65
0.67
3.27
3.87
2.43
3.9
3.56
2.59
1.87
0.81
1.29
0.86
1.77
0.93
1.87
0.69
3.88
0.26
3.84
4.62
0.17
1.81
3.41
4.55
2.42
4.67
1.98
1.78
2.02
3.4
0.46
4.42
4.44
2.32
3.04
3.04
0.03
0.03
1.8
3.27
1.75
3.78
2.28
0.16
3.57
3.72
2.44
1.68
0.49
2.24
2.94
3.8
2.88
2.28
3.55
4.44
1.94
4.7
4.33
4.95
3.31
3.83
1.04
0.65
2.99
3.79
2.36
1.73
2.26
3.44
4.56
3.56
0.39
3
2.75
4.23
4.11
3.04
1.52
4.19
4.03
0.94
4.14
4.06
2.69
3.49
3.48
0.03
0.08
3.06
4.64
1.99
4.05
4.54
1.03
1
0.46
0.07
3.99
3.07
2.94
3.06
3.92
2.35
0.31
3.55
3.53
1.98
3.53
4.64
1.99
0.15
3.03
1.67
2.3
0.16
2.16
3.96
0.22
3.66
2.9
2.43
4.33
0.79
3.14
0.78
0.34
2.98
0.25
3.26
3.78
2.32
0.97
1.38
1.11
1.93
4.13
3.76
1.97
4.82
4.31
3.48
0.05
1.64
1.56
1.06
1.63
3.94
2.71
0.67
4.25
0.29
1.28
2.86
3.42
4.35
4.19
1.1
4.19
1.52
1.72
2.08
1.84
3.9
1.77
2.47
4.94
0.73
2.05
3.43
2.48
1.02
2.33
3.88
0.84
0.65
3.32
3.66
3.35
1.67
2.75
0.95
1.48
2.69
2.41
2.11
0.44
2.6
2.81
0.39
3.8
0.03
3.51
0.19
1.53
0.05
3.36
2.29
2.46
2
0.41
2.32
4.36
1.45
1.5
0.36
4.87
0.74
4.17
3.51
0.49
3.57
2.15
2.23
1.06
0.79
0.57
4.74
2.54
4.61
2.45
0.52
3.09
4.79
4.03
0.5
2.04
1.18
0.61
4.84
4.65
0.62
4.49
0.39
3.1
1.28
2.78
3.27
4.86
4.29
3.9
3.97
4.68
0.4
4.45
1.02
2.17
1.94
4.06
3.21
0.39
0.67
0.77
4.2
0.24
1.62
4.35
0.34
4.61
0.64
3.49
3.76
3.8
3.01
4.08
4.31
2.24
2.67
3.43
0.29
1.72
0.59
3.34
2.51
2.25
2.58
4.15
4.46
1.17
1.64
1.39
4.71
4.36
4.01
4.7
1.4
0.41
1.73
0.64
4.43
3.03
4.47
0.97
3.37
1.32
3.78
4.66
3.23
3.14
1.38
2.68
4.85
1.26
0.39
3.97
1.2
2.11
1.95
0.39
4.72
1.94
4.34
0.28
0.25
4.28
0.94
0.35
0.84
0.13
1.5
1
4.84
2.21
1.23
3.72
4.25
0.25
4.78
1.17
1.69
1.02
1.34
0.83
0.04
4.59
2.53
2.21
3.73
3.6
1.06
0.02
4.19
2.43
3.42
4.91
3.1
0.64
4.01
2.92
2.19
2.76
1.98
2.24
2.92
0.02
0.94
0.99
1.31
1.88
0.26
1.21
0.34
2.51
4.95
0.97
2.6
3.27
1.71
2.5
4.76
3.05
4.76
4.91
1.96
3.9
3.88
0.28
4.05
0.97
1.37
1.59
0.77
3.4
2.65
3.2
2.45
4.2
2.89
4.38
3.5
0.53
1.18
0.64
3.79
4.86
1.89
4.53
2.46
3.02
2.31
3.62
0.84
1.65
1.47
3.24
0.19
0.61
4.09
0.23
2
3.73
3.08
1.81
4.7
4.02
3.57
2.65
1.46
1.61
2.11
0.22
1.56
4.96
1.32
4.94
3.38
0.97
2.38
3.92
1.26
1.89
4.82
0.23
2.19
4.84
1.14
1.13
4.71
3.87
2.15
3.1
3.86
2.15
0.21
3.69
1.41
1.08
2.54
3.3
4.81
4.06
0.59
3.34
1.55
5
0.79
1.36
2.79
2.93
2.89
3.27
4.99
0.1
2.24
2.27
2.71
3.86
2.75
3.81
2.51
2.77
0.96
3.47
2.31
1.93
0.23
3.02
3.43
3.39
2.6
2.07
4.31
1.34
3.78
2.39
3.27
3.53
1.9
1.36
4.78
1.3
0.56
4.47
3.66
0.03
0.47
4.46
4.73
1.98
3.95
1.52
3.9
0.1
2.02
4.29
1.02
2.29
3.93
0.32
2.42
0.65
1.28
4.61
1.94
3.77
2.1
3.09
4.13
1.23
3.08
2.35
1.03
4.3
4.94
1.8
0.3
4.29
4.72
1.89
3.67
1.56
4.86
3.71
2.21
1.26
2.32
4.6
3
3.98
4.14
0.6
1.91
3.48
0.52
3.39
4.98
3.94
1.77
3.98
1.59
4.48
3.27
3.6
3.39
4.05
2.26
0.75
4.91
0.31
2.21
4.49
1.28
0.17
4.92
4.83
1.09
0.16
1.55
3.53
1.62
4.45
3.79
1.14
3.87
3.84
0.49
2.38
0.71
3.3
4.54
2.78
0.12
4.24
3.93
0.59
2.1
0.76
4.72
0.74
4.32
0.39
3.19
3.18
3.22
1.36
4.57
2.62
4.08
3.23
3.58
4.3
3.08
4.44
3.83
0.46
4.7
2.34
3.75
2.87
1.83
0.64
0.21
4.95
1.03
3.46
3.78
3.59
1.77
1.47
0.14
4.75
1.68
4.09
0.13
3.59
3.63
2.69
0.91
2.41
0.3
0.88
0.51
4.54
0.29
2.5
2.93
4.09
1.63
4.35
0.92
3.78
4.72
0.03
1.44
0.34
1.75
3.43
2.23
0.69
4.78
4.48
0.84
3.58
1.9
3.95
4.23
4.22
2.43
1.22
3.53
2.92
1
3.75
4.29
3.15
0.54
4.84
1.16
4.8
3.01
4.39
3.66
1.9
4.17
2.58
0.57
4.07
4.05
4.64
1.75
2.43
4.9
1.09
0.87
0.1
1.54
4.32
0.69
1.84
4.07
0.13
3.12
3.4
2.84
4.21
2.03
0.26
0.53
0.97
4.83
0.11
2.62
4.87
1.11
2.73
2.26
4.14
1.03
1.88
4.67
4.18
2.06
1.98
1.67
0.16
4.56
3.66
2.2
2.62
0.09
3.32
0.59
3.88
4.9
1.87
3.31
2.56
1.15
3.79
2.68
0.11
3.76
1.42
0.37
0.71
1.57
0.78
3.65
3.96
0.64
3.69
0.39
3.11
2.79
3.03
2.09
4.06
0.68
2.17
0.68
2.95
2.51
2.18
4.09
0.38
1.01
4.93
0.03
3.4
0.8
3.27
1.52
4.03
1.83
0.25
4.58
3.58
3.15
3.86
3.74
0.15
0.96
0.88
4.72
1.48
0.33
4.1
4.22
1.7
4.86
4.52
1.04
2.37
4.15
3.63
4.2
0.9
4.3
1.06
4.09
1.58
1.63
0.26
3.79
3.67
3.1
2.48
4.44
2.79
4.41
0.7
1.55
3.64
2.01
4.1
3.04
1.68
3.56
1.97
0.81
0.66
4.74
4.37
2.78
0.53
1.69
1.72
1.83
2.5
3.75
3.8
0.42
0.4
0.54
2.52
3.39
0.86
4
4.79
0.42
0.63
0.03
1.67
0.4
3.95
3.72
4.42
3.49
2.93
0.36
1.94
3.25
1.09
1.81
4.55
0.32
4.76
3.28
3.23
0.48
1.86
4.05
3.58
3.38
3.16
1.69
2.9
1.93
0.53
4.7
0.12
2.02
1.63
4.15
2.1
3.88
1.63
1.57
1.66
2.25
2.61
0.24
0.84
0.74
2.8
4.57
0.12
0.87
2.14
4.25
3.01
1.34
3.15
1.79
0.04
1.9
1.53
4.26
4.3
1.76
2.89
3.22
0.88
1.94
4.73
0.65
1.81
0.29
2.85
4.21
0.43
1.48
2.81
1.21
1.13
4.62
0.26
0.33
1.45
3.19
1.06
0.73
1.78
2.87
1.08
4.23
0.04
0.39
1.07
3.17
2.78
1.45
4.68
1.3
4.11
2.36
3.16
4.2
0.6
2.96
3.19
3.1
0.87
3.68
1.79
2.32
1.3
1.9
4.35
1.5
4.78
3.76
0.57
4.36
1.24
3.45
2.41
1.77
4.69
3.48
2.65
0.61
0.95
1.94
4.49
4.05
4.77
2.75
0.07
2.95
0.35
3.89
4.1
3.87
3.29
4.69
3.97
4.46
2.96
0.19
3.21
2.68
4.75
2.42
3.68
0.45
4.21
3.93
1.77
0.42
1.44
1
0.95
3.55
0.66
0.78
2.77
0.2
1.72
1.53
3.01
4.79
2.95
3.32
4.78
4.16
2.2
3.75
0.55
4.82
4.92
3.93
2.49
3.97
4.41
0.57
2.49
2.06
4.81
0.05
1.5
1.01
0.43
3.84
2.93
3.65
0.02
3.65
3.75
2.7
5
0.38
0.24
1.56
1.47
2.67
4.36
0.11
4.14
1.53
2.87
4.19
2.42
0.92
2.83
0.05
0.11
1.86
4.39
4.59
1.66
3.17
1.44
4.51
3.28
0.5
0.22
1.63
1.28
1.84
2.16
0.5
0.82
1.68
0.82
1.12
1.83
0.82
0.33
4.52
2.76
2.45
4.23
4.38
4.57
3.39
3.96
4.38
2.31
1.76
1.68
4.73
4.07
1.86
0.17
4.61
1.17
4.86
1.02
3.2
1.53
2.13
4.78
0.7
1.35
4.84
2.05
4.72
4.33
2.26
2.35
2.4
4.02
4.11
1.71
1.71
3.01
1.38
3.63
0.05
0.46
4.89
3.65
0.34
0.23
0.19
2.87
1.09
4.78
3.95
1.53
1.78
2.97
2.04
4.63
1.65
1.67
3.7
4.83
1.12
1.66
2.68
2.8
1.37
2.08
1.97
4.48
1.24
3.89
1.94
2.4
3.4
1.99
0.28
0.48
1.4
1.4
0.56
1.46
3.86
2.18
2.4
3.58
2.98
3.96
1.09
0.91
4.38
1.07
2.6
1.87
4.12
2.93
2.08
4.55
4.74
0.73
2.93
3.75
0.35
1.47
1.38
4.13
2.34
3.22
0.73
1.68
2.03
4.01
4.68
3.19
0.48
0.59
1.66
3.74
4.61
4.67
4.52
4.95
2.23
1.53
0.85
0.3
3.17
4.22
0.57
3.46
4.98
3.68
2.65
3.91
3.5
2.97
0.65
3.72
0.69
1.78
3.07
0.22
3.51
2.26
2.4
1.91
3.77
3.71
3.75
3.81
4.33
4.89
1.96
1.5
3.97
3.75
3.51
0.76
0.15
3.87
0.93
3.13
0.48
3.27
3.97
3.47
4.38
4.5
1.84
4.7
2.47
1.44
4.31
3.74
1.67
1.15
1.57
2.46
3.66
2.07
1.12
2.29
4.78
3.79
3.58
0.37
2.91
4.05
1.14
0.71
4.8
1.98
2.18
3.25
2.77
1.65
4.9
0.92
4.58
4.38
2.72
4.12
0.44
4.42
4.4
0.59
1.01
2.87
0.33
4.89
1.19
2.91
1.65
0.42
4.73
0.57
0.46
4.11
4.93
2.2
3.15
1.43
0.51
4.18
4.93
3.88
0.56
2.01
2.2
1.83
0.5
0.63
2.11
3.77
2.54
0.44
1.08
4.85
3.86
1.15
2.48
3.32
2.05
1.96
0.18
2.73
0.8
0.56
2.11
0.05
2.7
3.45
3.23
4.04
3.29
3.37
3.66
4.07
1.2
4.73
0.62
3.12
0.67
4.7
4.59
3.34
0.01
4.33
2.64
4.21
3.79
0.8
1.54
1.89
0.8
3.33
2.72
4.24
2.73
4.71
2.74
0.96
2.1
1.15
2.08
3.07
1.57
3.42
2.82
3.39
3.69
1.9
4.85
0.47
2.19
3.67
2.53
3.32
1.76
3.14
0.87
1.17
1.3
0.61
3.48
3.44
1.79
3.42
4.94
2.7
1.46
4.1
0.05
4.61
0.37
3.8
3.93
4.75
0.42
4.11
1.94
1.21
1.96
4.74
4.08
2.2
0.93
3.04
4.75
0.89
4.51
2.85
4.76
2.68
1.92
0.91
3.13
3.2
1.42
1.88
0.82
3.65
0.74
2.15
1.8
1.79
2.82
1.29
2.81
2.77
4.42
4.79
4.43
4.38
0.56
3.15
1.25
4.12
4.22
1.16
1.78
4.43
0.09
4.01
3.08
2.12
4.18
2.35
2.38
1.81
4.57
2.63
3.99
0.65
3.56
0.4
2.19
1.37
2.27
1.24
4.78
3.21
3.03
1.74
1.22
4.05
1
0.98
0.74
4.09
