4.89
1.15
0.89
3.74
0.32
1.95
2.04
0.09
3
1.12
0.75
0.26
0.37
0.46
2.49
0.13
2.1
3.2
4.54
3.32
3.4
1.58
1.23
3.69
1.16
0.57
4.67
3.72
3.49
1.45
3.98
2.12
1.29
2.69
0.12
3.38
0.05
3.54
2.58
0.83
4.92
1.57
1.41
3.89
4.06
2.29
4.7
3.9
1.44
2.09
1.9
2.94
2.99
2.68
1.7
3.89
2.92
2.41
3.77
0.97
0.4
2.4
0.13
0.12
0.81
2.25
2.85
3.74
2.84
0.86
2.09
1.08
2.6
0.24
4.53
3.55
3.23
1.95
0.55
3.63
2.54
4.57
2.7
1.11
3.11
4.91
0.54
4.83
4.01
2.59
0.72
0.77
4.85
3
4.42
4.39
1.64
4
2.39
2.9
3.44
4.8
1.81
1.69
1.69
3.72
0.87
4.11
0.33
2.31
0.24
0.18
0.95
4.9
2.46
1.76
3.18
2.69
3.9
2.59
4.38
0.86
3.81
4.42
4.41
1.06
0.14
2.67
0.59
3.19
3.48
2.48
1.67
2.95
1.42
0.99
3.02
3.25
0.89
3.9
1.18
0.23
1.57
0.54
3.89
1.02
0.46
0.82
1.06
1.36
0.28
3.59
3.83
0.61
4.89
0.1
2.28
2.85
1.17
3.89
0.12
3.4
2.31
0.31
2.11
2.08
4.47
2.44
3.52
0.17
2.97
4.92
4.09
1.02
2.21
1.83
1
4.33
2.35
0.66
4.44
0.03
2.33
0.63
0.04
3.44
4.71
4.02
4.62
1.36
3.68
0.83
4.7
3.45
3.47
2.26
4.13
1.32
1.72
3.93
3.34
3.65
0.82
2.43
1.08
1.75
1.7
3.85
2.22
2.94
2.66
4.63
4.46
0.37
2.38
1.19
1.79
4.19
0.74
0.9
2.64
0.6
1.83
3.92
0.82
3.52
2.92
3.95
4.92
0.5
3.63
2.17
2.66
2.71
4.19
0.24
0.63
0.27
2.86
3.41
4.35
4.63
4.9
4.98
4.51
3.09
3.37
0.03
4.19
2.42
4.49
2.35
1.39
0.04
1.18
1.19
4.98
3.71
0.15
0.37
2.19
2.92
3.66
2.22
0.6
1.96
4.12
4.19
1.58
4.97
1.3
1.94
2.27
2.69
1.13
0.69
3.02
2.09
1.83
4.52
0.73
4.96
4.55
2.99
2.96
3.43
3.31
1.69
4.95
3.84
4.1
0.93
2.77
3.34
2.91
0.61
1.74
0.17
1.61
2.99
1.6
3.74
5
1.03
1.16
3.02
2.74
3.29
0.91
1.3
3.22
0.12
0.04
0.05
3.02
4.87
0.38
1.44
4.9
2.48
1.83
1.57
1.72
2.53
2.8
0.26
2.3
0.18
0.12
1.28
1.06
3.72
0.15
1.37
3.35
0.02
1.63
2.44
3.38
2.16
4.18
2.23
2.48
1.95
3.39
1.29
4.59
1.72
4.83
3.99
3.91
4.18
2.15
3.97
3.41
2.3
3.82
0.24
3.57
2.44
4.29
3.87
3.57
4.35
1.26
1.85
1.83
2.97
1.05
0.74
2.31
2.52
3.38
3.01
0.98
2.64
0.84
0.37
3.65
3.99
3.56
3.45
0.01
4.73
1.82
1.97
0.39
3.46
3.45
3.8
2.7
3.12
4.44
0.1
4.02
0.29
3.72
0.34
0.28
4.43
4.43
4.45
4.75
1.31
0.06
3.19
1.46
0.52
0.7
1.74
3.53
4.06
0.58
3.36
4.7
3.05
3.01
2.11
1.89
3.61
4.22
0.14
1.37
4.6
4.77
1.02
3.22
1.36
1.4
3.59
4.67
2.52
3.05
2.07
4.72
1.52
0.78
1.98
2.5
2.45
4.64
2.33
0.83
4.66
2.3
2.9
0.56
2.86
0.34
1.27
1.16
0.58
3.49
2.36
1.46
2.9
1.04
0.45
2.78
3.63
3.76
1.65
0.67
2.91
3.77
0.01
1.55
0.79
4.02
0.8
1.13
2.28
0.1
1.09
0.5
3.31
3.28
0.85
1.64
4.57
2.3
1.64
2.51
2.85
1.67
0.13
0.14
4.73
0.98
3.32
2.45
1.38
4.39
3.4
3.69
4.16
2.22
2.78
3.2
1.91
0.66
4.77
1.7
4.43
3.39
1.17
3.33
0.36
1.45
4.52
3.45
3.64
1.05
0.64
3.78
2.25
4.15
3.35
1.41
4.81
3.4
3.38
2.96
2.59
0.62
2.02
4.9
1.27
0.85
2.84
2.58
3.03
2.34
2.73
2.09
1.37
3.46
4.77
0.39
0.17
4.37
2.54
4.45
1.59
0.55
1.98
2.53
0.31
0.54
3.53
1.72
1.13
4.63
4.55
2.44
2.41
4.79
2.08
4.57
4.79
0.75
1.04
1.73
1.55
2.64
4.25
3.19
0.83
4.59
2.85
2.16
2.32
4.46
1.69
4.82
1.75
1.87
3.84
1.06
1.98
0.74
1.61
1.88
4.21
0.09
4.44
2.71
1.78
2.74
4.12
3.59
3.73
4.47
3.48
0.08
4.38
0.16
4.3
4.42
0.87
0.39
2.98
4.49
1.93
1.62
3.04
4.84
2.47
0.81
1.52
3.04
3.83
1.34
4.76
3.4
2.6
1.47
2.03
1.06
0.01
0.35
0.61
2.73
4.04
3.59
4.77
1.93
4.85
4.06
3.13
0.99
4.44
0.18
0.89
1.91
0.7
4
2.47
2
2.48
0.55
1.35
1.45
3.42
2.17
3.24
1.13
2.43
2.18
2.72
3.02
1.59
1.3
4.54
4.6
1.69
1.57
2.89
2.58
1.93
3.66
0.32
1.37
1.41
0.38
0.84
3.39
2.24
3.81
0.74
4.62
0.84
1.05
0.63
4.98
4.34
3.56
4.4
4.17
2.93
0.1
2.16
2.39
2.32
0.04
1.62
3.02
2.66
4.22
3.1
1.93
2.58
3.26
3.65
0.25
0.79
1.54
2.3
3.2
0.55
3.2
2.59
1.39
0.33
0.86
3.56
2.11
0.22
2.2
4.1
0.2
2.71
0.71
4.03
0.1
3.36
2.12
2.72
0.39
4.32
1.07
2.98
3.93
1.21
3.71
4.23
2.08
1.46
2.67
3.27
0.19
4.22
4.35
0.32
4.57
0.71
4.98
1.02
0.37
1.13
4.81
2.71
4.41
0.86
0.73
0.64
4.13
1.37
4.91
0.29
0.7
0.13
2.56
0.73
2.03
4.62
0.58
0.8
4.1
2.97
0.7
3.86
3.23
4.37
3.2
3.77
3.83
0.12
4.25
1.42
3.19
1.39
4.03
0.45
2.94
1.51
4.94
3.82
4.21
3.95
2.53
0.57
1.47
1.33
1.69
0.73
3.79
3.12
1.95
4.16
1.83
3.05
2.68
3.45
3
2.01
2.23
0.26
1.65
4.98
4.59
2.35
2.12
2.23
1.84
0.07
0.97
2.81
3.6
4.06
3.02
4.26
0.7
4.11
1.53
2.54
1.1
4.56
4.11
1.94
1.55
2.59
4.67
3.55
2.09
1.65
0.5
2.41
3.91
4.02
3.97
4.22
3.51
1.87
4.32
0.35
4.82
1.03
4.81
3.12
0.82
0.52
2.89
4.02
1.84
0.79
2.11
0.37
0.92
0.32
4.78
0.54
2.97
0.06
1.97
4.8
4.29
3.07
3.82
1.2
4.23
4.22
1.75
2.31
3.58
2.21
3.24
0.4
3.1
0.03
0.93
3.62
4.56
0.32
2.98
0.17
0.09
1.94
4.71
4.46
3.39
4.09
1.05
2.06
4.19
0.49
1.44
0.53
1.46
1.57
3.7
0.65
2.2
0.23
0.6
3.42
4.75
4.09
4.15
4.35
4.29
0.07
4.39
0.11
3.06
0.05
0.79
0.34
0.88
2.29
1.8
3.08
3.08
3.61
0.87
4.27
3.11
3.18
4.76
2.42
1.49
1.51
2.63
0.65
1.59
1.39
2.58
0.67
1.89
0.71
4.04
4.32
1.53
4.73
0.27
1.21
4.42
4.58
3.69
1.64
1.6
3.88
1.95
2.32
0.69
1.16
4.3
4.09
1.47
4.9
3.26
1.36
2.82
1.54
2.85
1.3
4.03
3.99
3.28
4.6
1.71
4.18
2.73
2.11
2.31
1.06
3.56
1.12
4.56
1.5
1.27
1.69
4.7
1.88
1.1
1.59
3.06
1.5
0.39
3.47
1.42
0.3
2.17
4.43
1.98
2.38
4.48
3.04
4.52
1.91
3.39
3.02
2.71
0.55
4.6
0.07
3.53
2.54
3.29
3.19
0.01
4.98
1.35
1.89
1.32
4.01
2.5
4.49
4.57
4.55
2.96
2.69
4.77
0.01
1.23
2.86
2.94
3.96
4.91
3.52
2.63
2.59
1.79
0.46
0.43
0.94
3.61
0.43
3.46
3.96
3.58
4.57
1.52
3.95
4.36
3.28
1.18
0.93
3.89
1.61
2.74
4.2
4.9
1.3
4.1
2.13
4.33
0.33
4.65
1.25
1.57
2.59
1.24
0.06
4.49
1.41
4.98
4.83
3.47
3.64
1.61
0.61
3.25
1.67
3.14
3.25
3.78
3.67
4.34
1.13
3.69
3.89
2.2
3.32
0.98
3.93
0.77
1.28
2.03
0.82
3.92
0.05
2.86
0.91
0.45
2.43
4.06
0.27
3.38
0.36
1.71
0.14
3.24
1.45
1.43
1.06
0.11
4.07
0.04
0.08
0.9
2.1
0.03
1.41
5
4.93
4.65
1.61
2.63
0.67
1.26
1.89
2.76
3.83
3.89
3.53
2.16
0.52
1.76
2.66
4.95
2.95
1.23
0.22
4.39
1.17
0.87
2.34
0.88
3.2
4.06
0.39
0.29
4.18
0.33
2.62
2.65
2.92
2.34
4.11
0.92
3.78
2.01
2.75
4.1
3.06
4.13
1.02
4.1
3.17
1.71
1.59
3.22
0.58
0.7
1.74
4.81
2.38
2.77
3.89
3.1
1.72
4.58
2.45
0.41
2.48
3.02
1.56
1.14
2.55
3.57
4.41
1.64
1.39
2.15
4.66
0.6
0.15
1.25
3.68
3.39
3.53
1.02
4.42
4.48
1.56
3.65
2.4
2.83
3.03
2.49
4.38
2.38
4.58
1.8
1.87
3.12
0.35
2.37
0.4
2.36
1.53
2.18
3.94
2.83
0.73
0.1
3.62
0.08
3.49
1.06
1.78
1.25
2.91
1.1
4.2
3.7
1.35
0.47
2.45
0.65
1.23
2.37
0.34
3.87
2.48
1.71
1.2
1.36
2.29
2.77
3.57
3.81
0.28
2.89
4.86
2.14
2.77
0.18
2.35
3
0.73
0.53
3.53
0.11
0.01
2.28
2.63
3.26
2.82
4.65
3.15
1.22
2.83
3.13
1.98
4.42
4.61
2.77
2.64
2.58
1.67
4.47
4.51
2.93
0.48
2.4
1.32
2.2
1.87
4.09
0.48
1.51
2.44
1.68
3.43
3.68
3.64
3.19
2.46
0.34
4.38
4.59
2.33
3.57
2.51
3.77
4.39
2.29
2.12
1.14
1.65
2.15
2.7
1.29
1.13
4.61
3.2
2.99
4.3
4.09
0.89
1.64
2.46
1.41
4.14
0.02
0.09
4.85
1.7
0.95
3.27
2.16
1.26
2.09
1.28
3.75
0.55
0.88
2.35
3.76
1.72
4.84
3.61
2.27
1.89
0.73
1.06
4.88
3.8
3.82
4.49
0.07
4.56
2.39
2.64
0.95
3.86
3.12
4.07
4.61
1.31
4.23
4.52
1.47
1.65
2.87
4.49
0.03
3.91
4.8
2.21
2.22
4.34
3.26
0.02
2.85
0.24
4.61
4.84
4.9
2.61
0.68
2.09
0.04
1.41
4.03
3.36
4.58
4.04
4.83
3.82
3.5
4.09
3.08
0.87
2.24
2.61
4.06
2.82
0.13
0.16
3.22
4.68
4.55
3.71
2.59
2.22
2.74
0.84
0.37
3.07
1.72
2.67
1.44
3.14
1
1.22
3.58
2.56
0.96
3.72
2.11
2.16
1.03
0.18
1.92
0.18
1.34
2.59
1.4
2.83
3.6
2.75
4.1
1.18
0.09
3.18
4.69
2.81
1.11
1.51
2.25
4.83
1.96
1.34
1.14
2.77
1.92
4.84
3.58
2.35
0.98
0.18
1.63
2.42
3.01
2.08
4.92
1.67
2.24
4.74
1.27
3.59
3.65
2.42
2.75
3.52
2.33
3.41
1.6
3.03
0.42
2.52
4.32
1.65
2.44
0.32
4.95
2.16
0.72
4.28
2.53
0.05
4.13
3.48
1.05
3.46
1.94
4.58
0.22
0.37
3.31
2.74
1.69
3.46
1.3
3.31
0.99
4.5
4.95
3.64
4.75
0.56
1.11
0.7
2.92
1.26
0.17
4.55
3.04
0.6
0.06
4.21
4.3
0.73
1.82
4.26
4.62
0.24
0.98
0.57
4.97
1.11
0.9
4.63
0.59
3.05
1.98
4.18
2.65
3.66
1.56
0.23
3.53
0.96
0.57
2.82
2.84
3.82
3.55
2.28
3.02
2.01
1.36
1.22
1.11
0.4
3.67
4.8
3.77
2.02
0.73
1.3
1.64
1.51
3.87
1.32
1.25
1.12
4.16
3.15
0.32
4.4
3.69
4
2.21
4.46
3.4
1.52
0.79
1.01
1.39
1.04
2.66
1.6
3.28
2.14
1.87
2.24
0.19
2.71
3.57
4.66
4.98
2.14
0.14
0.73
1.4
4.2
3.8
3.13
4.49
2.59
0.02
0.37
3.81
0.97
3.46
1.42
2.16
0.91
4.81
2.52
0.71
1
3.23
2.89
3.98
0.26
2.67
3.71
4.26
3.75
1.1
1.4
2.08
3.05
0.66
4.38
1.6
4.5
4.77
4.9
2.27
0.37
4.36
4.67
2.72
4.69
3.24
1.64
1.62
2.42
1.83
2.29
1.21
3.59
1.18
1.59
0.92
1.56
1.61
4.28
0.59
0.64
0.65
3.96
2.81
2.78
3.03
4.4
2.29
1.84
0.39
1.25
4.86
4.34
0.46
0.72
3.51
3.37
1.41
1.02
2.68
4.29
2.18
3.87
4.96
0.55
2.73
3.89
2.74
1.65
2.45
2.35
3.84
1.4
4.56
3.62
3.85
1.07
2.86
4.43
0.58
4.44
0.34
1.18
2.72
0.93
2.71
1.44
2.89
1.09
0.08
2.95
1.23
0.04
3.3
4.58
1.47
1.45
1.87
2.77
2.75
4.37
3.73
0.02
3.75
3.2
3.33
1.48
2.92
0.2
2.7
0.43
2.16
1.31
2.13
2.5
2.23
3.09
2.78
4.38
1.12
4.9
4.25
3.88
3.09
3.17
3.15
3.81
1.07
3.3
0.94
3.06
3.04
3.54
2.02
0.13
3.53
3.74
2.77
1.37
3.34
1.64
0.41
2.19
1.7
2.29
0.8
1.51
2.12
2.17
0.27
1.52
0.64
1.94
4.84
4.88
4.82
1.88
1.09
3.71
1.08
2.59
1.05
0.95
1.61
3.35
1.04
3.77
0.72
1.47
4.89
0.1
1.19
4.42
1.32
1.58
3.03
4.86
3.86
4.01
4.61
2.36
1
3.3
1.39
1.02
2.28
3.81
0.83
1
3.27
4.39
1.24
0.73
1.26
4.96
2.41
4.46
2.75
3.22
4.78
3.07
2.96
1.36
1.56
4.93
4.5
3.57
1.84
3.91
1.07
2.6
2.07
2.48
4.07
4.48
2.11
3
0.24
4.43
3.11
3.36
4.55
1.86
2.16
0.41
3.75
2.38
1.58
2.89
4.04
4.97
3.05
1.84
3.68
0.13
2.75
0.66
1.53
3.48
4.87
0.58
1.96
1.89
0.15
2.22
2.13
5
4.23
0.7
4.55
3.01
2.22
1.52
1.72
2.34
0.65
1.42
3.79
0.88
1.35
2.12
0.91
2.22
2.75
1.43
3.16
2.14
2.3
0.99
4.71
3.16
4.42
1.51
2.13
0.61
3.64
2.79
2.16
0.06
3.04
4.92
1.99
1.87
1
2.8
3.74
3.82
3.22
4.31
3.45
4.74
4.34
0.18
3.37
1.15
2.9
1.11
3.98
0.23
4.13
2.87
2.62
2.49
3.51
2.73
0.98
3.58
4.96
2.79
0.15
2.81
3.24
4.41
1.94
2.41
3.78
1.61
1.73
2
0.48
1.09
4.04
2.93
2.2
4.79
0.95
0.07
0.82
3.98
3.18
4.58
2.97
1.7
2.05
2.76
2.8
1.32
1.82
3.91
3.16
0.46
4.12
1.4
4.4
3.45
3.15
1.15
1.65
3.81
3.6
3.78
4.62
0.66
4.85
1.02
4.81
2.94
2.69
1.37
1.08
3.35
1.02
2.12
3.93
2.18
2.92
3.73
4.67
3.36
2.25
0.42
2.12
3.68
4.22
0.61
4.74
1.57
1.35
4.42
0.42
2.63
2.34
1.58
2.54
4.68
2.72
3.27
3.57
1.09
0.98
4.23
0.26
3.42
0.2
1
0.93
2.93
2.86
3.61
3.49
4.06
0.61
1.56
4.99
1.93
0.49
0.28
3.71
2.03
3.35
1.93
0.29
4.01
0.05
4.89
2.37
0.93
4.78
1.82
4.16
4.57
4.56
4.8
3.63
1.31
3.75
1.07
2.49
3.98
0.27
3.65
2.68
0.79
2.87
1.17
0.68
3.24
4.78
0.42
4.19
1.8
4.09
4.72
1.47
1.08
3.84
2.3
0.85
2.37
3.78
1.31
3.08
4.25
2.38
4.06
4.61
4.41
4.77
4.55
4.12
4.41
0.79
2.86
0.49
4.19
2.08
2.56
3.26
1.07
3.03
1.27
3.48
3.84
2.3
3.95
3.82
4.2
1.37
0.3
1.12
4.34
0.13
2.73
2.89
4.37
2.52
1.52
2.9
1.81
3.36
3.32
3.54
4.61
4.23
2.54
0.41
0.45
1.52
4.42
2.31
3.54
4.71
4.31
2.68
4.48
1.19
3.81
0.5
1.73
4.42
0.61
2.93
0.79
3.96
1.48
0.88
1.69
2.43
0.12
4.21
2.9
0.36
3.41
0.66
0.5
3.44
0.08
2.09
4.09
2.66
3.44
3.23
1.85
2.33
0.26
4.8
3.17
4.43
4.29
0.46
2.72
3.67
2.19
2.38
4.04
3.73
3.67
0.87
0.38
0.41
0.09
1.89
0.66
2.31
0.28
4.85
4.4
1.77
1.84
2.53
0.32
4.39
3.2
0.84
0.83
4.95
4.25
4.43
2.94
4.37
0.84
1.05
1.3
2.71
1.75
4.91
0.47
3.55
2.86
2.86
2.88
3.44
0.58
1.46
1.77
1.86
3.37
1.49
1.42
3.21
4.65
3.14
2.24
0.69
1.79
3.46
2.36
1.3
1.13
3.55
0.75
1.1
4.55
0.59
2.95
4.32
3.33
0.25
3.86
4.56
4.44
4.18
5
3.47
1.97
1.16
0.49
0.05
3.23
3.72
2.75
3.49
4.46
0.58
2.3
1.86
4.21
4.32
3.99
3.84
3.77
2.29
3.11
0.75
3.72
0.08
3.92
1.12
0.55
1.63
3.85
3.91
3.89
0.17
4.19
4.43
4.92
4.72
0.73
4.1
4.09
2.14
3.37
1.74
3.83
0.29
4.66
1.8
2.33
2.96
0.45
1.22
2.88
4.73
3.88
1.45
1.55
2.46
3.15
4.02
2.4
1.76
3.98
1.62
0.07
2.96
1.82
1.37
3.1
0.75
3.53
2.06
0.38
3.94
4.78
1.14
2.98
0.97
3.46
2.08
3.06
0.65
4.39
1.69
2.04
2.29
2.85
2.98
0.2
4.3
4.45
1.22
1.58
3.3
3.25
1.43
0.74
2.88
1.94
0.95
0.43
0.06
3.1
3.87
1.78
0.9
3.78
4.51
4.77
3.62
1.45
1.64
1.29
0.22
2.91
4.81
0.09
2.19
2.83
0.9
3.75
0.56
2.19
3.03
1.96
2.64
1.68
4.13
1.22
3.91
0.33
3.53
0.95
3.49
1.9
0.36
0.27
3.92
3.56
3.86
0.79
0.39
1.07
2.51
3.33
0.58
4.71
3.06
4.6
0.12
1.87
2.95
3.78
0.54
1.45
0.47
0.68
2.99
2.62
4.67
4.74
2.47
3.08
3.25
2.13
3.46
0.49
2.08
0.87
1.67
4.59
4.54
3.28
1.79
2.62
2.14
2.61
3.64
1.69
3.64
3.47
4.37
4.2
1.94
2.96
1.02
3.23
4.56
0.64
1.83
2.36
1.5
0.52
1.17
0.97
4.77
4.79
4.62
3.24
0.78
3.47
1.97
1.17
0.38
1.73
2.23
3.49
0.47
1.02
3.42
4.24
0.38
1.06
3.41
3.84
3.32
4.84
4.89
0.21
1.16
4.5
3.71
0.89
3.46
1.12
0.14
1.78
4.49
2.25
3.9
2.56
0.22
4.19
3.06
2.75
2.19
1.39
2.68
4.41
4.13
0.79
4.1
2.3
4.07
4.24
4.51
3.22
2.34
0.76
1.7
4.98
3.41
4.72
0.86
3.72
4.54
4.49
4.31
1.91
4.28
2.7
0.72
0.06
4.07
4.57
4.66
0.36
5
0.75
0.51
0.55
3.98
1.65
1.96
2.65
2.94
2.31
0.22
3.53
2.81
0.46
0.54
1.6
1.59
1.7
0.18
1.34
4.05
2.09
1.34
3.67
1.1
2.07
4.58
0.37
0.2
1.21
1.21
2.36
4.49
2.13
4.37
2.96
4.51
1.28
