3.56
1.28
2.11
1.97
2.7
0.21
4.91
0.37
2.21
2.07
4.54
3.83
0.1
2.27
2.15
3.57
2.04
3.63
0.1
3.88
3.12
0.54
1.12
2.2
0.46
3.63
2.7
0.88
2.94
2.15
4.03
3.78
4.08
0.54
4.61
2.75
4.85
0.2
1.01
0.32
4.76
1.37
1.65
3.33
2.12
4.92
4.67
3.52
1.82
3.18
4.29
4.54
3.55
1.95
1.78
2.42
1.53
1.43
2.04
0.21
1.6
0.28
1.7
0.6
2.46
4.05
1.59
0.84
3.71
1.2
2.14
1.53
3.25
3.06
0.06
4.8
4.93
3.42
1.31
3.91
0.9
2.22
0.98
4.15
1
3.23
4.75
0.3
2.18
1.42
2.19
2.79
1.51
3.67
3.21
0.3
4.02
2.44
4.42
3.89
3.11
3.96
2.93
1
0.72
4.14
2.18
3.38
3.01
3.45
1.72
2.98
0.53
2.8
4.49
0.2
3.55
1.31
4.85
0.35
4.25
0.42
0.55
0.57
1.7
4.58
1.46
4.22
4.78
2.92
1.42
3.18
1.33
3.52
0.15
4.62
1.25
4.96
0.13
0.41
3.13
2.17
2.92
3.07
2.72
0.24
3.91
2.97
1.42
1.6
0.27
2.51
1.99
3.39
4.43
0.21
4.57
1.89
1.97
1.46
4.3
3.52
3.19
1.29
3.72
0.61
4.15
1.71
1.81
2.71
3.77
2.21
0.84
4.27
1.39
0.31
4.43
3.11
0.11
2.13
4.54
4.81
1.21
2.18
3.6
3.5
1.37
2.34
3.61
1.49
2.79
3.62
0.42
2.12
0.16
0.92
3.82
4.04
1.18
1.57
2.77
2.31
3.47
2.53
4.63
3.98
3.43
4.82
0.69
4.79
1.5
2.38
2.79
4.32
3.38
2.13
1.49
1.4
4.22
0.83
0.6
3.37
2.47
0.57
3.98
0.6
1.56
0.52
1.83
0.07
2.59
1.77
2.31
3.67
3.92
4.08
0.34
0.61
0.21
2.24
0.95
4.11
2.09
1.33
3.93
3.68
2.97
2.11
1.87
0.21
1.21
1.36
2.62
0.77
4.48
1.65
1.44
4.82
1.28
4.52
0.43
1.58
4.79
4.11
2.63
1.23
2.48
4.57
1.76
1.29
4.39
4.05
3
2.32
1.3
3.3
3.76
2.01
3.27
1.91
4.86
0.72
0.19
1.68
4.12
0.8
3.55
1.04
2.6
3.15
1.56
3.19
2.78
3.48
4.44
1.3
2.33
1.02
4.62
4.65
1.9
0.22
3.57
1.68
1.5
2.51
2.3
3.27
1.14
0.1
2.64
3.61
0.87
0.2
4.48
4.43
1.45
4.45
3.98
2.36
1.92
3.03
3.73
4.51
3.08
1.34
3.12
4.08
1.84
4.79
2.86
3.63
1.67
1.25
1.02
3.92
0.98
1.35
1.26
2.94
4.56
2.69
3.23
3.1
3.32
0.22
4.95
1.28
1.91
2.51
4.53
2.77
0.88
3.2
2.7
0.39
2.67
2.8
1.73
0.75
3.53
4.73
2.3
3.71
3.26
0.56
3.36
4.47
3.98
0.11
2.17
4.31
3.83
1.04
4.6
0.22
0.27
1.21
0.55
1.89
1.3
3.72
0.37
3.3
2.55
3.72
1.05
1.65
4.63
4.82
0.21
0.35
3.19
3.32
2.75
4.31
1.82
4.99
0.14
2.68
0.89
1.44
4.71
1.78
1.28
2.93
3.88
1.85
0.7
0.84
1.55
0.19
1.9
3.65
3
0.79
4.76
0.42
2.21
1.37
2.44
4.43
0.7
0.88
1.57
1.7
3.6
0.95
2.28
0.91
2.21
3.45
2.95
2.46
2.86
2.17
4.03
0.22
2.97
0.72
2.56
4.26
4.2
0.57
1.46
3.02
1.83
0.23
1.12
0.33
4.06
2.79
2.98
3.27
2
3.44
4.68
1.58
2.06
0.07
4.54
4.18
3.37
3.38
0.66
4.27
4.46
0.73
3.54
0.41
0.72
0.04
4.21
1.07
3.18
0.03
2.14
1.83
4.49
0.23
4.69
0.34
2.35
0.8
1.2
1.25
4.84
1.85
4.09
1.44
0.21
4.66
2.97
3.3
3.77
4.68
4.05
2.78
4.77
4.82
3.67
1.85
3.6
4.55
0.19
1.63
1.48
1.27
0.05
3.98
2.74
1.01
3.32
0.15
0.52
4.92
3.25
1.92
3.4
2.76
2.42
4.22
0.74
4.59
2.33
1.59
4.54
4.1
2.64
1.16
4.77
4.47
0.58
0.13
3.45
4.43
1.74
2.45
1.34
1.8
4.92
0.27
4.7
3.59
3.13
0.29
2.99
2.46
0.98
4.2
3.19
3.58
2.15
0.22
4.11
1.94
4.29
2.62
2.32
4.44
4.41
1.03
0.16
4.31
3.19
2.71
2.81
4.49
2.74
2.3
4.86
0.04
1.55
1.83
0.22
0.2
1.86
0.22
3.37
1.86
1.55
3.02
0.96
0.55
4.15
4.03
3.5
1.43
3.98
1.12
3.89
2.73
0.36
2.45
2.18
0.57
3.67
2.12
0.52
1.7
4.7
4.97
4.3
4.34
4.76
3.86
4.36
2.26
3.87
3.75
3.85
1.56
1.59
2.31
4.77
3.48
0.33
3.82
2.46
4.25
2.93
2
3.47
0.85
2.92
4.41
0.31
0.37
2.45
2.28
4.91
2.54
3.54
3.43
1.32
1.54
3.18
0.6
3.5
3.49
2.1
4.95
4.02
2.21
0.51
4.91
0.34
3.71
3.3
4.01
0.12
3.94
3.93
0.14
0.55
0.91
0.63
3.29
2.15
1.03
1.12
4.04
3.48
1.02
1.35
4.88
3.3
4.61
1.56
2.19
2.53
0.17
1.89
2.77
1.81
3.29
2.77
2.33
1.93
4.34
2.21
3.71
3.46
4.03
4.33
1.5
4.77
3.48
2.76
3.94
4.64
0.38
2.74
1.62
1.57
2.95
3.05
0.88
4.8
0.14
4.96
2.03
2.3
3.2
0.63
3.35
0.58
1.98
2.67
2.8
3.37
3.97
1.13
2.36
2.4
3.71
2.66
4.9
0.59
3.38
1.71
4.48
2.65
0.7
0.56
3.6
0.83
0.25
0.28
2.01
4.09
1.17
2.27
4.99
4.47
4.83
3.19
0.02
4.43
4.66
3.08
2.82
3.78
1.94
0.23
0.61
4.39
0.97
1.05
4.61
1.27
4.49
4.04
2.91
0.65
1.11
2.88
0.55
4.12
2.55
3.73
2.07
4.78
3.42
4.61
2.33
4.92
4.4
2.78
3.24
0.94
0.99
2.65
0.45
4.53
1.09
2.71
1.95
1.39
2.02
3.43
3.86
1.51
4.77
0.59
1.4
0.44
0.01
3.47
2.11
4.05
4.02
2.59
4.71
2.2
4.23
0.77
4.15
2.24
4.4
1.2
4.93
1.52
4.45
0.33
0.48
3.57
4.53
0.76
1.17
0.48
1.79
4.89
0.16
4.96
4.59
0.54
3.33
0.39
3.69
4.44
4.78
1.31
3.78
1.06
0.08
2.66
1.55
2.14
1.6
3.26
0.65
3.96
2
0.18
0.05
2.15
1.5
0.12
3.84
3.8
2.39
1.23
1.32
2.98
2.15
0.98
2.27
4.09
2.71
2.62
2.95
4.07
0.99
2.02
4.73
0.05
3.06
2.72
0.93
3.08
2.89
3.17
1.43
3.04
2.29
2.42
4.3
4.66
4.73
2.16
3.51
4.88
0.26
2.46
1.8
3.08
1.05
2.65
0.02
2.22
1.72
0.2
3.08
2.79
3.55
1.52
4.97
2.99
0.65
2.98
2.64
1.93
4.97
0.37
0.63
0.92
1.64
2.58
0.12
3.5
2.19
3.22
2.4
2.9
4.49
2.83
3.53
1.81
0.64
1.08
2.59
0.13
4.76
0.92
4.33
4.21
3.55
2.79
2.88
1.77
3.63
0.28
1.4
0.07
0.58
4.79
3.19
2.74
2.71
0.15
1.95
2.25
3.09
4.22
2.33
2.11
1.05
3.05
2.99
2.08
2.08
2.9
2.03
4.15
0.5
0.31
2.11
1.89
1.13
3.62
4.22
4.77
4.16
0.78
2.09
4.76
1.13
4.74
2.84
0.93
1.19
4.27
3.45
1.61
0.76
3.8
4.05
1.72
1.03
1.55
3.63
3.21
3.54
1.39
4.99
0.04
2.13
1.8
0.47
0.57
4.92
1.14
1.67
4.33
2.59
3.39
2.7
4.68
3.72
4.1
1.62
4.72
0.91
3.85
1.42
1.04
1.26
0.98
4.36
1.14
3.56
2.97
1.35
4.01
1.83
2.26
2.63
0.73
1.16
0.4
2.09
3.78
2.16
1.84
3.12
2.68
1.46
0.67
3.37
2.14
3.41
3.32
1.43
2.4
4.13
3.38
4.51
0.69
0.43
1.48
0.21
1.07
1.7
4.22
4.08
2.82
1.38
4.31
0.87
1.92
4.7
4.47
1.31
4.63
1.13
3.51
0.17
0.31
1.93
3.55
1.01
2.32
4.04
1.57
4.83
1.79
1.04
2.43
2.27
4.95
0.46
1.72
1.29
0.82
0.92
3
0.97
1.16
3.66
0.41
4.73
4.65
2.3
0.39
1.57
4.63
4.7
0.49
3.09
3.59
0.39
2.83
4.06
0.39
0.66
4.02
0.54
0.11
2.01
2.96
3.54
0.88
4.86
3.83
4.12
0.74
4.87
1.49
4.4
0.7
4.31
0.41
3.04
1.67
2.65
1.34
3
0.8
4.06
0.13
0.48
3.15
3.27
0.14
1.93
2.16
0.33
0.45
4.89
2.35
0.91
1.92
1.49
1.16
2.22
3.48
1.03
4.36
3.86
1.88
2.02
2.7
1.76
1.87
0.28
3.65
0.59
0.63
4.98
0.28
4.51
0.45
4.2
4.96
3.03
4.58
1.11
2.42
3.19
3.81
3.28
2.38
1.41
0.62
4.89
3.1
0.45
1.97
1.47
3.23
1.61
0.81
4.63
2.92
4.17
4.16
1.17
1.55
2.33
0.77
3.93
4.17
4.9
1.21
2.37
2.94
2.54
1.07
2.78
2.4
3.37
2.61
2.49
3.68
2.55
4.97
3.5
1.45
3.64
4.86
4.18
0.9
4.82
3.06
4.82
4.2
1.5
3.13
4.61
1.2
0.71
1.43
2.4
4.96
2.55
3.53
3.06
3.37
3.77
3.19
1.25
2.49
4.6
3.14
2.14
3.72
3.49
2.69
2.63
3.68
4
4.35
3.12
2.88
3.94
1.03
2.17
4.82
3.42
1.52
2.1
1.95
2.27
4.32
2.98
4.05
1.43
4.67
1
3.28
2.07
2.14
3.31
3.55
1.16
4.41
2.01
0.48
3.32
4.36
0.15
2.19
4.73
2.01
0.32
0.75
0.89
0.43
0.37
4.36
4.75
4.13
2.49
3.5
1.98
1.43
0.03
1.52
3.1
3.51
4.26
1.74
2.55
0.18
1.1
4.16
2.77
4.04
1.44
4.41
4.38
0.31
0.9
2.33
2.27
0.82
4.51
3
3.75
1.49
2.05
3.04
0.16
2.64
4.61
2.55
1.81
1.06
0.16
2.64
0.49
4.79
1.81
2.76
2.19
2.05
2.52
0.87
4.06
4.53
0.78
3.38
0.92
0.26
2.99
2.71
3.62
4.42
0.66
0.73
1.66
4.22
3.07
1.59
4.81
0.1
4.86
1.35
4.55
0.47
3.35
1.22
3.04
3.03
3.12
0.4
2.79
4.15
2.72
0.14
0.33
2.46
2.27
1.15
1.47
2.7
2.46
2.74
3.74
0.91
3.81
1.93
1.21
2.91
1.04
1.07
1.96
0.55
2.18
1.7
4.68
0.47
2.05
2.39
0.3
4.97
0.12
0.46
2.75
4.61
0.73
2.93
0.72
3.71
1.46
0.15
2.88
4.2
4.84
2.28
4.69
1.44
2.21
1.68
2.17
2.46
4.4
3.75
2.11
0.44
3.64
1.09
0.73
3.24
2.92
2.73
3.32
2.8
0.96
4.05
1.7
1.71
0.99
4.88
0.25
3.01
4.34
3.75
3.38
0.14
1.96
1.15
2.93
4.81
2.56
1.85
1.69
4.24
3.09
1.91
2.21
0.58
3.73
3.04
4.64
4.06
2.51
3.55
0.1
0.73
3.66
2.06
2.92
3.73
4.9
3.93
4.48
2.02
0.26
0.6
0.71
1.71
2.06
0.3
3.91
0.83
4.55
0.18
3.52
1.25
1.05
2.6
1.13
4.66
2
0.56
4.85
2.26
4.1
2.9
1.41
1.39
0.22
2.7
1.99
0.24
4.36
4.05
2.03
3.03
4.65
1.69
0.61
2.05
3.87
4.58
1.65
1.63
1.36
4.93
3.59
0.87
1.41
2.05
1.18
1.45
2.62
2.13
2.24
2.45
1.6
3.41
0.39
4.45
2.38
4.18
4.51
0.44
3.49
3.44
2.38
0.88
1.58
0.57
3.48
0.98
3.96
3.98
2.81
0.05
2.33
3.59
2.53
2.51
0.78
0.84
4.07
4.93
4.63
1.25
2.63
3.12
1.39
0.66
1.84
3.67
0.21
0.69
3.33
2.05
2.24
4.58
0.25
2.59
3.21
3
2.16
3.39
3.36
2.33
1.53
0.04
0.73
0.9
0.4
0.92
3.46
3.03
0.28
1.09
1.44
3.03
2.36
3.31
3.73
3.85
0.21
3.62
3.2
0.62
1.54
4.34
1.17
1.08
3.57
3.55
2.21
3.82
3.43
3.69
1.54
0.59
1.15
2.8
1.63
3.98
0.44
0.32
1.03
4.11
4.62
2.77
1.98
0.4
4.17
3.99
3.47
3.13
1.23
4.96
3.83
2.08
2.77
4.57
1.17
1.94
4.87
1
3.91
1.37
0.46
0.3
3.7
2.45
0.33
3.06
2.96
0.64
0.6
0.7
3.67
1.14
4.78
2.69
1.13
0.8
0.03
1.64
0.88
4.77
2.81
2.29
1.71
2.67
2.65
2.04
2.19
2.7
1.35
0.21
2.1
4.99
1.54
1.94
0.76
0.74
3.89
3.05
0.74
2.45
3.29
0.45
4.69
2.45
0.65
0.63
3.98
1.94
3.49
0.33
4.21
0.01
4.4
4.63
1.81
4.09
0.93
3.06
3.18
4.71
1.4
3.33
0.9
1.5
0.88
1.32
4.1
2.03
0.41
1.86
2.38
4.83
2.79
2.88
4.5
1.03
4.11
2.18
3.22
2.31
0.24
0.51
1.03
2.75
2.59
3.43
0.11
2.94
0.52
2.1
0.64
3.07
3.53
4.01
3.91
4.4
4.73
1.48
0.01
1.34
0.75
0.98
1.96
4.85
2.23
2.75
0.77
4.74
1.29
0.39
2.18
2.53
0.86
1.74
2.17
1.92
1.95
1.49
4.12
0.93
0.93
3.01
2.97
2.89
3.8
4.45
4.1
3.59
1.97
4.95
2.06
4.51
2
2.19
3.16
1.48
1.91
0.5
4.83
1.01
1.88
1.14
0.51
3.37
1.91
3.2
3.58
0.84
4.07
0.83
1.13
2.22
2.61
1.26
1.38
1.09
1.97
4.45
2.79
2.95
4.37
4.81
2.27
3.5
2.42
4.48
3.68
0.97
1.89
0.37
1.5
3.07
4.58
3.75
2.25
3.7
3.7
4.24
1.4
2.63
3.44
2.71
3.8
1.26
2.51
3.58
4.89
0.72
4.02
4.88
0.45
0.08
0.97
3.15
1.65
4.41
3.88
2.34
0.04
2.63
0.21
4.31
0.2
2.17
2.55
4.9
3.41
4.2
3.33
0.22
3.53
2.65
4.3
3.1
1.13
4.61
4.55
0.17
2.03
2.52
1.36
3.17
1.59
3.22
4.08
4.81
4.64
1.26
2
2.32
0.27
1.23
4.13
1.83
0.12
3.21
4.71
4.56
0.31
0.3
4.7
1.52
2.21
4.22
3.35
1.25
1.65
1.38
1.83
0.46
4.96
3.89
4.8
3.75
1.41
3.18
0.33
4.42
1.93
4.5
4.78
4.92
3.46
2.99
2.84
2.56
4.64
2.48
3.46
3.88
2.35
0.92
2.64
4.52
3.86
4.65
2.99
2.64
4.61
0.01
3.61
3.28
1.48
4.87
3.68
2.77
2.65
0.74
3.51
1.49
0.94
0.13
3.75
4.47
3.46
0.4
2.6
2
3.07
0.72
2.47
0.08
3.86
2.88
4.55
2.73
3.18
4.21
3.19
0.77
4.01
0.5
2.91
3.97
2.24
4.41
3.48
0.6
2.8
2.4
3.13
3.01
0.11
1.51
1.93
0.05
1.79
2.76
1.49
1.84
1.27
3.23
0.79
0.32
2.48
2.88
1.71
1.51
1.94
1.84
0.31
1.49
4.33
3.64
4.8
3.19
2.52
3.67
1.23
1.21
0.64
3.73
0.69
0.9
0.68
0.24
0.27
0.89
0.9
3.76
0.36
3.33
1.96
1.06
3.53
2.41
3.07
4.35
0.43
3.49
4.93
3.71
0.25
0.09
0.53
3.82
2.74
4.16
2.64
3.18
0.31
3.88
0.76
4.73
4.1
0.01
3.59
0.93
1.43
4.89
2.1
0.17
1.71
0.13
4.53
4.96
0.31
3.54
4.34
3.24
2.04
4.33
0.82
4.41
1.96
2.52
2.2
4.16
4.42
2.8
1.49
4.79
0.61
0.55
0.05
4.78
3.93
3.9
1.45
2.08
2.24
2.52
0.12
3.82
0.21
4.27
0.47
1.06
1.72
2.86
1.57
3.15
2.06
0.4
3.33
1.86
3.07
4.82
0.6
4.29
0.97
1.6
0.81
0.9
2.63
0.23
4.39
3.93
3.66
0.48
3.26
4.3
0.53
0.89
2.4
3.42
0.4
3.51
0.64
4.16
4.17
2.39
1.03
4.61
0.25
3.5
1.24
1.28
0.31
3.69
1.48
4.91
4.75
3.78
4.5
3.56
0.47
3.1
0.96
0.54
3.29
3.93
4.08
2.52
1.63
2.56
3.51
2.2
2.53
2.5
2.39
4.65
2.47
4.88
1.3
2.89
0.38
4.82
4.62
1.66
4.94
2.52
1.94
3.38
1.13
3.72
0.86
1.34
4.94
0.61
0.66
0.55
2.78
1.62
3.12
1.08
2.35
4.4
1.15
1.98
3.47
3.77
1.83
4.29
2.34
0.96
0.91
0.64
1.05
2.09
3.21
0.22
0.64
0.56
2.82
2.92
4.33
2.87
4.46
3.1
2.48
0.35
1.93
3.84
4.41
3.86
4.34
3.31
0.06
4.77
2.9
3.38
2.18
3.62
1.11
4.48
0.75
1.5
0.67
0.24
1.23
2.67
3.25
1
2.5
0.46
3.89
3.16
1.29
2.84
2.78
2.16
1.39
1.29
3.6
4.3
2.19
2
4.49
2.59
3.01
2.83
0.1
1.93
4.32
3.33
3.45
2.63
4.41
2.53
2.46
0.38
2.51
2.37
2.9
4.89
3.96
4.34
1.93
4.18
3.32
3.71
1.03
0.24
3.26
3.85
0.66
0.77
1.21
2.8
2.02
2.06
0.26
1.92
1.81
1.92
2.81
4.82
3.04
1.98
2.36
3.54
3.52
1.57
3.16
0.65
2.61
0.14
1.01
3.73
2.05
1.86
1.4
1.73
1.74
4.85
4.22
2.36
3.91
1.79
0.83
3.83
2.25
0.73
1.27
0.94
2.59
1.27
2.09
4.15
1.54
4.52
0.71
0.3
0.02
2.1
3.35
2
3.77
3.48
0.12
0.87
1.83
3.81
2.02
1.53
0.27
0.32
0.15
2.62
2.11
3.87
2.94
0.53
0.86
1.69
2.6
2.23
0.19
2.42
1.68
4.07
1.75
1.62
3.45
1.66
3.35
4.2
0.12
3.23
2.22
4.11
1
2.81
1.35
3.83
4.72
4.19
0.28
2.35
2.37
1.42
0.75
3.36
3.45
1.59
3.39
3.74
3.76
4.7
0.11
2.35
1.15
3.31
2.63
0.3
3.19
3
0.01
0.42
2.34
0.51
0.76
4.35
2.02
4.61
1.22
1.36
0.83
4.15
4.24
4.34
0.74
3.78
1.75
2.64
3.19
3.11
4.24
4.22
2.14
4.39
1.54
1.23
0.32
3.68
3.34
0.04
0.63
0.75
1.62
1.83
3.37
4.94
1.01
3.56
0.52
4.1
4.01
0.2
3.22
0.28
1.6
4.7
3.03
1.07
3.07
3.12
1.91
2.58
0.6
1.39
4.65
1.34
3.35
3.91
1.14
0.89
3.68
1.68
3.93
3.35
1.35
3.32
0.38
3.9
1.72
1.44
3.38
0.17
1.59
2.99
1.05
1.85
1.95
0.49
4.64
3.4
2.26
1.33
1.46
1.09
0.01
2.26
4.04
0.64
3.25
3.75
0.06
1.24
4.98
4.84
2.21
0.12
1.1
3.21
2.06
4.89
4.66
0.48
2.37
0.62
4.68
3.22
0.25
2.25
1.64
4.24
0.63
1.28
1.91
1.48
0.14
2.79
3.41
1.53
3.37
4.34
4.18
3.63
0.63
4.17
3.49
2.89
0.79
1.25
2.28
4.49
2.58
1.91
1.5
2.6
1.04
4.83
2.96
3.5
1.65
1.48
3.08
4.6
2.74
4.58
3.12
0.93
2.31
0.56
2.61
4.63
4.31
2.8
1.82
3.15
2.73
1.16
2.19
1.84
4.46
2.11
0.44
3.21
0.84
0.21
3.98
4.47
2.47
0.93
0.21
3.75
3.04
3.99
2.14
4.77
3.78
0.89
2.28
2.06
4.4
3.16
1.99
