4.54
0.24
1.47
1.73
2.17
2.16
0.32
2.38
0.17
3.48
3.59
4.05
3.39
3.82
3.86
0.04
4.53
1.66
3.69
0.74
0.3
3.13
3.57
3.39
1.83
1.54
2.23
4.23
0.05
1.1
3.65
0.12
3.66
0.14
2.56
1.9
4.01
1.02
4.45
2.51
0.69
1.24
1.69
3.29
4.02
2.26
0.81
0.06
0.06
3.61
3.34
4.71
1.95
2.05
2.57
2.96
2.57
2.08
3.72
0.36
1.49
4.66
0.19
0.68
2.66
3.21
3.68
3.17
3.24
4.46
2.84
3.21
3.35
3.66
4.58
1.14
2.37
4.16
0.27
0.48
3.78
4.12
0.67
0.69
2.81
4.42
3.06
1.82
3.96
3.6
3.8
4.62
0.16
0.91
3.54
1.93
3.24
4.77
0.66
3.64
4.77
1.23
3.83
1.26
2.75
4.03
2.74
4.24
3.66
0.71
4.71
1
0.92
2.11
2.27
4.51
3.08
3.51
3.62
1.56
2.27
1.63
4.19
2.39
3.87
1.44
1.57
2.27
4.07
0.99
1.98
3.8
0.11
3.88
1.94
2.1
1.64
4.83
1.21
1.59
1.93
0.15
3.14
0.22
0.84
1.66
0.83
1.84
4.35
1.57
0.82
2.62
1.89
2.35
0.9
2.01
4.19
2.55
0.28
0.75
2.59
4.64
2.12
2.62
2.92
4.2
3.42
3.31
3.06
1.09
3.37
3.84
1.39
0.92
1.44
0.13
1.49
0.2
1.11
1.68
0.56
3.58
0.76
1.57
0.54
1.65
1.19
0.98
4.59
0.4
4.27
3.37
2.4
0.76
2.02
4.17
2.99
0.46
2.3
0.41
0.65
3.95
0.67
2.73
4.28
2.87
1.83
2.87
3.3
0.7
1.3
1.1
0.59
0.1
3.56
1.86
2.55
3.6
1.72
3.6
0.24
1.02
1.92
0.07
0.78
3.54
4.41
0.97
4.61
4.82
2.05
4.88
2.99
2.01
2.82
4.64
4.01
3.99
4.38
4.25
2.8
0.66
4.55
2.35
2.39
4.22
0.99
4.09
1.77
0.45
0.47
2.86
1.44
3.94
3.63
0.93
2.89
0.22
4.65
4.3
1.51
0.27
2.62
3.61
1.26
3.85
0.71
2.96
3.13
1.42
3.79
0.8
4.3
1.24
1.29
0.07
0.98
1.48
2.32
0.55
0.17
3.48
3.8
0.64
3.12
1.09
2.62
1.36
0.41
1.92
3.84
0.12
1.31
2.1
0.33
2.95
3.49
3
1.35
2.84
1.77
4.5
4.08
4.2
3.95
4.6
1.56
1.13
1.27
2.51
0.32
2.28
3.39
3.01
2.22
4.77
4.29
4.42
0.05
0.92
3.76
2.21
1.44
2.36
3.08
1.11
0.25
3.21
0.31
4.81
0.51
4.55
2.66
2.28
2.41
3.89
3.16
2.76
2.2
0.04
4.73
0.7
2.36
1.4
2.33
3.2
1.33
4.64
4.93
3.87
4.87
0.16
1.88
0.09
4.02
2.39
4.76
0.26
2.79
3.68
3.32
0.86
0.71
2.82
4.81
4.48
3.81
3.59
4.37
1.68
4.62
0.3
1.5
3.35
2.34
4.03
4.55
1.62
2.77
0.49
4.5
2.07
2.01
4.68
1.72
0.88
3.6
2.18
1.72
3.52
3.17
2.91
3.9
3.54
4.77
4.21
0.89
1.75
0.86
4.21
4.98
4.8
0.16
3.85
2.06
3.1
3.85
2.11
2.42
4.46
1.22
3.27
2.63
0.05
2.63
3.01
2.04
3.18
4
3.24
0.97
1.1
4.8
1.92
3.23
1.46
2.2
2.56
1.29
2.47
3.17
3.23
4.92
0.22
0.99
0.09
1.99
1.65
0.46
2.16
4.53
2.81
1.81
3.47
4.79
2.28
3.64
1.79
4.04
0.92
3.58
2.71
3.24
4.02
0.98
3.77
2.58
0.01
2.43
3.05
0.45
0.94
2.63
3.53
0.54
1.32
3.65
0.2
2.96
2.22
2.12
0.66
4.8
1.58
4.65
1.16
1.65
1.02
3.87
0.92
4.8
2.92
1.8
3.72
0.03
4.51
1.81
4.63
3.88
4.4
3.38
3.65
2.61
2.04
4.48
4.53
2.98
0.56
1.6
0.16
2.16
3.54
0.56
2.07
2.8
4.55
2.82
4.25
0.59
3.75
1.98
0.47
3.52
1.8
2.41
1.48
1.07
2.93
3.8
4.93
4.67
1.2
1.9
3.13
4.1
1.9
1.61
4.32
4.72
3.94
0.72
1.11
3.55
2.09
0.11
4.89
3.38
1
2.15
0.75
2.97
0.92
2.32
1.98
4.1
3.52
1.89
3.52
3.78
2.01
1.64
4.24
1.85
4.01
0.3
4.04
2.23
1.55
3.62
2.97
3.46
0.14
0.09
4.16
4.84
4.77
0.26
2.29
0.04
2.55
0.95
2.22
2.54
2.81
0.48
0.39
1.79
3.89
1.55
2
1.08
4.72
0.22
0.63
4.59
3.84
1.72
0.44
3.16
0.57
3.92
4.53
2.56
1.8
2.59
5
4.05
4.86
1.19
1.24
1.05
3.29
3.15
2.27
0.8
1.65
3.39
1.89
0.66
4.51
2.69
1.97
1.34
4.35
4.91
0.76
3.63
4.34
0.44
1.06
4.16
3.54
2.88
3.45
2.1
4.29
3.74
0.02
1.19
0.56
2.96
2.52
3.91
2.35
3.93
2.56
1.87
0.49
1.44
1.12
3.16
4.02
3.23
4.46
0.26
0.82
0.88
2.83
1.7
4.02
4.61
1.34
1.95
1.38
4.89
2.46
1.1
1.67
2.21
0.42
1.87
0.91
4.9
4.16
4.56
3.37
3.38
4.92
0.71
1.39
3.55
2.04
3.33
0.28
1.39
1.91
0.35
4.94
1.02
3.36
3.99
4.45
1.22
2.05
2.57
4.27
4.75
2.59
3.71
4.83
3.5
3.25
4.19
0.81
0.64
1.63
2.89
0.75
0.12
4.46
0.3
3.33
2.55
3.27
4.08
0.44
0.25
3.75
2.76
3.25
0.83
1.49
3.66
1.1
1.73
3.09
0.09
2.07
2.01
4.67
4.9
3.49
2.31
1.83
3.1
0.11
1.82
0.67
2.24
1.95
0.24
4.2
4.3
3.27
1.53
1.29
2.03
3.38
2.18
3.61
4.83
4.95
0.22
0.49
4.7
3.2
1.63
1.38
2.64
0.37
1.89
1.61
4.67
2.54
2.51
1.94
0.32
1.39
1.85
1.5
4.8
0.14
4.03
4.46
2.59
0.4
0.25
4.3
1.34
2.91
2.96
1.99
2.08
3.84
1.32
3.5
0.57
0.69
3.52
4.72
1.84
4.88
3.2
1.98
3.97
4.08
1.48
0.66
4.94
3.84
1.71
4.84
5
0.12
3.02
1.06
4.64
4.15
5
3.11
3.01
2.7
0.34
1.06
3.46
2.76
2.81
2.93
4.92
0.48
0.55
2.01
4.35
3.92
4.39
0.61
1.99
3.1
2.79
4.58
0.82
0.28
1.8
2.11
0.71
2.02
0.34
2.3
0.55
0.77
3.91
1.91
0.54
0.53
2.74
3.61
3.51
0.03
3.69
2.23
3.37
3.62
3.03
0.03
0.38
3.82
1.63
4.88
4.35
0.81
3.64
3.16
2.61
0.34
2.74
3.1
3.3
1.92
4.17
1.26
0.45
2.15
1.16
1.47
4.26
0.17
4.06
4.83
2.18
3.81
0.73
2.66
1.91
3.77
1.89
4.78
3.74
2.27
1.71
4.78
2.22
2.89
2.16
4.22
2.85
0.95
1.93
4.28
0.48
4.57
2.13
0.76
3.63
0.95
4.87
1.54
4.88
0.71
2.35
0.75
2.62
3.97
2.54
4.9
5
1.58
0.77
4.15
3.24
3.06
2.58
0.03
2.61
1.12
4.08
3.43
4.24
3.77
0.2
1.67
3.11
0.37
1.45
1.58
2.05
0.35
3.16
2.95
3.94
2.79
4.22
1.43
0.59
0.8
3.75
0.14
4.53
0.72
4.92
4.5
0.33
1.31
3.08
1.46
4.09
4.12
1.81
3.73
0.85
1.2
1.35
4.84
3.85
3.99
0.12
4.3
2.87
2.9
4.56
1.43
1.46
3.83
4.14
2.94
3.06
2.82
4.74
5
2.61
4.46
4.64
4.78
0.51
0.52
3.02
0.9
4.34
0.51
3.62
1.67
4.14
4.69
0.15
2.47
3.11
1.93
4.59
3.48
4.48
2.78
2.94
4.09
0.3
0.06
0.34
3.25
4.12
2.31
4.17
1.71
4.13
2.78
4.84
0.86
2.19
2.51
1.99
4.56
0.98
1.08
4.33
0.43
2.79
1.87
4.66
0.64
4.2
0.61
3.14
3.65
2.46
2.77
2.41
0.17
0.86
4.56
1.68
1.58
4.33
3.61
4.96
3.86
0.62
3.36
0.94
4.03
3.21
0.37
0.36
0.72
2.73
3.5
2.08
3.72
2.84
2.9
0.41
2.24
4.06
2.41
0.52
4.95
2.36
3.46
2.88
2.59
1.44
0.13
4.35
1.84
2.44
0.51
2.69
1.82
1.66
3.61
0.11
0.88
1.53
4.96
3.14
4.42
2.65
3.5
0.94
4.99
4.23
2.67
1.72
1.86
2.43
1.41
4.47
4.25
1.99
3.45
3.77
3.09
2.21
1.36
2
2.51
2.77
4.01
1.35
1.01
2.66
0.05
0.73
2.5
3.84
2.83
3.95
0.93
1.02
1.64
1.96
1.52
1.06
4.99
0.39
0.06
4.69
3.54
3.19
2.25
4.88
2.36
2.86
0.79
0.63
0.22
4.37
3.16
2.12
4.28
0.25
2.34
1.07
2.81
2.21
4.6
2.5
4.88
1.14
3.06
3.6
2.79
4.73
2.75
4.55
0.98
4.4
1.54
1.13
4.72
3.32
4.41
1.89
1.04
2.27
0.69
3.1
4.85
1.42
1.78
1.94
0.49
1.26
4.74
1.21
2.38
4.31
1.93
1.95
1.88
2.57
3.35
2.21
0.87
0.05
3.48
2.29
0.6
3.94
0.87
1.63
3.76
0.59
1.46
1.77
4.54
0.4
1.62
0.3
2.98
3.52
3.3
0.88
1.64
4.02
0.56
1.05
2.85
3.26
3.25
1.44
1.52
0.83
0.5
4.64
1.4
1.44
4.5
4.6
2.48
0.13
2.72
1.66
2.54
4.3
2.44
3.7
1.24
3.36
4.67
2.25
0.98
3.89
0.57
2.29
2.76
3.89
4.38
4.26
3.6
2.55
4.62
1.45
3.25
0.73
1.57
2.87
2.36
3.7
3.55
2.15
3.56
1.84
4.16
2.04
3.3
1.52
0.94
0.38
2.14
2.16
3.76
3.76
0.54
4.43
1.89
2.47
4.73
0.96
3.06
4.01
4.47
1.78
2.55
3.17
2.08
1.52
4.94
4.23
1.31
4.2
3.4
0.89
4.64
0.56
3.67
1.04
2.38
2.77
2.91
4.41
0.34
3.77
3.7
1.99
1.56
0.66
3.04
1.23
4.04
3.11
0.1
0.05
2.29
1.44
2.27
3.54
1.89
2.35
2.83
4.21
0.13
2.37
0.49
3.67
2.67
4.81
4.21
0.47
3.81
0.65
3.27
3.41
2.61
2.18
4.49
1.3
2.75
3.58
1.6
1.11
3.23
3.86
2.68
4.12
4.23
0.45
4.37
0.21
2.13
0.92
1.89
4.4
1.86
2.37
4.36
3.42
4.14
1.49
3.86
4.15
0.83
1.03
2.51
4.92
2.42
2.56
2.67
2.94
1.04
2.25
3.46
4.42
5
3.81
2
1.65
0.36
0.83
0.82
3.72
3.13
0.9
3.23
1.01
0.5
1.54
0.32
1.69
3.34
1.67
1.78
0.47
4.88
0.23
0.74
2.97
2.08
1.78
1.47
4.86
4.43
2.9
0.66
4.72
1.42
2.8
2.67
0.17
0.1
1.2
2.71
0.82
2.72
0.77
4.96
1.5
3.11
2.62
0.58
3.65
4.99
3.41
2.85
4.96
3.03
4.47
4.4
1.22
2.98
4.59
4.15
0.8
2.02
2.21
2.7
0.46
3.97
3.51
2.49
0.47
0.73
3.11
1.59
2.69
1.05
2.97
4.33
2.88
1.1
0.98
4.85
0.1
1.08
2.58
1.97
1.83
2.73
3.2
2.57
1.91
0.41
1.05
1.41
3.33
4.4
1.38
2.31
0.17
1.76
4.27
2.91
2.73
4.85
4.34
1.69
4.12
1.63
4.44
1.67
4.66
0.55
2.05
1.32
4.24
4.63
1.98
1.23
4.41
1.53
0.36
2.16
0.32
4.16
2.24
2.61
0.32
3.4
2.55
2
2.9
2.98
2.24
2.52
3.32
0.74
1.7
2.52
0.95
1.13
3.94
2.64
3.31
4.9
0.22
1.79
2.04
2.61
1.9
4.94
3.39
1.84
0.59
4.15
4.43
3.38
4.58
3.37
2.58
5
4.47
4.05
4.29
4.46
4.26
4.92
4.17
1.68
4.73
4.68
3.43
4.98
0.33
0.33
2.31
3.65
0.93
0.99
0.52
2.28
3.54
2.79
0.44
3.57
2.17
1.55
1.96
1.75
0.75
0.03
2.47
2.39
1.21
3.68
2.79
0.62
2.85
4.27
3.68
0.86
0.77
4.76
2.66
4.02
3.61
1.02
0.31
2.89
3.48
3.23
0.04
1.56
1.38
2.22
1.46
0.17
0.82
0.93
2.12
2.41
3.47
4.08
3.11
1.45
3.73
4.57
3.77
4.3
0.81
4.45
1.53
2.17
2.68
4.05
1.79
0.18
1.15
2.37
1.9
3.64
2.86
3.31
3.79
1.51
4.07
3.64
4.63
1.94
1.6
1.65
0.49
1.62
1.72
1.35
0.61
0.1
2.53
1.14
3.74
0.36
1.32
0.53
0.59
1.53
0.44
0.75
1.27
2.36
4.38
2.63
0.25
4.7
1.59
4.86
1.22
4.41
0.79
4.23
2.09
4.24
4.22
3.17
0.13
2.29
0.88
2.11
1.73
3.95
4.43
0.35
4.73
4.11
0.73
4.56
1.73
4.22
0.52
1.99
1.89
1.63
2.07
2.23
1.61
3.9
2.23
0.26
0.89
4.14
4.32
4.29
3.28
1.46
4.1
4.96
3.97
2.2
3.08
2.51
3.6
4.43
3.16
0.1
0.88
3.65
0.07
4.97
3.44
0.44
0.53
0.07
0.33
4.97
2.21
0.45
2.15
0.14
4.35
2.65
1.94
2.59
2.6
0.23
3.94
2.7
2.02
4.37
3.2
0.47
1.09
3.91
4.72
2.04
2.55
2.71
2.83
4.59
1.99
0.33
2.47
1.14
3.95
3.02
0.66
0.82
2.01
1.5
2.13
0.64
3.66
2.59
2.11
0.17
1.99
0.77
4.64
3.54
1.88
3.26
1.7
2.11
4.19
2.17
2.77
3.66
1.54
2.49
3.24
0.18
1.36
1.71
3.27
3.9
1.97
2.51
1.7
1.31
3.7
0.16
4.42
0.43
2.08
2.28
3.21
0.37
4.69
1.43
1.83
2.47
0.03
3.19
2.07
0.44
3.42
1.17
0.59
2.64
1.33
2.97
4.77
1.39
1.38
0.33
4.31
1.25
4.43
4.95
0.1
1.91
1.42
1.6
4.94
2.03
1.42
0.51
2.28
3.32
0.43
4.64
4.76
0.12
2.65
1.15
1.53
2.17
1.36
3.47
2.86
4.6
0.87
4.2
4.32
2.98
3.39
2.55
4.21
4.59
1.73
1.08
3.86
0.19
1.63
2.61
3.64
1
0.03
3.98
0.26
4.2
0.14
2.77
3.59
1.36
0.06
2.64
0.29
4.72
4.21
4.43
4.23
2.01
1.82
1.43
1.53
3.29
3.4
3.9
1.13
0.39
3.95
0.03
3.9
0.73
4.3
4.93
2.2
1.52
0.51
4.64
3.03
3.27
1.36
0.97
3.68
1.16
1.26
0.51
2.05
4.54
2.53
2.27
3.47
1.66
4.61
0.16
4.99
0.71
0.74
2.51
2.29
2.15
3.67
2.03
2.75
1.01
0.9
1.34
4.4
0.12
3.45
0.7
3.4
1.34
3.93
4.55
0.56
2.5
3.44
0.73
4.89
2.73
3.43
4.68
0.6
0.96
0.56
0.84
2.85
0.73
4.32
4.54
2.94
2.99
0.56
3.5
4.34
2.96
3.27
2.22
2.19
5
3.41
0.54
3.22
4.37
4.18
4.91
2.21
1.26
2.84
3.54
2.95
2.68
0.66
3.63
3.7
1.15
0.44
4.27
1.86
4.12
0.32
1.81
4.9
2.12
2.76
1.1
4.18
2.55
2.96
1.13
0.04
2.53
3.94
3.76
3.2
4.52
4.08
2.83
0.2
1.46
2.79
4.69
3.6
0.92
1.71
3.39
2.37
0.42
2.08
2.82
2.05
0.22
2.21
2.45
3.45
3.71
3.08
2.33
1.86
3.29
1.92
2.8
2.4
4.96
1.73
0.29
3.02
4.13
1.78
0.63
0.35
0.41
4.51
1.59
3.12
3.89
4.34
0.86
3.4
3.75
0.95
4.96
2.06
4.65
3.49
2.88
4.92
3.82
1.87
1.74
4.06
2.33
0.18
2
2.55
0.45
1.56
1.7
4.99
4.93
2.88
4.14
3.65
0.27
2.76
0.51
2.43
1.58
2.53
2.68
4.32
2.96
4.7
0.41
0.89
1.83
4.42
0.48
0.31
0.75
1.03
1.73
1.38
2.8
3.85
4.72
3.58
3.94
1.06
2.43
0.4
4.77
3.17
0.28
0.43
4
0.78
3.33
4.11
1.44
4.52
4.42
3.45
2.5
2.87
2.74
2.81
1.83
1.93
0.24
2.84
4.38
1.8
2.32
2.74
0.74
1.48
4.25
4.55
0.08
2.19
3.55
3.21
1.71
2.72
2.12
0.66
2.91
3.4
0.59
4.24
3.58
1.31
4.94
2.32
3.99
3.63
3.89
0.86
3.72
0.36
4.23
3.68
0.28
0.91
2.52
2.98
3.07
1.41
0.11
0.88
2.21
1.99
0.49
4.04
2.71
2.37
0.46
0.15
1.64
3.84
3.38
0.38
0.47
1.79
1.1
1.04
4.77
2.67
0.88
5
3.45
0.68
1.88
4.13
0.67
4.53
4.59
4.54
0.61
4.77
0.55
2.73
4.72
0.57
0.76
3.84
4.84
1.61
1.29
1.22
0.46
0.33
3.6
2.57
1.56
0.68
1.21
4.29
0.79
4.05
1.46
2.12
2.14
4.74
1.24
3.58
0.45
2.32
2.98
3.74
3.7
4.33
3.83
4.44
1.34
2.71
4.03
4.34
2.14
3.46
4.6
1.49
2.36
3.64
2.67
2.1
4.05
4.29
2.48
0.76
4.02
4.01
3
4.04
0.01
2.92
0.1
3.72
0.6
2.27
4.38
1.17
2.88
0.2
4.65
2.84
3.17
1.53
4.06
0.07
0.87
4.58
0.1
4.56
0.48
2.98
2.01
3.7
0.66
0.12
4.6
2.74
2.8
1.29
1.39
4.71
0.76
4.68
3.03
0.68
4.56
1.14
4.07
0.87
2.51
1.83
0.54
4.02
3.32
0.49
1.27
1.29
4.88
3.69
1.21
1.73
1.08
1.08
0.19
0.88
2.41
2.02
0.83
2.61
1.63
3.43
2.69
2.92
2.43
3.82
1.03
1.21
4.65
2.36
3.22
3.23
2.12
0.55
4.64
2.24
1.44
0.94
1.25
0.51
3.15
0.94
3.47
0.4
4.76
1.02
3.42
4.24
2.47
1.05
0.36
2.37
2.12
0.35
0.24
2.56
1.99
4.62
0.04
3.4
0.52
0.81
1.07
2.87
4.3
4.5
4.4
0.88
0.89
3.22
3.6
3.49
4.01
4.46
4
1.63
3.17
4.18
3.99
0.78
1.75
0.53
2.05
3.58
0.87
1.32
3.4
2.18
3.53
3.64
1.06
3.53
2.54
1.42
2.83
3.61
2.15
1.5
3.33
2.28
0.69
3.35
1.08
2.66
2.9
3.34
3.9
1.65
4.68
3.77
2.97
0.22
2.5
2.73
2.5
3.67
3.32
3.17
0.3
0.64
2.58
1.61
0.1
3.63
1.53
2.25
2.28
0.24
0.86
3.43
1.33
1.67
3.74
4.25
3.97
0.27
2.48
4.74
3.29
0.82
0.83
3.36
0.68
4.1
0.18
1.89
0.84
4.1
2.27
0.22
3.22
0.43
3.9
1.34
3.9
4.78
4.37
4.53
3.35
3.81
1.75
3.83
3.02
4.99
1.88
1.7
3.11
4.21
0.44
2.18
3.95
0.4
1.09
4.05
4.38
4.12
0.99
0.48
4.52
4.53
3.6
0.98
4.34
2.06
4.77
3.92
4.9
1.15
0.18
1.87
4.67
0.24
2.95
4.89
2.54
3.99
4.24
2.05
2.86
0.96
1.11
4.82
3.15
1.33
0.83
4.38
1.51
3.05
2.93
4.13
2.43
4.7
1.14
0.44
3.18
2.5
2.12
2.85
3.68
2.48
3.48
3.16
4.27
1.5
3.02
4.37
0.33
3.79
1.96
1.18
2.16
3.92
4.91
4.85
2
3.98
2.7
1.02
0.97
3.89
4.69
0.74
2.79
3.32
1.65
1.03
0.44
2.49
2.1
1.49
4.75
4.87
0.07
2.66
4.13
4.54
2.87
3.46
1.39
1.7
1.14
1.27
0.79
2.39
2.57
2.72
0.97
4.32
4.2
1.77
2.91
0.67
2.45
2.54
4.1
0.29
4.38
0.78
3.82
