3
3.09
4.72
0.52
4.34
0.49
2.87
1.38
1.61
1.03
1.91
0.26
2.52
3.41
0.67
2.77
4.55
2.5
3.13
0.82
1.27
2.95
1.74
0.92
1.98
1.63
3.8
4.8
2.02
4.07
1.25
1.88
0.91
3.17
4.22
1.02
4.28
3.22
4.91
3.36
4.12
2.42
3.58
3.25
4.96
2.21
3.32
4.96
1
1.3
3.17
3.67
1.03
1.73
2.49
1.62
0.59
1.76
4.49
2.36
4.5
4.16
1.48
1.5
2.89
0.27
4.85
3.45
3.9
3.24
4.59
2.27
3.54
1.93
3.15
4.31
0.38
0.72
1.43
0.67
4.56
2.56
3.37
3.64
0.06
1.43
1.55
4.35
1.26
1.44
3.95
3.6
1.99
2.46
2.76
2.22
3.18
1.28
0.87
0.03
2.76
1.59
3.12
0.46
4.57
3.81
4.25
2.82
0.58
2.16
3.01
0.25
4.91
1.29
1.31
0.44
3.14
1.8
3.79
4.25
2.38
1.1
2.9
1.86
3.52
3.43
3.92
3.27
1.87
4.56
3.54
4.52
3.58
4.09
4.44
2.62
4.08
2.1
1.9
1.39
0.36
0.53
0.53
3.18
2.04
4.38
2.06
4.66
3.96
2.3
4.16
0.97
1.85
1.35
3.01
1.57
3.07
4.14
3.05
1.68
2.27
2.55
4.76
3.98
4.48
1.97
3.53
3.68
3.74
2.73
2.56
1.02
2.66
1.74
0.44
4.61
3.6
1.07
4.32
3.11
3.06
4.63
0.87
2.2
1.12
4.51
1.15
1.28
1.39
4.41
3.31
1.59
1.8
1.11
4.11
2.27
4.9
2.95
2.16
2.95
4.8
3.29
1.39
4.21
0.5
4.52
3.02
0.8
4.05
0.13
3.83
2.08
3.64
3.61
4.17
4.83
4.79
4.54
1.65
0.73
0.05
4.37
2.73
4.78
1.82
4.35
4.47
3.83
2.25
4.86
4.9
4.02
2.9
2.48
4.29
4.2
2.56
0.4
1.22
3.91
4.32
0.28
0.56
2.12
2.09
3.38
3.8
2.38
3.36
1.39
4.13
2.1
0.94
4.93
3.83
4.9
5
2.51
3.39
1.53
0.76
0.04
4.07
1.57
1.32
0.46
2.42
3.05
0.48
4.21
1.54
2.29
1.86
3.39
3.98
0.41
1.7
4.91
2.82
1.66
2.85
1.9
4.05
1.01
0.4
4.5
3.68
2.17
0.45
3.63
2.38
1.03
0.7
2.65
1.58
1.02
3.96
0.56
4.64
1.43
4.82
3.99
4.82
4.42
4.55
3.6
2.35
2.64
1.36
3.22
4.41
3.2
0.52
3.49
2.53
2.53
1.71
4.91
4.14
3.05
0.96
1.77
2.9
1.05
3.52
1.75
3.67
4.99
3.2
0.8
3.67
0.84
2.86
0.51
2.78
4.82
2.58
3.11
4.08
0.96
2.65
2.37
1.65
1.77
2.05
4.59
1.09
0.34
3.95
0.9
4.26
0.47
0.68
0.15
1.42
0.73
4.84
2.75
0.79
1.55
0.62
3.34
1.78
2.47
3.06
1.71
4.03
0.63
0.06
2.29
0.72
1.89
3.88
2.46
1.1
1.66
1.32
4.16
3.65
0.32
3.88
2.88
2.71
4.12
2.25
1.78
3.9
1.51
2.85
2.96
0.87
0.76
2.19
1.91
2.52
3.74
3.35
4.49
0.86
2.59
3.96
3.65
0.81
0.92
4.43
1.33
4.15
2.29
0.35
1.27
1.14
0.09
3.77
0.16
4.76
1.19
3.7
1.21
4.44
1.28
2.71
1.54
0.46
3.54
3.34
2.86
4.74
1.88
4.8
2.29
2
1.91
1.24
0.82
2.32
0.6
0.6
0.52
0.58
3.31
2.03
1.21
0.33
4.03
4.63
3.33
2.86
1.29
3.93
3.15
4.44
3.06
2.73
4.84
4.48
1.63
1.07
1.26
0.88
3.96
0.88
3.85
1.84
0.91
1.03
4.64
0.58
0.28
1.59
4.2
2.26
4.59
1.7
1.37
1.73
0.47
4.53
0.64
4.89
2.53
0.79
4.45
3.81
0.02
0.85
4.09
2.71
2.94
4.45
0.41
3.56
0.75
4.63
2.93
4.42
4.78
0.02
1.29
0.7
4.07
0.93
2.45
3.43
0.8
2.3
2.98
4.32
3.18
0.24
4.26
0.51
2.03
2.4
1.18
2.97
4.81
1.13
2.45
0.2
3.38
1.96
3.01
0.31
0.22
1.53
2.04
2.99
3.77
3.06
1.37
2.25
0.82
1.71
4.09
0.16
3.65
3.43
1.21
4.79
3.33
3.45
0.31
3.31
3.83
4.1
0.73
1.63
2.33
0.38
1.02
0.45
2.65
0.05
1.14
3.15
0.68
1.14
4.92
3.03
0.56
4.24
0.26
0.47
1.47
1.78
2.98
3.04
4.33
1.11
0.8
1.73
1.87
2.44
3.73
3.46
0.83
4.4
1.74
2.68
2.07
4.57
2.01
4.17
4.19
4.7
2
1.07
2.19
0.14
2.22
0.56
4.83
4.28
3.97
2.82
3.79
0.7
0.48
4.82
1.27
3.64
4.09
1.05
0.54
4.21
1.46
1.99
4.06
4.87
4.49
1.24
2.69
2.24
2.64
0.7
3.48
3.34
1.06
1.37
3.7
0.3
0.73
2.15
3.28
4.4
2.09
4.83
0.81
0.01
3.01
4.6
1.53
2.88
0.15
0.37
1.26
2.6
4.03
0.21
2.94
0.23
3.37
3.65
3.21
4.36
0.92
1.28
2.9
2.5
3.78
4.01
4.94
3.22
0.03
3.61
2.36
2.2
4.52
3.38
2.11
1.2
2.14
2.36
2
4.51
4.79
3.06
2.34
2.44
1.79
1.54
3.82
2.89
3.78
4.3
4.69
3.32
4.31
0.22
1.98
0.58
2.66
1.35
3.39
0.06
4.05
4.1
1.14
2.71
1.48
2.61
4.09
3.77
3.28
3.66
0.9
0.83
2.88
4.89
1.06
4.53
0.17
4.76
1.43
0.57
1.2
2.78
3.38
2.41
1.93
2.32
3.36
1.46
3
3.26
4
1.13
1.51
1.76
3.85
4.82
2.84
4.03
2.04
0.64
4.14
2.5
4.32
2.07
4.55
2.18
4.44
2.75
2.94
1.65
3.23
0.67
0.66
4.57
0.37
0.42
4.37
2.18
3.49
3.05
4.84
1.73
1.52
3.15
1.83
0.21
0.73
4.77
2.45
3.47
2.84
4.27
1.34
0.31
3.58
1.6
0.16
0.56
0.41
0.85
0.89
2.21
4.97
2.81
3.66
2.82
3.01
3.92
4.36
4.49
1.52
1.75
4.02
3.2
1.99
3.66
4.66
4.24
0.08
1.22
1.95
3.67
3.15
4.23
4.23
0.49
3.84
0.99
0.81
4.33
0.46
3.11
4.91
3.1
3.57
1.97
0.57
0.19
3.92
1.58
4.83
3.51
0.61
2.72
1.75
2.93
4.54
0.13
1.47
3.19
2.71
3.81
3.23
1.48
3.04
2.49
2.45
4.82
4.63
1.22
2.47
3.39
3.43
0.33
2.82
1.79
3.77
0.03
3.33
3.69
0.91
3.65
1.04
3.92
4.61
1.75
0.67
4.17
2.5
4.09
0.74
2.44
3.63
2.57
3.83
1.79
1.35
2.4
4.29
4.25
1.96
0.9
1.48
1.76
3.74
1.58
4.76
3.23
3.84
3.98
1.66
0.88
2.67
2.77
1.57
4.26
0.47
4.44
0.43
4.46
4.62
2.89
0.69
1.79
1.63
1.52
3.44
2.31
2.99
1.2
1.24
1.24
0.34
1.98
2.36
1
2.16
4.81
0.56
3.7
4.74
4.25
1.14
0.88
2.57
3.5
4.92
1.12
0.22
4.42
1.43
3.95
2.6
1.51
1.97
3.47
1.6
4.97
1.47
4.17
4.51
0.33
3.36
2.04
1.53
1.25
1.92
2.61
0.92
0.93
2.6
0.48
1.73
3.18
0.98
3.79
3.21
2.94
3.19
3.28
2.88
1.82
0.88
4.27
0.56
2.49
4.47
3.98
3.47
4.26
4.9
1.37
4.25
4.21
0.89
4.88
0.1
1.21
0.77
0.12
2.98
1.95
0.96
1.52
2.35
4.58
0.01
0.9
1.67
4.76
0.26
0.3
2.14
3.99
1.8
4.16
4.9
3.26
4.59
2.93
4.36
3.79
1.61
3.13
0.4
2.39
0.25
0.48
0.93
2.64
4.68
1.03
1.6
0.61
4.01
3.78
0.67
1.61
0.33
2.23
3.58
4.9
4.61
0.22
1.88
2.41
2.56
4.38
2.43
4.39
0.59
3.33
4.94
2.08
4.64
3.81
2.13
1.7
2.33
4.35
3.91
3.32
1.8
4.17
0.98
0.14
1.62
3.36
1.44
3.58
2.41
1.8
1.28
4
1.11
1.56
0.06
2.1
1.2
4.88
3.76
2.44
2.06
4.54
1.36
4.99
0.15
1.72
4.51
2.25
1.13
1.06
1.23
0.35
4.14
4.7
1.58
0.24
0.34
3.9
3.12
2.73
0.01
1.4
3.86
1.25
4.67
3.24
2.56
2.4
4.64
1.06
1.5
3.19
3.47
0.75
4.42
3.73
2.99
0.01
4.08
1.01
4.42
1.77
3.69
0.87
1.83
4.45
1.3
4.69
3.32
3.88
4.69
1
2.21
1.93
1.97
0.03
2.36
2.5
1.91
4.14
3.61
4.22
1.42
0.62
0.55
2.4
3
1.91
0.86
3.97
2.04
1.29
0.65
1.65
1.24
1.13
1.05
2.76
2.5
1.07
4.46
1.75
4.84
0.38
0.04
3.02
2.51
4.42
3.99
4.57
0.32
4.95
3.85
1.12
4.2
4.33
0.43
2.62
3
4.27
3.33
0.36
1.71
3.59
1.12
4.84
3.46
4.64
4.07
4.84
1.91
2.17
0.25
0.4
0.53
3.74
3.82
1.88
2.67
2
0.9
2.74
4.35
4.92
3.76
0.79
3.05
1.21
1.17
3.32
3.33
4.47
2.75
1.78
0.39
0.46
3.69
4.94
1
2.98
1.01
4.75
0.13
4.86
2.94
0.83
0.99
2.34
0.8
2.77
2.36
0.3
4.52
0.82
3.57
4.04
3.59
4.77
4.52
2.93
0.66
0.28
4.5
3.94
0.54
1.52
1.04
0.8
3.84
2.27
0.91
3.48
0.05
0.01
3.52
2.56
4.66
3.52
1.39
1.43
1.57
0.57
1.45
3.05
0.92
1.65
2.93
4.7
0.13
4.95
2.78
4.44
0.83
1.61
2.31
2.39
4.12
0.88
4.85
3.03
0.46
2.94
0.24
3.45
3.18
2.46
0.94
0.86
0.03
2.35
4.31
4.24
3.88
0.25
3.79
0.6
4.03
2.32
0.06
2.24
0.95
1.47
1.41
4.02
0.77
3.9
1.67
4.91
0.45
1.64
2.7
4.83
2.27
4.83
3.54
4.8
0.4
0.83
3.4
4.56
0.16
1.97
3.85
4.12
2.99
2.69
2.52
2.93
4.58
4.06
1.69
0.14
2.26
2.39
0.72
4.34
1.11
3.22
4.11
1.73
2.78
3.14
0.53
3.94
1.45
3.96
1.82
4.27
2.36
1.08
4.21
3.82
0.78
1.77
4.43
3.85
1.83
1.48
0.36
3.4
3.55
2.22
4.07
2.51
0.86
1.96
4
0.69
4.78
4.92
0.94
0.59
0.75
0.57
3.52
4.56
3.73
2.99
4.38
2.77
4.85
3.36
2.63
3.36
4.61
2.86
3.06
2
0.32
2.11
3.73
1.29
3.76
0.68
1.18
3.98
0.16
1.42
1.53
1.78
2.48
4.04
2.58
3.24
0.92
1.45
2.2
3.65
3.77
1.64
0.93
1.36
0.79
0.49
4.98
4.91
3.98
0.8
0.5
2.95
4.96
2.41
2.02
1.54
2.7
0.9
1.39
3.2
0.17
2.7
1.03
2.11
2.6
2.88
2.28
2.23
1.13
3.85
1.57
4.34
0.85
2.28
2.28
1.29
3.24
2.44
4.08
0.84
2.45
0.92
1.72
3.56
2.5
1.19
1.71
1.92
3.73
0.09
0.5
1.93
2.28
4.61
2.36
0.4
0.19
2.28
3.72
0.55
3.13
4.85
2.52
2.08
4.81
0.56
0.37
1.81
0.49
0.86
4.58
0.41
1.57
4.48
0.47
4.15
3.28
4.44
4.71
4.47
2.83
4.78
3.87
1.2
4.34
1.26
0.67
4.78
4.81
4.29
3.65
3.92
1.01
1.83
0.26
0.49
0.24
4.6
0.69
3.04
2.85
1.86
3.35
4.29
2.43
4.15
0.17
3.64
3.88
2.97
0.82
4.26
4.14
4.13
0.89
0.45
3.64
3.42
4.67
1.25
3.13
4.93
2.98
1.96
4.11
0.45
3.3
0.12
0.86
4.29
1.38
1.38
0.45
4.78
0.7
4.28
3.33
2.5
1.44
4.12
4.15
1.69
0.7
3.29
4.84
0.6
2.88
0.6
4.01
3.65
4.81
2.44
0.73
0.21
0.28
1.72
3.7
0.42
4.21
2.19
3.18
4.78
0.99
2.96
2.31
1.58
3.09
2.58
3.9
0.25
3.01
3.46
1.67
0.15
3.24
2.27
2.15
0.96
4.4
4.14
4.6
4.5
4.03
3.4
0.31
4.15
3.98
1.28
4.7
1.14
3.57
2.57
2.19
4.5
1.06
1.16
4.18
0.23
4.92
0.63
0.63
1.64
1.75
1.55
4.48
3.55
0.18
2.81
0.87
2.52
2.5
1.69
2.57
1.25
4.87
3.78
1.79
0.86
1.78
3.95
0.93
0.07
3.11
4.66
3.28
3.11
2.99
2.47
0.38
4.25
3.33
3.44
1.18
0.83
2.4
2.92
2.77
1.57
3.41
4.49
3.98
4.31
3.67
0.41
0.46
2.44
0.61
1.53
4.65
3.58
1.99
1.76
3.03
2.43
1.23
1.86
1.46
0.2
4.42
2.7
2.53
0.49
3
3.67
4.46
1.43
0.43
0.75
4.19
2.3
0.12
0.38
3.73
2.22
3.67
3.75
3.71
1.07
0.84
2.41
2.59
2.9
2.76
3.81
4.52
0.89
0.35
2.82
0.29
2.87
0.53
0.22
2.57
0.4
0.8
0.08
0.49
4.28
1.04
2.16
2.25
0.21
4.82
1.98
3
2.41
4.44
1.65
4.09
4.08
1.26
4.83
4.75
2.2
0.68
2.44
1.55
3.96
2.11
4.34
2.2
3.96
4.45
3.99
1.05
4.34
1.3
4.69
1.79
2.06
3.94
0.29
0.23
3.75
3.57
3.95
2.32
3.43
3.36
0.19
1.3
1.33
4.95
2.65
1.93
3.95
3.3
1.95
4.26
2.25
0.01
2.94
0.58
2.99
3.57
4.2
1.15
0.71
0.76
4.96
4.16
2.71
4.77
0.88
0.48
2.93
4.98
1.65
0.56
0.25
3.7
2.95
1.86
4.24
3.98
0.45
2.39
1.57
2.23
3.03
4.57
3.14
1.75
1.36
1.62
4.04
4.17
3.41
0.75
3.63
1.87
0.05
2.83
1.61
4.97
3.42
3.42
3.6
0.05
2.7
3.26
4.56
0.73
0.63
4.21
1.23
2.46
4.9
1.82
3.75
4.13
4.04
4.21
4.29
2.69
0.15
0.87
2.11
3.63
2.24
2.41
0.65
3.78
4.4
3.12
3.88
1.4
2.84
4.84
4.66
3.25
0.28
3.4
2.3
1.87
1.92
2.88
0.47
0.64
3.98
4.22
1.6
2.72
2.55
3.11
3.68
4.11
1.35
4.12
1.47
3.37
2.45
3.62
4.11
2.17
1.32
3.08
4.81
2.59
1.79
3.47
2.8
1.79
4.38
3.87
0.65
0.11
4.63
0.94
4.34
4.35
2.2
3.93
3.84
3.31
0.62
3.73
3.59
3.82
3.26
4.84
3.51
4.67
4.04
4.55
0.55
0.21
0.32
3.9
1.84
2.12
0.69
4.08
4.57
4.04
3.33
2.09
3.34
2.94
1.99
4.49
0.45
1.25
3.11
1.6
0.52
2.55
4.92
3.84
0.74
4.2
3.33
1.49
3.97
3.01
0.81
3.08
2.12
2.78
3.07
3.2
3.88
2.25
0.77
4.25
4.2
2.85
2.04
1.24
4.4
3.02
0.86
1.47
3.27
4.41
3.15
1.31
1.01
2.13
0.29
1.05
0.12
1.87
3.81
4.16
0.74
1.66
1.51
3.15
0.67
3.01
0.07
0.97
4.85
3.49
0.12
1.06
3.21
1.69
4.19
0.46
3.97
0.15
0.84
4.49
1.64
2.27
3.42
2.49
4.66
4.08
2.3
3.54
3.71
3.24
1.95
0.36
0.13
1.73
1.72
0.18
1.11
3.37
0.67
3.53
2
2.01
1.15
4.05
4.8
4
4.42
1.28
1.29
2.14
3.27
2.65
1.92
2.78
4.02
2.72
4.2
4.08
2.33
0.31
2.07
1.77
4.32
1.89
2.58
0.48
2.01
3.28
2.82
0.21
2.19
1
3.6
0.12
1.94
0.27
3.75
0.52
4.7
3.36
2.28
0.96
2.61
0.9
4.6
3.87
4.19
2.57
4.26
3.47
2.5
4.97
3.53
3.42
3.72
4.99
3.99
0.42
3.94
2.83
1.85
3.37
1.03
4.61
1.94
2.32
0.89
1.65
3.87
1.95
0.43
1.1
1.19
4.59
1.25
4.53
3.61
1.86
3.62
0.35
4.86
0.3
0.44
1.22
3.64
2.91
2.8
2.56
1.43
3.09
1.81
1.3
1.2
2.93
3.52
2.38
1.7
2.74
4.36
4.8
4.96
3.9
4.43
2.8
0.23
2.37
0.61
3.23
1.9
4.3
4.34
3.84
0.83
2.22
4.26
4.25
1.42
3.83
4.45
2.23
2.56
4.79
1.4
1.31
1.96
4.32
0.3
0.67
2.1
0.82
4.95
3.5
0.53
1.15
0.46
1.83
1.59
3.14
4.74
1.84
1.03
3.69
4.13
3.26
4.35
4
1.54
0.67
4.44
2.89
1.53
0.55
4.58
3.33
3.95
3.67
1.42
2.67
3.66
3.58
4.47
4.45
3.09
1
1.82
2.32
1.07
3.44
4.28
2.39
1.07
4.73
3.5
1.72
2.99
0.49
4.79
0.07
0.21
2.93
2.38
2.35
2.99
4.58
4.43
4.9
2.03
2.38
0.03
3.27
2.04
0.96
2.74
0.03
4.83
2.9
3.82
4.81
4.57
3.49
2.84
0.92
4.23
3.35
0.53
0.1
1.93
0.29
0.07
3.89
3.77
0.63
0.4
2.26
0.06
3.32
2.05
3.18
4.16
4.43
1.22
0.61
2.57
4.3
1.19
1.23
4.05
3.5
2.95
3.56
0.86
0.58
0.5
2.64
4.56
4.32
2.06
3.55
0.88
0.06
0.07
3.76
4.72
2.18
1.73
1.4
4.8
0.76
1.76
2.49
2.6
4.49
4.43
1.91
3.07
3.61
0.42
3.82
2.09
1.03
3.03
2.89
2.69
3.11
3.32
4.29
3.58
1.25
3.07
1.99
2.74
0.09
4.49
2.51
2.87
3.26
1.46
4.74
3.66
2.38
4.01
2.22
1.16
4.42
2.17
1.71
0.23
1.39
2.27
3.31
2.27
1.69
2.76
2.33
4.49
1.37
0.61
1.71
3.76
4.69
4.56
0.05
1.26
3.02
1.75
0.89
2.67
0.69
2.96
3
0.5
4.75
0.62
0.74
1.11
0.47
2.69
1.92
0.37
4.06
2.22
4.71
4.15
3.19
1.27
0.59
3.91
0.49
2.96
1.22
3.23
4.7
3.72
0.65
1.64
2.23
3.93
1.78
4.73
2.84
0.82
0.21
0.58
3.74
0.81
0.06
1
3.37
3.74
0.99
2.77
2.13
3.69
1.89
0.47
2.68
0.59
3.55
1.98
0.72
2.35
4.97
2.11
2.57
0.8
0.99
0.28
1.75
4.22
3.92
2.84
0.91
1.47
0.79
1.52
3.58
2.65
2.32
0.59
1.56
4.02
1.2
2.63
4.44
3.01
1.17
3.92
1.94
4.73
0.31
3.39
1.01
2.73
1.11
2.65
0.58
0.11
1.75
4.35
3.74
1.19
4.13
3.62
4.37
1.7
0.26
0.02
1.48
3.99
4.38
2
0.63
2.13
1.77
2.8
3.68
2.83
1.64
0.46
1.79
3.56
1.58
4.94
3.68
4.6
1.04
3.22
4.97
0.8
2.88
3.05
0.63
1.45
2.47
3.35
4.28
1.45
2.77
4.7
3.19
3.91
0.24
3
0.19
4.22
0.49
3.32
3.37
2.08
4.11
4.59
0.57
2.81
0.43
2.96
0.19
0.4
2.11
2.03
3.72
3.64
4.89
1.83
2.28
0.83
0.42
1.85
0.18
2.22
0.9
3.22
4.28
1.86
1.21
1.73
2.24
4.61
1.05
4.4
3.82
3.7
0.15
1.37
2.3
2.63
1.61
3.93
4.14
0.21
3.92
1.74
4.83
3.83
4.43
2.85
4.02
0.87
2.16
0.05
4.95
1.17
0.2
0.61
2.74
3.99
2.62
0.16
4.12
0.07
0.54
4.82
1.95
4.22
4.85
0.01
0.65
1.15
1.62
4.22
4.09
2.86
2.65
0.66
2.75
4.06
4.52
4.31
3.49
1.99
1.95
4.03
4.13
0.54
2.47
2.02
1.09
0.61
3.82
5
0.04
0.22
4.44
4.12
0.79
1
0.93
2.13
0.76
0.08
2.94
