2.79
0.91
3.94
2.1
4.7
1.37
2.17
0.06
2.61
4.98
1.05
4.01
0.75
0.22
2.95
3.69
4.03
4.32
2.88
1.52
1.16
4.88
4.69
3.91
1.21
1.87
1.72
2.09
3.47
2.18
1.29
2.52
2.91
1.05
3.65
1.32
2.99
0.31
0.61
2.51
3.91
4.6
0.47
0.61
0.16
1.89
0.64
4.23
2.23
2.39
4.38
4.76
4.22
4.01
2.19
3.33
3.16
0.7
0.15
0.11
2.93
1.87
0.17
4.36
3.63
3.73
0.78
0.58
1.03
4.1
2.91
2.13
0.12
4.27
2.51
1.34
3.27
4.27
3.03
0.09
4.24
3.46
4.46
0.88
4.63
0.92
3.76
0.53
1.59
2.41
4.98
3.54
4.23
0.12
0.92
4.42
2.92
1.24
0.19
2.94
3.97
2.16
3.34
1.43
3.72
4.82
0.15
1.3
0.59
1.73
4.67
4.97
0.08
4.12
1.21
4.2
2.41
3.4
3.8
2.08
0.69
3.1
4.05
0.05
4.61
3.54
3.33
3.27
4.04
0.73
1.7
0.91
0.28
2.87
0.94
4.19
2.12
3.35
2.91
3.96
3.39
4.2
0.85
2.39
1.29
1.42
4.47
0.47
2.74
2.35
3.83
0.97
2.68
0.93
0.59
2.72
1.75
1.03
1.99
1.74
4.59
1.71
0.76
4.44
4.96
1.78
1.27
2.53
3.08
3.55
0.09
0.97
3.88
1.59
3.71
0.78
3.32
2.2
2.33
0.56
1.32
2.82
3.91
3.6
2.09
0.07
2.2
2.1
4.13
0.92
0.07
4.92
0.87
3.12
0.11
4.39
1.08
1.63
1.82
0.68
0.96
1.86
1.49
3.65
0.46
1.51
0.91
2.65
4.71
0.96
0.37
0.61
0.45
3.18
0.71
4.2
2.22
2.62
1.18
1.76
4.73
2.94
1.35
0.15
1.31
2.07
1.31
3.45
1.4
1.31
0.33
1.47
3.99
1.81
2.57
0.24
3.68
4.39
0.03
4.27
4.46
4.01
0.53
2.9
3.75
1.19
3.83
1.64
3.63
3.34
2.31
3.84
4.33
1.18
2.58
4.37
4.66
4.05
3.15
4.55
4.62
2.8
2.58
1.4
1.53
0.06
3.24
4.91
3.42
1.15
4.9
4.88
3.99
0.04
0.48
2.02
1.34
0.6
0.61
3.24
3.15
1.23
0.09
0.55
2.95
4.98
4.83
0.86
2.16
3.16
1.85
2.71
3.26
0.39
4.73
4.82
4.37
3.25
3.45
4.72
4.74
1.67
1.73
3.91
1.32
2.11
3.87
4.73
2.37
2.29
0.97
1.67
4.4
0.92
3.07
3.49
2.22
2.04
2.73
0.51
0.51
4.99
2.95
1.81
4.82
1.97
2.47
1.6
3.08
1.26
3.96
1.59
1.31
0.09
0.4
1.18
1.59
3.46
0.41
0.62
4.49
1.92
4.66
1.03
0.85
1.55
2.09
4.12
4.57
0.85
4.53
4.8
3.1
3.73
1.82
0.81
4.21
2.55
2.48
3.86
3.98
1.83
4.1
0.95
3.56
2.82
0.81
0.29
0.63
0.24
4.18
2.52
2.11
2.5
2.09
1.18
1.31
2.67
3.27
1.72
4.16
0.87
3.39
2.04
1.52
0.12
4.05
1.85
0.26
1.57
1.63
3.67
0.82
0.9
4.89
0.65
4.38
2.75
3.92
2.83
3.12
0.81
4.62
4.48
4.48
1.22
1.49
2.17
3.45
4.99
4.12
0.3
3.18
0.4
4.11
2.75
4.32
3.22
3.33
1.9
0.12
1.84
2.2
0.28
0.74
1.61
1.49
2.36
0.87
2.13
0.56
3.84
2.23
2.84
2.78
4.16
1.35
1.55
1.1
0.46
3.53
2.48
3.51
1.46
1.96
2.14
3.55
0.29
4.4
3.21
4.82
4.18
1.76
1.07
1.03
2.73
2.26
1.96
2.98
1.98
2.35
3.22
0.83
0.82
0.89
4.29
4.78
2.84
1.44
1.53
3.36
1.73
0.89
2.27
3.7
3.94
4.52
0.78
1.06
2.6
1.85
4.23
3.03
3.12
3.67
0.42
3.31
4.38
1.76
2.81
2.95
3.21
4.7
2.26
1.83
1.61
4.17
1.41
2.25
2.3
0.95
2
0.83
0.97
3.36
1.03
1.42
3.07
4.17
4.34
2.62
2.17
4.55
4.76
1.76
0.88
4.34
4.37
0.73
3.56
3.78
2.35
1.92
3.19
4.03
4.84
2.87
1.57
2.69
0.44
0.91
1.2
0.78
1.99
0.12
4.62
2.23
1.83
0.78
3.5
1.55
3.33
1.35
1.45
3.48
4.03
1.87
2.48
1.82
1.23
0.19
0.55
3.14
0.69
3.93
0.29
4.71
4.48
0.02
0.4
1.02
2.9
3.06
2.09
1.3
1.16
4.35
1.19
1.71
4.62
0.18
1.43
2.77
0.6
2.61
4.73
3.05
3.83
4.97
0.25
2.85
2.23
3.96
4.09
2
2.3
3.58
4.02
3.71
2.94
2.76
1.61
2.83
3.16
4.52
4.73
1.92
3.5
4.74
2.68
2.37
4.94
1.92
2.35
4.04
1.42
2.56
1.14
2.81
3.38
3.3
2.7
3.54
3.71
0.53
2.06
0.71
2.11
1.36
0.7
1.19
1.51
3.43
1
2.7
2.36
3.78
1.77
4.54
4.84
4.12
2.88
3.29
4.64
2.15
3
1.72
0.58
2.49
1.83
0.1
0.55
1.47
2.8
4.61
1.75
4.25
4.36
0.96
3.64
1.25
4.35
2.91
2.77
4.23
3.25
3.49
4.15
3.27
2.9
0.33
4.43
0.01
3.09
1.64
1.74
3.94
3.54
1.16
4.99
0.6
3.44
1.6
4.61
0.76
1.21
2.92
4.85
0.63
3.73
3.08
3.53
3.77
4.18
2.55
3.37
2.97
0.68
3.22
2.08
0.89
2.17
1.99
3.5
1.54
4.88
3.13
0.12
1.31
1.77
2.54
3.74
1.22
1.55
3.22
2.28
4.66
2.32
0.72
4.53
2.83
2.84
4.37
3
4.53
4.05
2.92
2.21
1.17
3.36
1.65
3.85
0.78
0.5
0.52
4.37
2.83
3.88
4.2
4.61
2.61
2.05
1.13
4.82
4.02
0.69
4.11
2.77
3.26
2.9
4.84
3.05
1.97
4.98
3
2.84
0.94
3.95
2.35
4.72
4.86
0.65
0.99
0.68
3.74
4.55
3.53
0.83
2.66
2.66
4.01
2.38
2.94
2.47
0.29
0.61
0.1
2.74
0.96
3.36
3.72
1.58
0.69
4.38
0.31
1.6
2.62
3.54
0.52
4.15
4.86
0.02
3.12
1.66
3.02
2.17
4.95
3.74
2.44
0.81
2.63
2.98
1.46
3.75
3.38
0.64
3.73
4.12
4.41
2.31
0.23
1.12
4.58
2.1
1.98
4.22
4.29
3.19
2.12
1.78
1.02
3.67
3.99
3.53
3.5
4.47
1.09
3.55
4.74
0.74
1.95
1.38
1.31
3.75
0.23
2.72
4.01
4.68
2.6
2.61
1.68
4.64
3.3
1.66
0.76
2.46
2.88
4.7
4.88
2.62
1.81
4.81
1.3
4.77
3.65
1.55
3.4
1.12
2.44
1.69
3.6
4.56
1.79
2.06
3.88
2.62
1.78
0.47
2.08
0.53
0.93
1.33
3.49
2.5
3.89
4.03
0.61
2.63
4.46
0.29
3.75
0.32
4.43
3.45
2.76
2.35
4.42
1.1
0.92
3.27
3.7
3.21
1.75
3.27
4.92
0.48
2.51
3.92
2.15
1.18
0.21
1.54
3.04
2.19
1.77
1.14
0.72
0.54
4.89
4.44
2.86
1.27
0.51
2
0.59
2.32
2.13
1.01
0.81
3
1.73
0.1
4.95
4.45
3.82
0.83
2.94
2.08
0.6
3.04
0.26
2.38
2.06
3.48
1.78
2.31
2.57
3.62
0.85
1.91
4.08
1.17
0.62
0.3
0.9
3.59
2.83
0.59
1.03
3.52
2.37
1.96
4.88
1.94
0.98
4.45
0.29
3.07
1.46
4.91
1.88
3.64
1.88
0.78
0.7
4.83
3.02
1.28
0.62
3.36
3.25
1.82
2.27
3.96
3.54
3.86
4.31
4.06
2
4.59
4.22
0.24
0.85
1.34
2.21
2.51
0.66
4.43
4.85
0.66
1.72
1.8
4.45
2.08
4.04
2.06
0.37
0.81
1.56
0.7
2.27
3.76
2.18
2.65
1.08
0.89
1.43
3.89
3.55
0.15
4.6
0.38
3.46
3.32
0.38
3.4
2.28
3.38
4.66
2.17
0.26
0.57
0.6
2.39
2.79
0.06
2.29
4.66
4.62
4.62
0.72
1.42
4.47
0.07
0.62
4.8
0.19
3.67
4.2
3.96
3.56
0.53
0.25
2.37
0.33
3.71
0.73
4.84
3.22
1.84
2.29
2.34
3.21
4.4
3.82
0.72
0.39
4.1
2.09
3.04
4.22
1.38
2.21
1.95
4.15
1.95
4.1
4.38
3.59
1.37
0.09
1.63
2.57
4.73
3.97
3.19
2.53
3.29
0.52
0.79
4.92
4.16
2.41
2.4
2.51
1.99
2.29
1.43
4.34
3.58
1.58
4.96
0.03
2.02
1.7
4.59
1.65
2.98
2.26
0.76
1.44
3.1
0.3
1.72
2.28
3.65
4.76
2.08
0.99
0.87
2.63
4.04
4.2
1.65
0.5
2.68
4.76
0.89
2.12
2.48
3.19
0.1
2.75
0.98
0.36
1.01
2.31
2.98
2.72
3.67
1.6
3.5
0.14
0.55
1.45
3.18
1.8
1.68
1.25
4.21
1.84
3.13
0.62
3.2
0.6
0.07
2.01
4.81
0.46
0.72
3.98
4.77
1.73
4.94
0.61
3.38
2.35
0.85
3.37
2.08
4.92
2.27
1.35
2.17
2.94
2.99
4.72
4.24
2.06
2.56
1.49
1.83
0.19
0.94
4.73
1.33
3.75
0.89
1.1
0.28
1.97
1.62
0.44
2.03
4.89
4.56
1.72
4.85
3.78
0.3
3.52
4.29
4.01
3.91
0.68
2.22
0.37
4.22
4.72
1.13
2.29
4.99
3.02
0.89
1.52
3.83
0.62
4.85
0.17
3.22
1.96
2.57
4.8
2.35
0.67
2.53
2.21
1.41
0.23
2.13
0.71
4.19
1.06
0.94
4.08
3.07
3.63
2.97
2.64
3.96
3.57
4.93
2.35
3.56
0.82
4.58
1.53
1.29
0.91
2.94
0.65
1.63
0.39
4.23
3.57
3.45
1.65
0.58
4.4
3.29
1.57
1.13
1.04
2.52
4.69
1.29
3.24
0.5
0.65
2.36
2.87
3.23
0.96
0.25
0.57
4.31
1.39
0.36
0.11
2.72
1.51
5
3.57
0.48
3.6
2.2
4.59
3.79
1.53
2.2
4.77
4.35
3.27
4.83
0.62
1.78
1.5
3.58
4
4.43
3.26
3.28
3.47
0.22
2.1
0.6
2.72
0.5
2.83
2.7
4.68
1.35
0.82
3.32
3.53
2.95
1.7
4.09
0.02
1.65
1.87
4.91
3.28
0.83
4.24
0.44
4.8
0.75
4.28
2.12
3.67
4.28
0.17
0.13
0.81
3.7
0.63
4.12
1.43
2.41
4.89
2.63
4.94
0.25
3.09
0.23
4.68
0.61
1
1.9
1.86
4.81
0.88
4.71
1.7
1.54
1.58
1.39
3.86
2.71
0.6
4.33
4.41
0.53
1.42
0.61
0.96
0.1
3.5
2.84
4.86
1.98
3.73
4.18
0.3
3.29
4.04
0.8
2.2
4.27
4.33
2.99
1.17
1.74
4.53
3.57
2.17
3.75
2.05
2
1.29
1.98
1.27
1.3
0.53
1.41
0.61
0.87
1.3
1.84
3.9
4.23
3.73
1.25
3.27
3.93
1.64
2.14
1.86
4.57
1.99
3.89
1.77
1.57
1.06
0.74
1.25
1.23
1.77
3.52
0.82
1.11
1.38
0.89
3.55
2.54
2.02
0.33
4.81
4.73
3.12
2.79
3.62
2.24
0.64
4.95
3.94
3.66
4.46
4.96
4.44
0.29
2.08
2.65
0.04
4.37
2.92
2.49
0.84
3.61
0.93
2.69
2.36
4.07
2.42
2.35
1.35
3.67
1.64
3.88
4.66
0.67
3.06
4.79
1.39
2.2
2.02
2.21
4.7
4.83
3.94
2.03
2.43
3.72
3.56
3.78
1.59
4.12
0.43
2.94
3.05
2.89
2.97
0.01
1.25
2.99
0.67
2.96
0.84
1.34
2.68
2.24
3
3.37
0.68
0.32
4.12
2.35
3.63
3.19
4.53
4.57
3.58
4.78
3.98
0.36
3.19
4.78
1.35
2.42
4.76
2.15
2.57
1.49
4.75
0.92
3.6
4.69
4.21
3.81
4.95
2.74
3.26
2.07
0.82
2.61
3.15
1.48
2.75
4.89
3.61
0.22
1.94
0.11
0.93
3.12
1.81
4.86
1.17
0.34
2.66
4.45
1.49
1.09
1.7
2.12
0.28
4.42
1.53
2.04
1.43
1.66
4.15
0.36
2.81
2.93
1.42
2.72
0.26
0.95
3.25
3.9
0.69
0.36
0.88
3.99
1.87
2.51
4.65
1.07
4.16
3.59
3.03
3.48
4.95
1.39
4.47
0.46
2.25
0.57
3.5
3.28
0.51
1.05
0.66
1.96
3.42
4.47
1.68
2.54
0.43
2.02
1.65
3.76
4.18
1.19
2.07
1.62
3.53
4.59
2.06
1.94
3.8
2.92
4.9
1.91
1.5
2.52
2.96
2.18
2.38
1.22
0.8
3.55
0.05
1.83
1.31
0.85
2.92
4.63
2.41
2.18
3.85
3.94
0.14
3.85
1.08
1.35
3.04
0.65
1.69
1.75
4.13
1.71
2
0.97
3.11
2.64
3.07
2.09
4.67
1.9
0.36
2.31
1.38
1.19
1.79
4.43
3.19
3.44
1.22
4.93
2.89
3.78
4.84
3.68
3.87
1.79
0.23
0.22
3.35
3.85
3.49
1.01
4.73
3.73
3.6
1.59
3.28
2.04
1.8
4.34
1.34
3.89
4.73
1.67
0.46
4.81
0.82
4.69
3.57
3.4
4.88
4.61
4.94
2.4
3.58
1.74
1.17
2.5
0.05
3.43
2.88
0.63
3.41
0.36
3.58
2.77
3.79
3.94
1.15
1.07
4.62
1.99
2.61
0.31
3.43
3.37
4.85
2.85
2.74
3.4
0.58
4.55
4.09
1.75
4.01
0.43
2.99
2.54
0.42
1.86
1.11
3.27
1.42
4.47
3.34
0.1
4.4
3.37
3.64
3.33
0.94
2.02
1.32
1.65
3.39
3.86
3.96
2
1.85
2.83
0.05
0.17
4.28
0.28
0.94
0.98
2.36
4.26
4.2
0.11
2.98
4.89
0.87
0.3
2.2
0.89
3.37
0.82
4.52
1.6
3.63
4.82
1.02
2.7
0.15
0.69
1.26
1.96
0.87
2.43
2.85
0.53
2.42
0.22
2.91
3.02
4.64
1.77
0.5
0.73
2.82
3.89
1.5
2.94
0.29
3.5
2.76
2.58
3.54
4.52
4.88
2.39
3.26
3.46
1.59
0.59
2.64
3.57
3.38
2.96
4.25
3.76
2.28
0.72
4.01
1.03
3.38
0.49
3.62
3.67
0.98
4.66
3.15
2.12
4.15
1.85
2.04
0.05
4.2
1.68
2.73
1.15
1.02
1.92
4.12
4.47
1.6
1.15
1.64
1.06
4.57
4.64
0.1
1.13
3.72
2.76
3.64
4.45
3.91
1.26
3.35
2.92
4.43
0.91
4.71
4.69
2.08
4.39
1.44
2.5
0.26
4.41
3.7
1.35
3.42
4.13
0.64
0.37
3.93
4.38
4.83
0.45
1.56
4.21
0.32
3.95
0.18
2.81
0.6
0.1
1.65
0.08
2.51
2.65
2.42
3.13
4.5
0.96
4.83
0.33
3
0.08
1.55
1.4
1.86
2.35
2.6
2.01
1.14
4.34
0.95
0.17
4.04
2.13
1.86
1
3.43
1.22
3.89
1.83
0.62
2.35
1.04
1.93
1.95
0.5
3.74
1.3
0.63
4.25
1.05
3.07
1.31
3.92
2.95
0.04
4.98
3.45
2.22
2.16
0.15
1.62
0.63
0.28
1.14
0.6
3.93
2.9
0.68
3.41
3.94
0.61
1.17
1.27
0.58
1.66
2.6
3.88
1.64
3.31
0.57
2.39
2.46
1.6
2.68
2.95
1.58
2.29
3.6
0.39
0.98
3.2
2.2
3.43
4.28
2.27
3.92
2.61
2.25
2.09
4.49
4.33
1.45
3.39
2.53
3.4
2.38
0.16
2.75
3.21
3.72
3.58
0.79
4.66
4.59
4.26
0.86
1.66
2.82
0.82
4.77
3.84
1.35
3.93
1.15
0.71
0.73
0.96
2.4
1.03
0.98
1.48
4.36
2.08
4.15
2.06
2.26
3.82
0.25
3.08
3.13
3.24
1.06
2.69
4.39
1.66
3.64
3.37
4.54
3.89
1.13
1.98
3.78
4.42
0.01
3.56
2.9
3.12
4.43
2.45
4.32
4.2
1.67
1.1
4.84
3.36
4.71
1.51
4.97
0.52
2.71
4.34
2.15
0.9
2.04
4.26
0.53
1.38
3.4
4.97
4.9
2.17
0.56
3.04
3.98
2.26
1.26
0.06
1.38
1.68
4.5
1.52
4.27
2.41
2.86
3.44
4.73
4.04
0.81
2
0.01
1.93
1.11
3.36
2.28
4.45
2.13
3.18
1.4
4.01
2.94
0.09
4.82
4.33
0.59
3.3
0.35
3.75
2.64
4.58
3.67
2.95
3.95
3.7
4.21
4.97
3.99
2.21
2.96
4.1
4.34
2.3
2.57
2.16
1.42
1.51
3.22
4.78
1.28
1.46
0.84
4.4
0.82
2.36
0.73
4.76
4.58
2.42
1.34
0.89
4.53
1.25
1.74
4.94
1.58
1.11
3
3.24
1.56
4.79
2.41
1.06
0.89
1.51
1.83
4.62
0.24
3.5
4.73
1.75
2.52
1.48
4.34
1.77
3.55
2.34
0.24
1.48
1.74
0.19
3.18
0.8
4.71
0.54
4.23
4.03
0.91
3.63
2.33
1.74
3.25
1.9
0.14
0.99
4.63
2.22
3.88
2.66
4.58
1.14
2.6
2.13
0.63
4.89
1.66
2.81
0.1
3.12
3.07
1.86
0.64
3.61
1.38
4.5
3.26
2.71
1.03
0.68
1.38
1.99
5
0.66
3.71
3.44
2.87
1.27
4.71
3.77
1.46
0.13
1.77
4.13
1.72
0.8
4.84
2.97
0.19
4.85
1.34
4.27
2.52
4.69
3.87
2.1
3.54
0.47
1.45
4.12
1.11
4.37
3.65
2.21
2.21
0.2
2.7
4.73
1.69
2.42
2.15
2.02
4.66
2.18
0.06
2.09
0.15
3.2
1.14
0.41
2.91
1.66
3.07
1.78
2.97
1.99
0.12
0.5
3.61
1.09
2.44
1.71
3.53
2.5
1.85
0.06
3.34
1.86
2.28
3.79
2.88
3.92
4.18
2.66
0.47
2.57
4.08
3.67
4.03
3.65
4.13
4.22
0.91
0.2
1.64
1.71
4.46
3.89
0.3
0.9
0.16
2.02
1.3
1.84
0.01
0.05
1.95
1.69
3.39
0.95
0.18
0.71
2.09
2.58
2.75
0.14
3.8
0.86
4.73
1.58
1.86
0.5
1.67
0.23
2.5
0.64
3.33
0.07
2.58
1.09
0.29
2.14
1.14
0.27
4.02
2.96
2.22
4.46
0.94
1
4.01
2.41
2.59
4.97
1.55
3.6
2.36
1.09
2.49
3.44
2.35
2.39
4.72
0.66
2.93
3.66
0.31
1.51
4.25
3.07
2.17
0.37
4.79
3.04
2.47
4.35
2.36
1.21
1.64
2.34
3.78
3.69
4.3
0.89
0.78
1.89
4.37
0.09
2.16
1.44
3.02
0.6
0.93
3.29
2.61
2.95
0.96
3.38
2.89
4.74
1.58
4.28
0.76
1.13
4.1
3.38
4.36
2.53
3.23
1.3
2.8
1.04
3.61
2.24
1.64
1.84
4.2
0.98
2.51
1.21
1.43
0.11
0.02
2.32
0.05
1.78
3.14
0.97
0.36
1.67
0.23
0.86
4.27
2.37
3.77
3.97
4.41
0.11
3.92
3.81
2.32
2.75
3.63
4.35
2.5
4.83
3.11
0.19
0.1
4.55
4.77
3.6
4.41
2.43
3.12
0.85
2.24
4.79
4.23
4.68
3.14
1.32
0.03
0.46
4.48
2.12
0.6
0.65
4.16
0.35
3.88
1.22
4.64
1.42
3.04
0.24
1.92
1.44
4.78
1.62
1.86
0.8
2.38
2.84
3.92
1.92
0.46
1.04
2.43
3.18
3.69
0.86
4.63
1.2
2.93
4.56
0.01
4.48
3.6
2.6
1.35
0.13
4.97
4.83
3.04
1.89
0.45
2.36
1.08
1.85
4.45
0.4
0.13
4.57
1.15
4.89
1.29
0.4
0.33
0.29
3.62
2.69
4.77
1.76
0.69
2.77
0.42
1.37
3.13
3.8
1.89
2.7
0.47
2.91
3.76
1.77
1.83
4.86
4.06
2.77
0.53
3.67
4.72
3.85
4.94
3.66
3.12
3.8
1.31
1.98
4.43
3.68
3.81
1.75
1.07
1.59
1.97
4.34
2.3
4.56
