2.9
3.9
1.72
4.18
1.17
2.89
0.7
1.09
2.39
0.97
3.4
1.73
3.84
0.19
3.47
2.93
4.86
3.25
3.46
2.05
2.62
2.21
1.06
3.51
3.02
3.77
1.95
2.42
4.1
4.76
3.6
0.4
0.29
2.58
1.71
2.53
4.57
2.92
1.57
4.87
4.8
3.87
1.59
2.59
2.14
4.45
3.93
2.9
4.42
1.73
3.17
4.7
4.17
2.52
2.13
0.94
4.61
1.01
4.54
1.42
2.08
3.4
3.79
0.8
1.76
3.4
0.02
0.81
4.4
2.42
3.49
4.71
4.49
4.78
0.32
1.69
4.98
1.9
0.58
1.84
1.78
1.78
3.28
4.81
3.32
0.48
2.59
4.7
1.4
2.48
3.71
1.07
4.23
2.49
1.28
1.15
3.94
2.01
2.14
0.62
1.03
4.1
4.69
3.7
3.9
2.47
4.84
3.83
2.84
1.01
1.18
1.14
0.09
2.59
3.7
2.69
0.76
0.14
1.14
1.11
0.61
4.78
4.05
3.62
1.4
2.55
0.99
4.79
1.28
4.45
3.89
2.31
2.11
2.1
3.65
1.81
4.4
0.58
0.21
1.67
1.13
4.66
1.29
3.07
0.1
2.78
3.2
1.27
2.65
2.11
2.64
4.36
0.13
1.59
0.04
1.6
4.58
4.93
2.67
2.99
0.52
0.74
2.66
1.93
1.48
3.09
3.39
2.18
0.99
1.36
0.38
1.87
4.1
1.78
1.56
2.78
3.31
3.12
3.84
3.26
3.11
4.75
2.1
4.9
4.18
0.38
3.12
2.93
1.1
4.26
2.5
3.43
1.24
2.21
0.69
3.58
3.31
0.58
3.86
2.01
1.68
2.19
1.13
3.16
3.1
3.24
3.29
3.63
3.03
3.71
1.54
3.2
1.46
0.85
3.6
3.03
2.78
3.25
4.04
4.55
4.42
2.11
3.1
4.67
2.64
3.32
4.34
1.01
3
0.82
1.31
3.29
3.35
1.67
2.8
3.25
3.71
0.43
0.45
3.88
2.7
3.82
0.71
2.01
1.05
4.47
1.97
4.98
2.39
2.64
3.67
4.79
2.87
1.07
0.89
0.4
1.48
3.34
3.21
2.75
4.92
3.99
4.06
3.72
0.2
2.11
4.46
4.15
1.78
1.18
4.59
3.53
0.16
4.11
3.78
1.42
4.16
3.33
3.31
0.72
3.45
1.8
4.56
1.04
3.11
4.58
4.52
2.62
4.35
3.38
3.01
1.42
1.87
2.29
3.9
2.52
1.11
3.57
2.27
2.13
3.45
0.53
0.46
4.62
2.55
1.36
1.72
4.01
3.77
1.44
1.48
1.77
3.59
0.87
2.54
2.04
2
2.55
4.8
0.61
0.19
0.74
2.74
3.5
2.72
0.85
4.3
1.01
3.83
4.41
2.24
2.01
1.75
0.46
0.76
4.44
3.81
0.62
2.9
1.26
0.34
1.61
4.3
0.73
3.35
0.36
2.54
0.11
3.67
2.01
3.9
4.58
1.18
2.67
1.51
3.63
2.74
3.7
3.7
1.93
4.14
3.25
1.75
1.65
4.15
1.64
1.91
4.11
0.67
4.21
2.09
3.57
3.03
1.99
0.73
3.43
4.27
3.23
1.3
3.02
1.23
2.37
1.85
2.58
3.14
3.1
1.46
1.81
1.75
1.69
3.4
2.88
0.47
2.76
3.68
2.71
0.63
2.87
0.53
4.19
2.12
0.12
3.31
4.47
4.93
2.31
2.73
2.25
2.04
2.2
4.89
4.44
1.06
1.34
0.98
0.5
1.03
2.39
4.45
4.79
2.23
1.28
2.01
0.64
0.52
1.69
3.35
5
1.02
1.25
3.03
1.19
4.27
3.49
4.92
0.44
0.31
1.02
3.17
2.77
2.2
4.22
2.49
3.5
1.98
3.07
0.59
4.22
0.56
4.19
3.78
2.19
4.06
3.86
1.62
1.64
0.43
1.94
0.3
0.88
4.35
3.36
1.34
4.85
0.69
2.13
0.63
3.86
1.25
2.8
4.6
3.7
0.24
3.47
4.15
4.65
2.69
1.64
1.82
1.86
4.35
0.56
2.14
2.8
0.94
2.79
0.99
1.88
1.04
3.28
4.82
2.62
3.7
1.21
0.79
2.97
1.86
4.92
4.82
2.37
2.26
2.6
2.74
4.78
3.54
4.65
0.12
0.98
0.21
2.52
4.46
1.44
1.36
2.36
0.05
1.44
1.73
3.12
2.02
3.88
3.78
0.64
3.78
0.76
2.21
4.94
0.81
0.61
2.72
1.96
1.79
4.38
0.69
1.71
1.38
1.3
2.99
3.69
2.06
1.76
4.38
0.35
2.63
0.62
3.77
1
4.92
1.57
2.24
3.41
4.86
4.37
3.26
4.9
0.1
2.97
3.43
3.28
3.2
3.34
3.16
3.39
0.63
2.79
3.67
3.08
3.89
1.43
2.81
3.69
2.76
4.85
1.13
1.26
2.43
1.68
3.95
4.86
0.93
0.19
4.2
4.56
4.32
4.74
2.22
4.73
0.95
2.86
0.5
2.61
3.47
2.18
3.51
0.8
4.4
0.46
0.97
0.87
4.21
3.83
2.07
3.64
4.84
4.83
3.29
4.75
4.37
3.91
5
4.68
4.66
2.4
1.27
0.97
2.55
3.87
2.02
2.67
4.08
4.01
0.98
0.67
3.87
0.36
2.1
2.39
4.77
0.09
2.53
2.3
0.2
1.56
0.92
1.51
3.72
4.65
4.04
0.55
4.56
2.92
3.79
3.7
2.23
2.96
1.78
3.28
2.28
2.83
4.64
3.56
0.69
2.34
2.89
1.15
0.35
1.81
3.92
0.97
2.6
3.94
1.92
3.95
3.56
4.17
0.34
2.57
2.26
3.99
3.3
0.96
0.21
2.11
0.41
3.72
2.92
1.35
3.99
2.45
0.6
0.99
1.46
2.78
4.08
1.73
3.44
4.7
2.29
4.2
4.68
2.56
2.78
1.12
3.13
2.98
1.71
4.07
3.27
2.5
1.76
0.81
2.56
3.98
4.77
3.35
4.67
0.13
3.64
0.41
2.55
4.38
0.46
2.92
4.82
1.17
2.17
0.51
2.6
4.04
0.81
0.51
3.52
2.82
3.16
2.78
4.56
4.09
0.89
2.53
2.99
1.81
4.84
2.62
4.67
0.01
0.35
2.41
0.83
3.85
0.35
0.22
1.11
1.48
3.29
2.66
3.09
1.06
3.48
1.13
3.01
3.99
4.09
1.65
2.19
0.4
2.7
4.13
2.7
1.74
3.32
0.62
4.51
3.93
1.24
3.72
3.71
3.95
0.52
4.22
4.57
0.6
2.1
1.21
4.38
0.53
4.62
0.46
2.59
0.57
3.1
0.05
2.67
1.91
0.1
1.9
0.41
4.61
1.26
3.75
4.69
0.09
0.16
2.97
2.52
1.38
3.19
1.84
3.01
3.23
4.64
4.2
2.26
1.07
1.18
3.66
3.93
0.54
0.02
0.19
1.99
3.55
2.54
2.63
4.26
2.14
2.58
2.29
2.37
0.67
0.15
4.79
3.56
0.25
4.86
0.29
0.7
2.34
3.98
3.86
0.27
2.3
3.27
3.72
1.11
1.16
0.86
2.39
4.6
1.83
0.94
2.56
4.18
0.68
0.56
3.15
2.81
4.04
2.71
4.94
1.73
3.08
4.22
0.4
0.73
3.63
3.97
2.33
3.84
2.08
3.4
2.47
1.64
4.34
4.76
0.02
2.56
0.51
4.15
3.61
1.45
3.87
3.4
2.63
4.43
1.96
4.38
2.47
4.43
4.41
0.94
3.01
3.5
2.57
0.99
3.43
2.86
1.59
3.58
2.33
1.23
3.1
1.98
2.41
0.7
3.12
4.52
1.68
1.61
3.14
4.7
0.86
2.82
2.33
2.69
0.84
3.48
1.15
3.6
4.73
1.65
0.99
4.37
2.33
4.86
1.69
4.44
4.8
2.44
3.75
4.08
1.45
2.03
4.97
0.79
3.43
4.63
1.06
0.27
3.12
4.23
4.47
1.42
3.01
1.74
2.1
2.6
3.73
1.32
0.72
4.27
0.79
4.97
2.77
1.76
4.09
4.21
3.25
1.36
4.04
3.76
4.9
2.82
2.84
1.65
1.73
3.62
2.84
2.33
2.9
0.14
3.43
3.92
2.25
3.72
4.86
0.12
1.46
2.23
0.12
1.61
0.32
4
0.47
3.13
4.81
3.44
4.69
1.24
3.25
0.19
3.05
3.92
4.63
1.7
2.83
3.49
0.58
3.11
4.77
2.58
3.69
0.13
5
1.87
4.23
0.85
4.41
1.95
1.66
2.02
2.26
1.17
3.43
1.02
1.61
0.43
3.39
3.5
2.41
2.11
0.93
1.76
4.23
1.34
2.49
1.56
1.27
3.9
2.26
0.01
4.93
1.29
1.07
3.09
0.55
0.04
4.28
4.3
1.37
1.39
4.1
2.86
2.76
0.54
0.71
2.16
3.95
0.23
4.01
2.62
0.97
2.17
2.61
4.81
4.23
4.29
2.13
3.43
1.13
4.21
4.18
1.33
1.28
2.76
3.52
2.31
3
1.03
3.95
0.48
4.58
0.74
4.96
1.83
2.85
3.53
3.63
4.44
0.51
3.02
0.24
0.7
1.47
3.57
4.3
3.5
3.79
2.64
0.74
1.3
0.79
0.56
1.9
1.49
2
1.54
2.1
4.8
2.6
1.91
3.11
0.24
3.58
4.75
4.04
3.28
3.99
1.96
1.07
1.78
4.81
4.94
4.84
2.28
3.92
1.75
4.51
3.44
2.16
3.24
0.59
0.24
3.8
1.72
1.09
4.92
4.64
2.03
3.53
2.64
2.42
0.79
1.02
1.58
2.05
0.78
2.34
3.47
3.22
1.96
2.09
4.53
3.91
2.49
4.22
3.76
2.19
2.56
3.25
0.01
1.21
3.13
2.97
0.59
2.11
0.58
4.63
2.78
3.37
4.24
4.69
1.21
3.78
4
0.37
4.09
0.41
3.77
1.22
1.24
4.41
4.07
1.19
2.02
2.39
4.99
0.04
4.25
0.88
1.78
4.46
0.31
4.67
4.32
3.87
4.04
2.74
0.07
4.94
0.91
2.14
3.27
3.52
1.25
3.28
0.25
2.65
4.28
2.86
2.19
1.21
0.06
2.48
4.29
2.57
3.55
0.33
4.15
0.41
2.42
0.94
2.76
3.43
0.44
2.5
3.66
3.07
3.36
3.81
4.94
4.55
4.18
0.56
2.43
3.61
1.93
4.91
1.25
3
0.01
4.4
1.52
0.51
0.25
2.78
0.56
2.29
3.67
2.08
0.87
3.2
4.29
4.46
3.55
4.47
3.74
3.17
2.59
0.52
4.38
0.05
3.91
1.41
1.18
3.62
4.07
0.43
2.63
0.69
3.72
4.78
3.36
3.57
0.45
2.07
4.4
4.85
3.99
0.44
0.49
1.29
4.25
2.78
3.24
2.24
4.52
2.71
3.09
2.87
1.37
0.94
0.33
2.19
0.97
4.06
1.42
4.11
2.08
1.58
1.18
2.4
0.43
1.5
0.72
3.33
1.66
2.88
1.78
0.28
1.74
0.08
4.9
4.71
3.71
1.65
3.08
3.14
4.75
3.92
4.65
0.8
3.59
1.75
2.62
3.84
2.26
1.5
0.49
2.72
2.2
0.11
0.84
0.92
3.66
2.57
2.81
2.65
0.49
0.45
4.31
3.44
2.05
3.3
2.21
1.45
3.69
3.35
4.12
4.6
4.37
4.97
1.31
0.33
1.54
3.71
0.87
0.1
4.04
0.94
2.62
2.81
4.51
2.68
4.76
3.25
0.72
1.26
0.36
3.46
1.46
2.33
3.14
2.54
4.18
3.82
3.78
0.9
3.16
2.24
2.71
4.23
3.4
4.62
4.47
1.97
3.03
1.86
2.03
4.82
1.78
1.04
3.28
4.39
4.44
1.72
4.64
4.27
1.48
4.89
3.65
4.86
4.23
0.19
1.45
3.51
3.59
3
0.02
0.19
0.51
0.64
4.53
4.63
0.26
2.2
4.36
0.63
4.81
3.92
0.03
3.13
4.08
4.89
1.02
4.29
1.06
2.69
0.85
1.82
2.98
0.75
1.67
3.05
3.86
0.17
2.98
2.03
4.78
4.22
2.86
0.32
2.14
1.19
1.16
3.76
3.38
4.46
0.05
0.29
4.45
1.12
4.55
4.4
0.7
0.06
1.98
2.97
2.13
3.89
3.37
0.52
1.6
0.02
3.23
2.26
2
2.11
0.55
0.25
3.53
1.54
3.87
1.15
3.99
0.2
2.37
1.94
3.93
3.68
4.95
2.27
2.34
4.23
4.31
2.25
4.58
0.84
1.81
4.59
1.22
2.74
4.34
0.37
2.04
3.92
0.84
3.89
3.35
3.85
1.93
4.13
0.99
1.43
1.32
0.64
0.07
0.26
1.39
4.74
3.72
4.07
0.14
3.85
4.02
1.77
1.66
1.13
1.33
2.86
4.63
2.63
2.19
0.1
1.92
0.53
0.55
1.81
4.01
4.72
1.88
2.41
1.25
2.58
3.45
0.32
3.21
0.49
3.28
2.9
0.73
1.57
4.69
3.83
3.99
3.59
1.02
2.61
4.08
2.21
4.9
0.18
4.43
2.51
4.89
3.87
0.21
2.52
0.17
4.27
2.99
0.79
4.5
2.71
2.29
2.24
0.15
3.48
0.41
0.03
2.51
2.61
0.92
2.14
5
1.74
4.14
4.08
4.31
2.44
1.77
4.19
2.37
1.99
2.16
2.81
3.81
3.07
0.6
3.43
3.42
0.96
3.78
0.94
2.72
4.13
1.78
0.33
1.06
4.45
1.27
1.96
1.37
0.25
3.06
2.03
1.04
4.84
1.99
3.97
2.6
3.05
4.81
2.23
2.57
3.09
2.25
2.3
2.37
4.29
4.57
0.05
4.48
1.46
3.2
3.23
0.61
3.52
3.37
1.99
2.51
4.74
0.13
3.26
2.94
3.61
0.88
2.72
3.67
1.37
4.73
1.3
3.25
3.4
4.8
1.76
0.2
3.24
2.21
2.4
0.07
3.53
4.56
2.1
0.87
3.82
0.18
3.85
3.28
3.62
0.06
2.09
1.25
4.81
2.38
3.64
1.26
3.09
0.63
0.6
3.58
1.51
3.61
2.51
0.81
3.95
1.72
3.46
2.87
0.6
0.52
1.24
0.48
0.48
4.69
1.7
2.62
0.97
4.9
1.25
3.08
3.66
4.19
0.83
3.06
1.46
2.61
1.78
4.55
3.6
0.06
3.07
2.43
3.44
0.24
3.22
4.01
3.36
1.56
3.37
1.57
2.37
2.05
0.5
0.57
3.62
0.69
3.97
0.43
2.68
3.19
0.03
0.78
2.4
2.37
0.45
4.23
4.26
4.68
4.41
0.93
1.62
0.85
4.42
4.86
4.81
3.86
2.49
3.56
3.89
1.13
2.23
0.51
3.75
0.34
0.65
3.76
0.38
1.53
4.09
4.56
0.74
0.79
2.83
4.59
1.58
4.06
3.85
0.65
4.9
1.1
4.3
2.61
2.18
4.06
3.11
1.56
0.83
4.72
1.66
2.17
3.57
3.73
2.03
2.85
3.39
4.85
1.83
3.2
3.11
0.24
0.26
0.72
1.53
2.97
3.2
4.57
3.54
0.89
1.7
1.71
1
1.98
4.23
1.41
1.07
2.8
2.42
4.04
1.62
1.5
3.23
2.9
0.07
0.91
1.73
2.39
2.67
0.84
4.99
1.22
0.19
2.42
4.53
0.67
2.98
2.19
2.25
3.54
1.31
4.2
2.19
2.75
2.85
1.83
1.12
1.81
0.56
0.88
2.38
4.34
1.51
1.01
1.79
4.75
4.57
2.2
2.18
5
1.55
2.8
0.19
1.53
0.08
3.71
0.04
0.14
2.14
3.71
3.48
2.3
1.43
4.08
2.36
4.04
3.59
2.18
0.06
3.74
3.79
2.65
4.89
4.54
1.57
3.87
1.44
4.07
2.83
3.69
3.39
0.42
0.76
0.57
4.29
1.49
2.24
4.72
2.59
2.62
0.85
3.43
2.29
0.42
0.74
4.92
2.06
0.86
4.65
0.2
2.45
3.51
2.77
4.19
4.31
1.71
4.83
0.79
2.9
2.08
4.66
2.68
2.66
0.76
4.07
4.84
3.08
2.33
4.02
2.1
0.03
0.45
1.24
4.75
3.51
2.29
3.67
4.37
3.25
0.15
0.51
3.27
3.74
4.4
1.57
2.04
1.41
4.41
3
1.63
1.17
0.32
4.93
1.57
0.81
0.74
3.69
1.28
2.17
3.71
2.75
3.32
1.15
0.77
1.93
0.84
0.03
2.52
3.49
3.07
3.13
2.13
2.85
4.6
4.41
0.18
2.87
2.68
0.94
1.4
0.24
2.86
0.55
4.45
2.92
2.17
4.78
1.81
2.09
4.36
1.3
1.84
2.81
0.68
0.78
3.66
3.17
0.62
3.18
3.64
4.82
3.15
1.41
2.38
3.83
3.33
2.91
4.13
4.1
4.54
1.92
1.93
0.37
3.5
4.9
1.77
3.29
3
4.77
2.39
2.09
4.06
1.77
4.08
1.75
3
0.8
3.37
4.64
3.77
2.21
2.21
4.31
2.43
3.08
3.96
0.02
1.89
0.18
0.79
2.8
3.05
2.91
3.04
3.3
0.07
0.1
2.61
4.35
4.74
4.18
3.93
2.06
1.57
0.45
4.98
2.9
4.92
3.5
1.51
1.2
3.77
1.93
1.3
3.88
2.81
4.18
3.78
3.21
2.74
0.79
1.91
1.74
4.46
0.77
4
2.2
2.96
1.98
3.54
3.65
2.89
1.25
4.17
2.94
4.7
1.3
2.12
2.3
2.3
4.64
0.85
2.49
1.42
2.59
4.25
4
1.2
3.49
3.46
1.32
0.17
0.16
3.34
2.38
1.77
3
4.63
2.24
2.08
3.24
3.54
3.52
4.49
1.56
1.85
3.96
3.57
2.32
3.69
2.27
4.37
3.19
3.13
2.94
1.16
2.83
2.33
1.89
1.39
3.59
0.98
3.91
2.13
2.51
2.12
4.39
4
0.82
2.24
2.29
3.37
1.73
3.38
2.78
4.94
4.74
1.7
4.54
1.86
1.23
4.3
4.14
1.73
4.15
0.23
4.45
3.89
3.68
0.18
4.15
1.25
2.37
4.62
3.77
3.06
3.33
1.27
3.07
3.67
2.42
1.07
4.59
0.96
1.21
2.44
1.78
3.66
1.2
0.07
3.22
4.55
2.36
3.05
3.58
1.28
1.5
4.9
2.45
2.76
3.35
0.79
3.02
3.47
0.58
1.67
2.4
2.55
0.23
1.02
1.96
0.6
3.49
0.45
1.71
4.76
2.99
1.84
4.78
1.15
3.46
3.53
3.86
2.85
0.06
4.42
4.21
0.15
3.57
4.65
4.12
3.28
3.76
2.63
4.81
0.04
1.27
0.81
3.12
3.83
2.26
1.01
1.52
2.94
3.96
2.7
3.58
1.84
0.09
0.62
1.81
0.17
4.42
3.44
1.44
2.24
1.96
0.05
2.74
4.04
3.22
0.13
4.19
2.28
0.76
1.79
4.17
2.08
1.9
2.99
4.46
4.79
2.84
3.25
4.63
3.99
3.45
0.67
2.05
1.38
2.11
4.8
2.72
0.76
2.28
4.36
3.34
2.49
3.47
4.94
1.48
0.9
3.82
2.57
2.97
1.81
0.7
4.74
1.69
2.78
2.1
2.64
2.74
1.61
4.14
1.85
3.85
0.66
3.1
4.56
3.39
0.62
1.69
4.27
2.53
3.35
0.96
4.4
4.75
4.72
2.81
2.56
1.63
4.37
4.22
0.59
3.23
3.67
3.99
3.51
4.66
4.11
0.99
4.15
0.2
4.75
1.34
0.81
0.77
0.42
3.55
3.55
3.02
3.79
2.8
3.95
0.65
2.72
3.84
4.37
0.16
2.79
0.79
1.45
0.98
4.41
0.97
2.11
3.87
3.99
1.91
4.71
4.84
3.59
4.45
4.27
4.25
3.26
2.96
1.29
4.48
0.76
4.27
2.42
3.32
3.22
0.56
2.63
2.28
2.53
4.92
4.03
0.08
4.79
3.98
0.83
0.49
3.63
2.76
4.51
3.04
1.6
3.51
3.75
2.83
0.66
4.36
3.67
0.86
0.53
1.67
1.73
2.08
0.63
4.41
3.26
3.52
0.08
1.1
0.26
0.97
2.13
4.31
3.96
3.67
2.88
2.46
4.97
3.34
2.92
3.93
3.12
3.23
2.45
2.36
3.19
2.36
4.02
3.63
2.52
0.55
3.93
1.1
0.54
0.67
4.38
3.78
2.24
1.03
0.5
4.51
0.06
1.77
2.38
0.45
4.02
1.17
1.33
3.3
2.58
3.05
4.23
4.91
4.84
4.54
0.83
2.26
3.78
1.8
3
2.08
0.84
4.63
1.41
0.91
1.26
3.37
1.7
0.12
4.14
1.76
3.54
4.4
2.83
0.49
2.23
4.53
2.36
1.17
1.21
3.74
3.07
5
4.47
0.54
4.76
1.81
0.94
1.33
2.26
1.54
4.23
4.77
3.54
2.64
0.79
2.49
1.05
2.31
1.22
2.38
0.25
0.08
4.27
4.54
3.63
0.95
2.06
1.23
1.87
2.34
2.25
2.9
2.37
4.94
3.7
4.41
1.94
0.13
1.38
0.09
0.25
4.92
3.08
4.38
4.08
1.53
1.31
1.39
4.35
4.57
0.13
2.57
2.73
1.42
4.33
1.25
0.2
0.33
5
1.26
4.13
1.47
4
0.7
0.6
1.26
0.24
1.58
1.75
4.05
2.2
3
