2.01
0.77
0.23
4.64
1.2
4.6
2.53
0.77
1.18
4.56
2.02
1.82
1.97
4.01
4.12
0.66
1.47
2.72
3.39
1.47
2.24
1.48
4.05
0.66
2.79
2.01
1.52
0.01
0.94
4.37
0.8
3.88
1.71
4.9
0.37
2.62
4.79
1.65
1.02
1.45
0.78
0.81
4.32
4.37
4.51
1.4
0.52
2.37
0.25
0.22
1.28
0.27
3.54
1.9
4.01
2.41
4.44
1.09
0.62
0.69
0.57
1.57
4.77
2.98
2.24
4.63
2.32
2.77
0.07
3.83
1.63
1.73
1.29
4.92
2.79
2.57
4.85
3.37
4.5
0.21
2.22
2.64
2.12
2.34
4.74
4.6
1.56
3.31
2.1
3.78
3.47
3.86
2.7
1.99
4.56
4.93
1.12
2.02
2.6
1.67
1.75
2.36
1.99
0.27
1.32
2.73
2.62
3.87
0.21
2.6
2.09
0.64
3.06
2.98
2.3
3.25
3.23
0.36
4.12
4.75
2.66
1.22
3.43
0.17
2.71
1.27
3.01
1.73
2.33
1.4
2.35
2.77
3.45
4.26
3.79
0.54
3.42
0.14
0.54
2.38
3.06
3.32
1.19
4.23
2.22
4.13
2.4
2.74
0.6
4.04
0.72
2.91
0.91
0.04
3.31
2.66
4.64
2.95
3.83
4.3
1.93
3.16
4.48
4.58
3.96
1.67
4.26
4.68
0.25
1.26
0.27
4.23
4.77
1.24
4.67
0.19
2.29
4.83
0.19
2.75
1.71
2.38
2.14
2.52
2.77
1.61
3.57
4.89
0.05
3.72
4.65
1.39
2.68
1.33
0.63
1.14
3.33
3.03
3.38
0.75
4.44
2.79
3.97
4.69
0.56
2.64
2.19
1.6
4.47
4.48
4.46
0.02
4.35
1.9
3.99
4.62
4.44
1.35
0.07
0.01
1.32
4.3
1.85
2.18
0.58
1.91
0.59
2.63
2.99
1.61
2.43
1.97
1.17
4.06
1
1.94
4.79
0.86
1.68
1.56
3.01
2.72
4.8
1.74
0.48
3.66
0.75
4.47
1.16
3.5
4.83
1.33
2.89
0.5
3
2.54
0.62
2.13
2.97
0.62
0.07
2.74
0.75
4.04
4.96
0.73
2.34
2.59
2.46
4.22
4.12
0.82
4.16
1.07
3.21
3.71
4.5
1.61
0.35
1.95
2.87
2.15
3.44
4.61
4.68
2.64
0.24
3.72
4.41
0.57
2.99
0.95
4.7
4.03
4.8
4.64
3.5
1.31
2.65
4.39
2.63
0.17
1.45
0.55
2.02
3.03
4.69
4.33
0.72
4.76
1.8
2.28
0.97
3.31
3.19
0.66
4.34
5
2.88
4.46
0.24
0.72
4.31
3
2.64
4.51
1.71
2.51
1.49
4.36
0.63
1
1.84
1.28
0.09
0.84
0.82
2.08
0.49
1.74
4.88
3.36
2.75
4.25
0.11
3.26
0.19
1.88
3.88
2.87
3.66
1.13
2.95
0.28
0.66
1.82
0.26
2.38
1.44
4.62
1.16
2.99
0.16
0.3
5
4.71
3.73
4.57
0.41
4.23
4.3
4.1
4.47
3.39
0.42
2.85
0.85
3.88
2.78
2.51
3.29
0.17
4.73
4.75
1.08
3.58
4.79
3.2
4.65
0.64
1.23
1.16
0.76
3.92
0.6
1.53
4.31
0.08
0.89
4.6
0.44
4.08
2.29
0.94
4.17
2.55
0.3
3.39
0.21
0.04
4.84
4.64
2.41
3.26
4.47
1.44
4.83
1.08
1.6
4.72
4.06
1.48
2.23
2.91
2.13
4.69
0.44
1.84
1.02
2.54
1.63
2.62
4.13
0.3
3.29
3.38
2.55
0.74
4.74
0.42
3.5
0.87
2.23
1.72
2.92
4.84
2.97
4.91
1.02
4.22
3.73
0.06
3.48
0.52
1.04
2.78
0.46
0.35
2.86
3.93
4.11
2.38
4.94
0.91
4.36
3.29
1.42
3.83
2.58
1.41
0.48
0.54
1.46
2.87
1.14
3.4
4.03
2.8
4.04
0.99
2.28
4.45
3.84
2.97
1.03
0.78
3.07
3.87
3.6
1.35
3.96
2.45
3.07
1.99
3.15
0.42
4.9
3.66
1.98
1.72
1.61
4.36
0.99
4.02
0.87
4.22
1.58
0.67
0.05
1.04
0.19
2.84
1.21
0.1
3.39
4.06
0.19
4.5
0.34
1.37
3.98
0.12
0.88
4.99
3.29
1.7
0.2
2.19
1.12
0.46
4.25
0.9
2.89
2.54
1.93
3.26
1.88
0.55
0.92
0.99
2.3
0.26
4.08
1.88
2.05
2.48
4.98
0.4
0.48
3.03
0.56
0.71
4.01
2.84
0.59
0.27
4.17
0.52
1.79
1.01
2.97
3.43
3.62
2.42
4.54
2.2
4.01
3.16
4.14
2.98
1.92
2.24
3.56
3.09
4.49
2.52
0.25
0.2
2.62
2.55
3.63
4.07
0.09
4.08
1.56
2.79
3.07
3.92
4.61
0.33
4.38
0.19
3.03
1.21
0.05
3.06
3.59
2.73
3.85
0.81
3.53
3.6
4.18
0.81
1.24
2.59
2.43
1.14
1.29
2.2
2.15
1.38
2.62
2.83
4.87
0.69
0.22
1.75
4.64
0.66
0.35
2.8
3.67
0.51
1.56
0.38
3.88
3.17
3.24
3.1
1.25
2.86
3.88
1.9
0.93
4.28
2.97
0.86
1.11
1.94
3.25
1.42
1.65
4.33
3.42
4.84
4.84
2.06
4.45
3.46
3.17
3.92
4.24
2.94
2.42
2.16
3.21
2.91
3.37
2.2
2.07
2.77
1.93
1.75
3.37
2.51
0.68
4.36
3.41
4
1.65
4.46
1.88
1.6
2.49
4.35
1.2
3.12
4.1
1.67
2.56
1.67
1.44
0.66
4.11
0.83
2.22
1.47
4.43
4.48
4.75
2.27
4.55
1.58
1.11
0.17
0.89
2.61
0.95
1.14
1.17
3.15
2.04
2.28
0.46
3.54
4.33
1.4
0.51
4.2
1.83
0.01
1.13
0.73
2.64
1
3.12
3.86
1.61
0.18
0.97
0.86
3.66
2.81
2.15
0.51
2.64
0.61
4.55
0.78
3.72
2.71
4.29
4.69
1.86
4.85
0.61
1.2
0.44
0.56
2.73
3
2.97
2.13
2.36
2.22
0.71
3.78
4.96
0.29
4.87
1.96
2.81
2.01
1.07
1.3
0.44
1.8
1.65
2.02
3.84
2.6
2.63
1.91
0.61
3.76
1.51
3.55
2.2
0.08
3.92
2.71
4.98
3.76
2.72
0.59
3.06
4.23
3.63
4.2
2.28
1.78
2.33
2.75
0.36
3.51
0.48
1.63
4.55
4.1
2.48
2.4
3.48
4.75
1.51
1.39
4.27
0.67
2.34
3.66
3.3
2.92
1.1
2.13
2.22
1.17
1.67
0.56
1.02
5
1.5
4.73
0.77
1.1
3.97
1.29
4.45
2.7
3.02
2.09
2.1
3.79
2.18
1.94
2.87
4.07
3.34
0.47
4.62
0.05
2.16
4.26
4.3
3.65
0.69
0.45
2.67
0.19
0.74
1.89
1.41
4.41
0.63
2.98
1.71
2.12
2.6
0.81
1.56
3.44
4.71
0.33
1.93
2.61
3.78
3.69
4.03
3.11
1.11
0.12
2.99
1.13
0.89
2.98
3.19
0.22
3.49
0.16
2.42
0.99
3.83
0.06
2.33
1.71
0.88
0.47
4.15
1.35
1.68
0.65
2.56
2.55
0.18
4.42
1.74
3.39
1.35
0.94
1.78
2.69
3.92
4.41
4.13
1.9
4.32
1.1
2.11
0.63
1.8
2.1
1.92
1.02
3.79
2.89
3.69
0.71
4.92
2.89
4.59
4.23
4.18
1.52
3.22
1.9
4.96
0.26
3.17
4.73
4.43
4.02
3.9
3.94
0.87
0.18
4.65
4.44
2.1
0.51
3.01
4.67
1.91
4.47
2.42
1.16
2.1
1.12
1.1
4.31
1.53
2.31
3.17
4.23
2.96
0.32
2.24
0.58
0.76
2.13
4.01
0.85
3.41
0.8
0.65
2.59
0.72
4.87
4.41
1.12
0.4
4.37
0.84
3.47
4.34
4.92
4.76
3.88
3.87
2.39
2.27
4.9
3.76
2.78
2.25
4.37
1.86
4.18
4.06
4.86
1.37
1.35
3.26
3.25
2.34
3.05
1.82
3.05
0.85
4.02
3.21
4.73
3.93
3.23
0.46
1.09
0.4
3.5
0.26
1
1.03
3.12
1.44
2.81
0.6
4.35
4.53
0.55
4.68
4.31
5
3.64
2.7
4.5
4.75
0.3
4.39
3.19
4.86
3.9
3.64
0.57
2.48
4.05
2.76
1.79
4.11
3.49
2.93
4.49
4.97
1.48
4.87
4.41
4.8
0.59
2.9
4.51
1.72
0.87
3.06
1.01
4.39
4.46
2.88
4.37
3.64
0.08
4.72
3.61
2.88
3.76
0.34
2.62
0.96
0.11
1.22
1.12
1.1
0.63
2.71
0.31
1.59
1.16
3.3
0.38
0.27
3.71
3.82
4.12
4.34
1.15
1.47
1.79
1.4
3.53
2.42
1.26
1.65
1.57
3.26
4.59
2.06
2.02
3.22
3.63
0.84
1.65
4.26
0.9
3.96
3.53
4.79
2.67
1.77
3.17
3.64
0.56
1.89
3.5
3.48
3.35
4.04
3.27
3.26
0.86
4.89
3.58
3.98
0.71
2.55
4.48
2.54
3.69
0.07
2.03
3
4.3
1.98
1.89
2.13
1.24
4.04
1.69
1.62
4.36
3.27
4.28
0.12
2.6
0.22
4.89
2.5
4.76
2.13
2.63
1.67
4.18
1.77
1.77
2.22
1.5
0.14
4.83
0.57
4.96
2.76
1.4
0.38
1.25
1.97
4.09
3.53
0.75
4.54
0.71
3.5
4.15
1.67
3.51
1.11
0.17
1.93
0.03
4.79
0.44
4.15
4.02
3.89
4.61
0.04
1
1.37
4.18
3.86
2.57
4.92
1.5
2.81
1.18
2.83
4.17
1.57
0.03
3.14
0.65
0.21
4.24
3.54
2.98
1.83
4.28
0.47
3.05
0.73
2.31
0.35
4.31
2.04
4.13
1.46
0.3
0.11
0.59
0.2
1.95
0.84
1.73
3.46
3.61
3
1.51
1.73
3.29
4.04
1.28
3.28
1.86
0.08
4.59
4.25
3.18
2.69
2.34
2.38
3.84
1.09
4.2
2.85
2.79
3.79
1.34
1.11
3.26
1.87
1.15
4.98
0.37
0.62
0.72
4.22
3.68
4.83
3.46
3.69
4.76
2.88
1.2
1.19
1.42
4.85
1.99
4.57
1.83
3.49
4.97
2.86
2.38
2.43
4.68
1.76
0.94
3.9
0.88
1.34
0.33
0.37
1.65
3.43
2.4
0.91
2.19
1.91
2.35
4.27
3.21
4.68
3.46
3.68
1.79
1.09
4.76
0.37
3.57
0.55
2.53
4.23
0.22
3.13
3.71
1.48
4.7
1.63
1.99
1.41
4.19
1.48
1.02
1.76
3.84
4.93
2.78
1.44
3.32
2.37
0.2
1.17
2.08
4.48
2.76
2.27
1.76
0.02
1.76
3.07
4.97
0.24
1.76
0.12
3.09
2.97
0.03
4.84
0.66
0.08
1.6
4.38
0.95
3.62
3.63
0.33
3.44
4.36
1.15
3.16
0.17
2.34
3.9
0.61
0.66
2.55
3.62
2.11
2.89
0.36
0.75
0.67
0.03
3.89
0.03
4.79
2.99
2.22
1.99
1.5
4.24
3.99
3.65
0.62
4.22
0.65
0.26
2.51
4.29
4.94
4.94
0.24
3.14
1.4
1.77
1.58
0.62
3.21
1.05
0.91
2
2.41
0.64
3.53
1.11
4.08
0.29
4.82
4.5
1.25
0.94
1.5
1.14
4.29
3.31
2.61
0.58
0.36
1.56
1.11
3.65
1.96
2.66
3.11
4.87
4.34
1.47
4.85
2.46
4.84
0.72
2.5
2.01
4.81
0.93
2.52
0.33
2.5
0.95
2.34
1.01
3.86
3.68
4.78
0.86
0.16
1.71
3.66
4.8
0.47
4.36
2.27
1.8
2.35
3.64
0.41
2.72
4.3
4.28
0.16
1.38
0.8
4.43
0.14
4.22
1.1
0.27
1.67
4.12
0.68
1.41
0.44
3.62
2.78
1.37
2.79
4.98
1.1
3.35
4.31
4.06
0.36
1.06
0.89
2.43
0.69
1.79
0.33
4.88
4.95
2.89
3.86
3.52
2.37
1.36
4.62
0.37
3.7
3.36
4.04
4.54
0.07
1.81
1.87
4.2
1.35
3.88
4.69
0.93
1.58
0.28
3.3
3.05
1.9
2.07
0.08
3.04
1.62
1.22
2.67
4.67
0.09
3.37
1.77
0.22
4.69
0.08
1.86
1.31
2.41
4.85
3.19
3.89
3.02
3.73
2.93
2.56
2.8
0.35
3.3
1.47
3.7
4.51
3.77
2.53
2.01
3.98
2.04
0.53
2.72
2.41
2.85
4.66
0.02
0.1
4.26
4.15
4.27
2.64
3.57
2.63
2.57
4.12
2.4
3.13
4.36
0.11
1.77
1.63
0.53
2.44
0.31
2.3
4.23
0.53
0.01
3.61
2.64
2.25
0.07
4.87
3.81
3.29
0.41
3.35
0.83
1.31
0.36
3.25
3.53
2.25
3.31
3.22
3.31
2.04
3.57
1.34
0.91
0.78
3.43
0.12
2.3
3.95
3.09
0.38
2.73
0.33
4.41
3.5
1.05
1.21
2.51
0.46
0.5
0.53
0.02
4.67
3.51
2.7
2.64
1.76
4.25
1.63
0.32
4.63
2.2
3.74
3.56
0.79
2.78
1.18
3.11
1.11
2
0.63
1.77
0.4
1.37
2.71
0.37
1.51
0.05
4.95
1.88
1.46
0.54
1.91
4.36
4.53
2.89
0.84
2.71
1.31
0.22
4.45
2.86
2.93
1.35
2.86
0.97
3.22
4.91
0.76
0.3
4.99
0.83
0.55
3.3
4.58
4.18
0.38
3.36
0.24
2.46
4.8
0.13
0.17
4.37
0.87
3.99
3.17
1.75
0.42
1.4
4.3
4.71
2.91
1.46
2.25
2.57
3.51
3.72
4.43
1.04
3.13
0.11
2.11
3.97
2.84
4.14
2.16
2.4
1.72
1.84
2.35
3.85
4.1
1.4
3.23
1.1
4.81
1.76
4.63
4.82
4.37
3.04
1.3
0.31
1.39
2.42
0.61
3.19
3.24
0.67
3
2.35
1.29
2.71
2.53
0.16
0.12
0.34
0.44
2.32
4.02
2.25
0.7
4.5
4.47
2.35
3.78
2.33
4.77
0.46
0.72
2.78
0.59
3.87
0.24
2.46
2.03
3.47
1
4.6
4.33
0.06
4.52
4.63
3.41
4.67
4.16
3.36
0.99
1.55
4.14
0.68
3.25
1.48
2.91
3.94
0.02
2.03
2.38
3.29
1.44
2.21
0.01
2.06
0.75
1.24
2.15
1.66
0.45
4.59
0.4
0.12
4.45
4.53
2.01
2.28
3.02
3.75
1.24
2.41
1.53
2.94
1.45
4.54
2
4.14
3.21
0.64
3.21
3.12
4.33
0.23
3.97
0.61
0.44
1.64
0.52
0.13
0.97
4.92
3.9
1.28
4.14
2.45
3.92
3.63
0.01
4.73
3.62
4.34
4.99
0.58
1.42
2.95
2.86
1.78
1.44
2.15
0.94
3.09
2.54
3.74
2.7
1.28
1.08
4.6
0.17
0.4
0.71
2.83
0.08
4.5
1.87
3.64
4.05
1.71
4.77
1.94
3.08
1.13
3.71
0.78
3.24
2.21
1.34
3.61
1.81
2.37
1.89
4.22
2.92
4.61
3.68
1.82
0.39
1.65
0.94
1.1
3.78
2.29
2.48
3.01
0.85
1.92
3.23
3.78
2.54
1.56
3.16
4.71
4.22
2.68
1.52
1.72
4.24
2.41
0.7
4.39
2.23
1.85
4.94
2.17
2.84
2.68
3.81
2.72
2.83
4.63
0.4
1.11
0.95
2.81
4.83
1.19
3.03
3.29
0.76
0.38
0.62
1.14
3.22
4.26
4.98
0.2
1.09
4.97
3.91
3.5
2.54
4.8
2.59
0.42
2.35
3.61
2.94
3.78
3.27
0.26
2.1
2.86
0.21
3.12
1.87
4.41
3.13
3.24
0.6
3.29
4.59
4.56
4.93
3.32
0.26
3.85
3.66
2.19
4.19
0.32
2.68
1.85
0.62
4.94
3.83
0.77
3.06
1.72
0.38
1.63
4.98
0.34
1.3
2.41
3.14
2.76
2.63
0.54
4.14
0.55
3.44
3.01
4.7
1.21
1.75
3.16
2.48
4.02
3.2
3.79
3.91
0.36
4.49
2.5
4.79
0.55
4.8
0.7
4.09
2.98
2.34
4.92
1.06
0.66
0.52
2.72
4.63
0.39
2.96
4.87
0.48
2.38
3.66
1.75
0.74
2.11
2.41
0.79
4.99
2.77
1.62
4.52
0.46
3.16
1.18
4.45
2.86
3.31
2.37
2.13
0.64
2.53
1.19
3.13
2.3
4.34
1.82
2.07
3.07
4.68
1.77
3.12
3.93
1.33
2.06
0.23
1.6
2.06
4.96
3.73
0.44
0.94
0.69
2.7
1.13
2.05
0.71
3.62
3.02
0.44
2.8
0.06
2.59
3.13
4.42
4.45
3.22
0.03
3.74
1.22
3.78
0.21
0.9
4.04
0.33
2.92
3.26
0.2
3.22
4.66
4.58
3.02
1.76
1.98
1.96
1.64
3.53
4.42
2.61
1.18
0.89
4.86
4.43
1.84
2.24
3.46
1.72
4.22
0.63
3.43
0.55
4.43
1.45
1.34
0.09
4.1
4.83
1.01
0.76
3.07
2.83
3.71
4.6
0.8
2.36
2
3.55
1.3
2.75
4.68
2.69
0.11
3.38
4.58
4.27
3.05
1.27
2.81
3.38
0.37
4.17
2.43
1.69
3.53
4.39
2.61
2.83
2.02
4.8
2.44
0.08
4.81
3.74
1.48
0.51
4.87
3.82
0.76
4.29
4.88
3.29
1.63
1.03
0.64
0.42
4.9
0.8
3.1
4.92
0.09
0.77
3.12
3.24
4.32
4
3.61
1.82
2
3.18
2.08
3.11
4.87
4.94
4.42
2.6
4.66
2.88
2.51
4.82
3.76
0.07
4.27
1.35
2.64
3.89
3.15
2.19
1.45
4.25
1.06
0.27
1.23
0.06
4.92
3.2
1.32
0.97
3.05
1.8
1.06
0.81
4.4
0.4
1.67
1.8
4.18
1.19
4.01
1.51
4.39
3.86
0.01
0.73
2.84
3.19
3.69
2.19
3.98
4.26
4.26
0.45
3.92
0.54
0.82
3.08
0.41
2.03
1.11
4.93
3.55
4.99
3.55
1.17
4.15
0.44
4.31
1.71
0.6
2.92
3.21
2.05
4.7
1.8
2.24
4.13
0.53
3.28
0.96
4.51
4.98
1.13
2.44
3.03
2.66
3.33
4.53
4.36
2.58
4.24
0.19
3.39
3.51
1.96
3.33
2.16
3.65
3.16
1.66
3.08
0.74
3.25
0.65
0.31
4.3
2.52
1.54
4.35
4.5
1.39
4.62
0.04
2.77
2.42
4.45
1.62
1
3.33
0.66
2.56
4.1
2.82
2.61
2.28
2.46
2.48
3.42
4.42
4.08
3.47
0.2
0.83
0.77
2.26
4.58
0.03
4.49
2.1
2.26
0.21
3.3
3.54
1.53
0.81
1.09
4.28
1.53
2.81
2.28
0.09
4.64
2.51
2.5
2.24
4.23
1.16
1.34
0.61
0.79
4.92
0.64
2.13
4.42
3.96
4.26
0.4
2.41
4.82
1.92
0.07
2.16
2.78
2.52
0.53
1.26
0.05
2.36
4.02
3.66
2.29
4.23
3.85
3.94
4.78
2.08
1.86
0.15
4.86
0.86
0.35
0.48
0.33
1.62
2.9
2.35
1.98
3.2
2.87
1.4
4.16
3.54
2.29
0.05
2.69
3.75
2.24
1.95
3.52
4.48
0.87
3.71
4.92
2.81
2.72
0.49
1.13
4.35
0.28
4.32
1.11
4.5
0.96
3.25
3.89
3.24
0.79
1.38
1.43
2.12
3.49
3.14
4.87
4.41
0.62
3.44
1.67
3.64
4.42
4.26
0.33
4.91
4.95
4.49
3.04
2.7
4.71
1.34
1.7
3.87
3.81
2.4
4.9
2.44
1.5
1.72
4.75
3.79
2.57
1.49
1.06
2.59
4.14
3.43
3.9
4.05
0.19
4.58
1.79
3.25
3.14
1.82
3.47
3.35
3.2
4.16
3.37
0.26
0.84
3.52
3.44
1.1
1.61
0.4
3.71
2.65
1.01
5
2.19
1.86
3.99
3.78
3.47
4.59
2.82
3.64
3.14
1.46
1.09
3.87
2.44
4.78
1.44
3.53
4.61
4.12
4.11
1.19
1.89
0.32
0.24
4.8
1.91
0.83
3.73
2.75
4.85
0.82
0.23
2.68
4.08
1.81
3.05
0.99
4.39
3.56
2.39
2.42
2.31
2.19
4.44
2.95
1.25
3.86
0.95
2.65
4.28
3.09
1.7
1.34
4.22
0.25
2.04
4.75
3.23
3.15
1.85
2.96
3.45
2.52
0.57
0.43
3.9
4.09
3.28
4.15
3.66
0.82
3.46
2.34
2.66
2.44
1.06
3.41
4.53
1.76
1.85
