2.78
4.99
4.45
0.48
2.64
4.53
3.14
4.08
4.16
3.04
0.32
0.69
2.24
0.01
1.66
2.84
1.65
4.3
0.96
3.47
1.36
2.77
0.19
0.9
2.12
2.66
4.19
3.39
3.28
1.52
0.01
2.43
4.48
2.55
2.69
2.05
3.2
4.4
3.38
1.09
1.43
1.23
1.41
1.51
4.4
1.34
1.92
1.42
2.11
4.6
0.24
2.87
3.73
0.56
4.09
3.96
1.97
4.61
3.91
2.69
4.46
1.08
4.25
4.08
1.16
0.33
4.39
3.91
2.21
0.55
1.26
1.28
3.38
4.9
1.11
0.01
1.74
3.99
0.94
3.15
1.68
3.66
2.05
0.12
3.64
1.35
0.75
3.66
3.33
0.26
2.95
3.16
3.24
0.6
3.08
1.21
4.11
1.69
2.07
0.02
1.46
3.5
1.11
3.67
4.14
3.36
0.25
4.28
1.92
1.79
3.88
4.54
0.87
3.41
4.76
0.93
1.33
3.51
3.07
1.85
0.13
4.68
3.88
1.15
0.98
1.01
3.78
0.63
3.43
2.33
1.57
4.43
4.52
2.43
0.12
0.28
3.64
0.38
1.47
4.45
1.94
4.76
1.13
0.8
4.81
4.96
4.13
4.67
1.88
2.18
0.79
1.78
2.92
4.51
3.66
4.02
1.31
1.93
4.26
4.98
2.54
0.91
4.72
2.5
0.04
4.99
2.17
0.07
1.92
1.73
1.09
3.18
1.2
1.12
2.41
0.96
1.8
0.93
3.59
4.76
3.31
1.49
0.67
4.49
3.97
3.39
3.13
4.28
2.47
1.58
2.02
3.78
0.75
1.1
3.22
1.25
4.79
2.22
4.26
0.35
1.31
3.14
2.41
1.8
4.55
0.24
0.24
1.42
0.8
0.29
0.31
4.37
4.99
1.63
2.65
1.28
0.11
3.26
4.36
1.27
1.09
0.38
3.28
0.83
3.94
1.16
1.3
4.71
4.22
2.81
1.04
4.18
4.14
4.45
3.3
0.43
1.97
4.85
2.55
2.69
1.41
4.3
0.89
0.86
2.51
1.17
4.18
2.64
2.91
2.29
2.12
4.77
0.72
4.73
4.94
3.46
4.15
1.9
0.73
2.64
2.46
4.01
2.63
0.43
0.12
2.88
2.7
3.13
1.64
4.43
1.73
1.06
0.67
1.19
0.44
2.36
0.51
2.71
0.08
1.79
3.58
4.72
1.49
1.61
2.03
3.87
0.46
1.92
1.29
2.84
0.45
1.7
2.14
0.52
2.67
4.47
0.95
1.34
1.44
3.33
1.57
4.09
4.89
3.36
2.48
3.91
1.67
4.08
1.76
4.87
2.33
4.67
1.28
0.51
3.22
3.62
3.41
3.36
3.81
3.04
2.3
3.08
1.72
2.86
4.07
1.28
0.22
1.11
2.82
2.62
1.73
1.37
0.29
4.07
1
1.3
1.01
4.5
0.79
4.22
0.58
2.62
1.32
1.67
0.47
0.79
3.74
1.63
1.01
3.75
0.6
1.93
4.45
4.41
0.1
4.43
3.26
0.24
3.1
4.08
4.07
4.58
1.69
3.14
3.7
3.14
1.84
1.82
3.06
1.86
3.16
0.87
1.78
3.1
2.35
1.56
0.78
0.5
1.1
4.68
1.4
1.12
4.54
3.27
1.21
4.2
1.84
2.39
0.36
1.32
1.63
3.9
4.75
2.17
2.58
1.41
0.09
2.41
3.81
2.95
1.23
4.26
1.41
2.63
1.66
3.52
0.29
3.41
3.14
1.97
3.91
0.66
3.64
0.26
0.25
4.98
0.23
2.8
3.44
1.24
1.21
4.49
2.74
4.53
4.73
1.12
3.98
2.43
1.87
0.4
2.07
3.3
4.69
0.15
2.24
4.71
1.38
2.49
4.03
1.27
3.82
4.21
4.33
3.75
4.01
2.72
0.67
0.82
1.62
3.95
3.2
2.37
2.04
4.79
0.53
1.02
0.88
4.41
1.69
4.07
1.62
4.3
0.18
1.14
4.33
4.55
3.76
2.97
0.4
4.41
1.04
0.89
1.74
4.39
0.2
1.14
3.9
1.68
3.56
3.95
0.72
2.32
2.04
1.05
4.7
4.15
2
1.68
0.84
1.16
4.33
4.71
1.57
3.32
0.97
4.96
2.19
2.04
4.39
4.18
1.75
3.21
1.25
2.42
4.66
0.12
0.74
4.75
3.91
0.23
3.52
2.84
4.93
0.34
1.05
2.99
3.27
1.33
3.49
1.12
1.68
3.17
3.99
1.11
4.19
4.63
0.7
2.44
0.44
3.26
2.27
0.61
4.6
0.64
4.21
1.19
0.21
1.46
3.71
3.92
2.28
0.11
1.38
2.58
1.8
0.8
3.22
3.16
1.57
3.28
4.65
0.31
1.72
1.14
2.59
2
4.51
0.78
3.95
4.22
0.49
2.04
0.34
4.28
1.95
3.07
3.7
4.23
3.46
4.87
1.99
4.26
0.07
1.35
3
1.09
1.59
2.4
4.74
4.79
1.01
4.23
1.65
3.48
4.09
1.8
2.56
2.06
4.61
0.33
2.99
2.92
1.65
3.65
3.37
0.75
0.35
4.9
1.42
4.04
0.95
1.37
4.76
4.43
0.51
2.68
0.39
1.63
1.35
3.58
2.27
1.76
1.37
0.48
2.5
4.32
3.24
3.3
1.42
1.12
3.48
2.25
2.35
4.13
0.15
2.16
3.93
0.47
2.1
3.7
4.01
2.3
2.38
0.62
3.8
4.19
4.61
1.27
1.52
4.4
0.71
2.86
4.79
4.11
0.12
1.69
3.38
0.44
4.44
0.31
1.19
1.52
3.76
3.21
3.18
2.86
1.55
3.84
4.7
3.69
2.09
2.04
2.06
4.33
0.45
2.56
0.75
4.96
3.38
1.56
1.56
0.06
0.52
4.6
3.53
2.98
1.45
2.77
3.95
0.54
1.44
4.49
4.54
3.43
3.05
2.57
0.67
2.57
0.42
2.21
2.25
1.73
2.93
1.11
1.62
4.3
4.27
2.79
3.79
0.45
2.77
2.71
2.96
2.96
1.02
0.82
2.69
1.8
4.85
2.12
1.84
4.3
3.14
3.55
1.33
0.44
0.7
4.25
3.56
1.43
2.84
1.34
1.07
3.95
0.9
2.63
3.72
4.98
3.96
1.09
1.71
0.1
2.21
4.18
2.88
0.85
1.13
0.18
2.41
1.27
4.33
2.05
0.89
4.46
1.27
2.18
3.03
0.16
3.5
3.65
1
1.05
2.96
1.49
4.04
3.88
2.74
0.8
2.63
2.77
4.28
0.63
2.79
1.56
3.22
1.71
0.06
3.07
4.16
2.79
1.42
0.75
0.54
0.31
2.41
3.92
3.21
2.94
3.78
2.66
0.04
0.41
1.88
1.96
0.05
0.74
0.72
1.33
1.87
0.37
0.5
2.13
3.49
0.04
0.75
0.14
0.54
4.34
3.42
4.14
1.5
2.01
2.4
0.32
3.58
4.87
1.03
1.9
3.69
1.67
1.49
0.4
3.99
3.11
3.86
4.88
0.93
3.35
0.75
4.09
3.08
3.5
3.56
0.04
4.78
4.25
0.52
2.92
4.35
4.69
2.49
3.72
4.38
4.56
4.82
0.9
1.47
3.16
4.49
0.53
4.7
2.58
2.41
3.46
3.4
2.4
2
4.43
4.02
2.57
1.43
4.03
0.17
1.2
0.13
1.46
2.89
4.92
2.32
4.88
0.88
2.95
1.4
0.05
1.99
3.81
2.54
4.54
3.8
3.03
1.76
2.42
3.16
2.81
3.83
3.37
2.85
2.64
1.56
2.57
3.04
4.58
1.95
4.25
1.7
0.12
0.68
3.29
4.11
1.74
3.51
4.97
0.05
1.74
4.42
4.53
4.35
4.29
0.69
0.07
2.24
4.77
0.58
4.48
0.86
3.48
4.79
1.61
0.85
1.59
0.15
4.47
2.8
3.47
3.91
2.13
0.47
4.36
0.84
2
4.35
1.18
4.74
3.49
1.46
4.04
1.83
0.27
3.13
1.78
1.88
1.44
3.58
0.31
0.23
1.27
0.44
3.2
3.53
3.38
2.38
0.04
4.85
2.19
4.33
1.45
3.44
0.33
4.27
4.04
3.31
4.7
0.47
3.94
0.06
0.66
2.54
4.06
3.56
0.21
0.9
4.54
1.31
1.77
1.59
4.69
4.88
2.75
2.08
4.97
4.99
0.92
1.3
4.92
0.5
1.28
3.62
1.42
3.09
1.42
0.63
0.8
0.43
1.35
2.05
4.49
3.8
2.63
2.03
2.06
4.62
1.6
4.5
1.17
3.34
1.64
4.18
0.66
1.73
4.05
1.99
3.47
0.61
2.83
0.61
4.8
2.05
2.02
1.15
0.04
3.08
1.37
3.69
3.39
1.46
0.63
3.59
2.02
1.72
1.12
2.01
0.92
1.39
0.77
2.03
4.57
3.41
3.27
3.35
3.21
0.36
1.07
3.57
3.26
1.26
4.07
4.13
2.66
0.2
2.26
3.99
2.76
3.8
4.37
0.28
2.55
4.41
0.88
1.38
3.91
0.18
1.07
3.41
0.46
4.35
2.57
1.66
0.11
3.58
1.53
4.36
0.84
2.1
0.93
4.32
0.14
0.33
1.25
0.39
2.68
2.62
4.43
4.57
1.17
4.5
4.2
2.57
4.7
1.58
3.89
3.82
3.65
3.41
4.89
4.13
0.54
0.93
3.57
1.17
1.59
1.68
0.97
0.45
0.55
1.35
1.93
1.84
2.02
2.53
3.5
2.54
0.26
4.6
2.37
4.17
1
1.48
3.22
1.79
0.83
1.83
2.04
1.87
1.4
3.07
4.96
1.82
0.98
2
3.61
3.14
1.38
1.72
3.95
4.4
1.63
4.93
3.22
2.89
3.3
3.64
0.74
2.93
4.76
0.79
4.64
4.63
4.44
2.82
3.32
1.93
4.74
1.48
0.58
3.58
4.8
2.37
4.96
0.84
2.36
2.77
2
4.21
4.21
2.16
0.42
3.44
4.63
4.51
1.45
2.51
4.49
4.49
4.88
1.87
0.69
4.95
0.07
0.83
2.73
1.15
0.04
0.19
1.02
0.84
2.29
1.31
0.59
1.7
2.31
4.28
2.1
0.85
2.76
1.85
0.99
2.67
3.16
1.66
2.82
0.17
4.17
1.77
1.11
2.36
4.14
1.51
3.36
2.21
1.75
2.16
0.46
2.53
1.48
0.38
3.51
1.97
4.42
2.03
4.62
0.3
2.3
2.58
4.45
3.7
1.47
4.89
1.31
2.92
1.27
4.03
4.52
4.03
0.1
1.47
2.39
0.79
3.63
1.77
1.03
3.22
4.4
1.58
0.63
2.65
3.29
2.47
0.48
0.42
2.78
0.88
2.41
4.76
0.43
4.05
4.03
4.02
0.3
1
0.55
4.31
3.95
1.24
4.07
2.33
1.06
0.7
2.79
2.73
1.08
4.08
2.1
1.84
1.76
3.91
3.98
1.77
4.93
3.03
3.38
4.48
4.8
2.8
1.4
1.19
4.78
1.2
0.71
3.56
0.36
3.86
3.34
4.51
2.9
1.62
0.78
4.01
0.14
2.14
0.78
4.5
0.73
1.95
3.74
1.23
2.38
1.67
1.41
3.66
4.94
0.73
2.03
3.78
3.05
2.41
1.78
3.14
1.98
0.12
1.92
3.79
3.68
1.21
0.95
0.88
4.08
0.38
4.93
0.86
3.73
3.7
1.89
3.3
1.1
3.5
3.72
3.84
3.06
0.76
0.44
0.04
4.9
1.39
3.31
3.17
2.51
2.13
4.88
0.92
4.16
1.24
2.92
1.2
3.43
2.06
3.9
2.09
3.2
1.29
1.87
1.55
1.52
3.29
3.26
3.97
2.1
2.89
1.48
4.87
1.62
4.76
3.83
2.2
0.19
2.86
2.88
3.14
2.25
1.26
4.2
2.36
1.28
2.22
0.96
3.48
0.12
3.97
4.84
0.88
2.16
1.61
2.11
2.7
2.86
0.44
3.51
4.83
1.71
3.16
2.91
4.47
5
1.13
3.89
3.51
2.99
3.41
2.09
1.82
3.99
1.52
0.88
4.39
0.24
1.85
2.82
2.87
2.45
0.26
0.79
4.61
1.88
2.14
4.81
3.72
0.09
1.21
2.37
3.56
4.86
3.72
2.2
1.99
2.87
4.54
0.85
4.3
1.97
3.68
4.73
3.64
0.67
4.09
3.9
0.97
4.45
2.24
3.32
4.87
4.7
0.28
3.41
1.56
4.19
4.53
4.4
2.54
4.93
1.92
4.86
2.48
2.7
1.87
2.69
2.12
2.89
3.41
4.43
0.8
3
0.17
3.21
2.22
2.39
2.76
0.43
3.72
2.89
2.57
3.47
3.1
0.8
0.5
3.09
3.16
0.96
4.52
2.36
0.96
2.92
2.79
0.9
4.99
1.19
4.08
4.97
1.51
3.68
4.47
4.77
2.43
2.42
0.08
2.68
3.93
1.16
0.34
3.3
4.66
2.73
3.65
1.79
2.88
4.24
3.19
2.24
3.52
1.74
4.41
1.31
3.18
1.65
2.98
1.06
3.2
3.35
4.76
4.31
3.6
1.17
4.57
4.51
0.64
4.48
0.95
3.75
2.26
1.2
2.87
0.66
4.63
2.47
2.49
3.97
2.87
1.64
1.46
0.45
3.48
4.44
2.24
4.73
0.04
4.28
0.24
0.31
4.67
1.37
0.75
3.57
3.46
0.15
0.21
2.58
3.34
0.96
2.3
2.97
4.52
3.47
4.92
2.23
2.13
1.69
3.71
0.37
2.84
4.84
0.39
2.15
2.61
4.2
3.07
0.01
3.63
0.6
0.64
4.09
4.68
2.72
3.33
0.65
2.03
1.13
1.5
0.89
4.58
3.88
4.3
1.06
1.41
2.33
1.99
3.24
3.05
1.91
1.45
0.21
0.95
0.16
1.41
3.79
2.43
3.75
0.18
4.67
4.48
4.54
2.76
1.35
4.94
2.1
4.17
1.52
4.64
0.41
1.09
3.44
1.01
2.74
2.04
1.62
1.09
3.47
2.45
1.24
2.4
1.71
3.26
1.03
1.13
4.88
2.23
2.98
2.65
4.81
2.72
1.95
1.5
2.37
0.26
1.98
1.25
4.46
4.9
1.45
2.04
2.4
0.93
3.89
1.67
2.15
4.93
4.62
4.54
2.7
0.18
3.32
3.32
2.25
3.52
3.91
4.48
3.86
3.75
2.96
1.88
1.74
0.76
0.4
3.74
3.57
2.04
0.61
4.09
3.41
0.1
2.38
1.07
0.11
3.32
1.8
1.79
1.85
4.93
4.69
0.05
2.8
4.23
0.78
4.25
2.79
1.18
3.09
2.48
3.88
2.25
0.72
1.08
1.51
1.5
2.95
1.71
4.45
2.58
2.25
3.53
1.78
3.88
4.36
1.88
1.73
4.83
4.69
1.26
1.29
2.36
2.36
4.22
0.02
2.5
3.01
2.75
2.1
3.98
1.31
1.92
4.06
2.49
3.46
1.05
3.03
1.55
3.32
3.32
2.68
4.74
0.48
4.65
0.6
1.47
0.09
0.94
2.83
1.89
1.4
2.97
3.34
4.77
3.04
2.52
1.75
4.69
2.45
0.29
3.63
2.92
4.01
2.12
2.26
2.61
0.09
1.81
1.99
0.18
2.56
1.24
0.61
3.13
1.9
4.67
1.85
0.99
0.19
3.96
3.24
1.45
3.07
1.71
0.36
4.51
3.32
1.74
3.58
1.38
1.22
0.72
2.39
3.9
4.94
0.8
4.86
4.94
1.69
1.92
2.05
0.29
0.69
4.71
1.95
0.29
2.46
4.6
0.73
2.99
2.02
0.85
1.61
4.66
1.73
2.32
1.41
1.48
1.92
4.44
0.25
3.72
4.23
1.56
2.29
0.04
1.52
1.46
3.24
0.86
3.4
0.73
1.49
4.92
1.81
3.8
3.68
1.76
4.32
1.99
0.24
0.33
3.82
4
3.24
2.15
2.03
3.79
1.16
4.87
1.18
4
0.52
2.03
4.87
1.29
3.46
4.11
0.4
2.66
4.12
0.78
1.4
1.09
1.78
1.48
0.34
3.66
1.95
1.51
1.4
4.62
0.41
4.19
4.43
1.15
1.91
0.41
0.34
4.84
4.8
4.98
0.14
3.17
3.63
2.88
4.2
1.51
0.28
3.6
1.93
1.1
1.95
4.88
0.64
0.11
3.18
3.39
4.89
4.96
0.14
2.79
3.16
3.7
2.36
2.34
0.05
4.22
1
4.28
1.49
2.01
2.65
0.94
3.14
4.07
4.76
0.24
4.56
4.11
4.44
1.19
3.36
1.52
4.69
1.9
0.68
3.54
2.94
3.38
1.18
0.33
4.66
3.74
2.29
1.26
4.63
3.19
4.12
2.21
1.79
1.28
0.85
4.62
4.87
3.74
3.54
4.34
4.27
0.14
3.44
2.97
2.16
4.4
2.83
2.96
3.41
3.42
2.17
0.3
3.81
3.28
4.17
4.17
1
3.13
0.24
3.1
3.42
0.23
0.76
4.16
1.63
0.95
3.54
0.11
3.99
0.49
2.74
2.13
1.02
2.8
3.16
4.74
1.48
2.48
4.08
4.54
1.5
3.81
4.37
4.67
0.15
0.88
1.04
4.11
1.1
4.38
0.01
3.29
0.24
2.7
2.96
0.23
2.99
3.65
4.33
3.44
0.69
0.52
1.86
4.46
3.14
4.88
1.26
1.7
0.9
1.89
2.84
4.1
4.99
4.1
1.58
4.37
2.13
2.17
0.47
0.58
1.69
0.14
4.11
1.08
4.02
2.35
4.1
1.06
1.38
2.01
4.49
0.01
1.97
4.81
0.81
4.56
0.14
2.09
3.72
2.37
2.07
4.58
2.73
3.85
0.04
4.34
1.61
1.64
1.82
1.65
2.2
4.93
1.04
0.37
2.3
0.78
1.23
4.39
2.6
0.24
0.84
4.62
1.02
2.07
3.57
0.81
0.49
0.77
3.68
2.51
4.37
3.79
4.77
3.22
0.63
4.44
4.8
2.88
2.74
0.6
1.53
1.33
2.99
4.47
4.26
4.66
1.32
4.32
4.38
0.64
3.63
1.44
1.19
3.36
0.35
1.52
2.45
2.12
0.44
2.74
4.47
3.36
2.41
0.6
4.63
4.21
3.32
1.52
3.04
0.69
1.94
1.66
1.14
1.89
2.38
1.61
3.65
1.72
2.55
0.75
1.32
0.44
4.48
3.43
1.42
4.76
3.08
2.64
4.91
3.96
0.03
3.71
0.4
3.29
4.72
4.15
3.99
3.28
4.42
2.49
4.62
2.8
3.73
3.33
1.3
4.14
4.93
4.48
0.07
3.19
1.78
1.74
3.2
1.61
1.8
4.16
1.11
3.18
1.86
3.63
1.42
4.63
1.59
0.4
3.1
1.14
2.64
4.72
4.91
2
2.77
4.25
3
0.81
0.94
1.16
2.65
1.09
3.95
1.01
2.69
3.42
2.6
0.82
0.07
1.48
3.46
2.16
0.22
2.43
3.29
3.71
0.89
0.15
2.23
1.74
3.04
4.88
3.27
2.08
3.71
4.86
1.43
1.84
3.26
4.02
0.31
4.51
2.52
4.07
0.25
4.57
2.96
1.7
0.13
2.04
1.42
0.87
1.97
3.05
2.37
3.73
4.11
2.21
2.89
0.26
1.02
4.73
2.82
0.96
4.34
0.86
1.09
1.21
1.82
1.66
0.98
1.85
3.77
2.12
3.19
3.19
2.77
1.79
1.08
4.99
0.7
4.66
1.28
4.98
3.72
4
4.46
4.63
4.28
2.42
2.79
2.52
3.43
1.95
2.54
0.68
2.87
4.3
1.14
1.17
2.14
0.92
3.36
2.37
4.69
1.63
2.29
2.26
4.36
3.22
1.96
0.76
3.76
2.62
4.82
1.18
3.21
1.06
0.67
0.7
1.98
0.24
3.85
3.2
1.32
4.59
3.81
3.92
0.72
1.32
2.59
1.28
4.18
3.89
1.02
3.6
1.84
3.99
0.4
1.57
4.61
4.08
4.64
2.3
2.66
2.28
3.45
2.11
2.63
2.93
1.34
1.88
0.16
1.6
1.81
1.52
4.63
0.75
3.41
1.58
3.06
4.77
3.47
4.23
0.84
3.69
4.45
2.3
3.06
4.96
1.1
4.69
3.98
1.22
1.83
2.14
4.86
1.7
1.84
1.3
3.36
1.43
0.63
2.69
4.85
3.32
1.09
1.71
5
2.51
3.04
4.46
0.04
4.57
2.31
4.83
0.87
0.35
1.83
2.61
4.45
1.8
2.48
3.54
2
2.36
1.55
4.24
4.5
2.32
0.51
0.79
0.12
1.41
1.6
2
4.43
4.82
1.39
2.97
2.84
4.82
4.05
0.86
0.15
4.8
2.14
4.71
2.49
1.63
3.16
3.64
1.8
2.18
0.69
4.63
1.71
3.56
0.22
1.37
3.19
2.88
1.46
2.21
3.64
3.6
2.84
2.43
0.92
1.27
2.31
0.59
2.73
3.31
2.12
1.38
4.5
2.98
3.47
2.89
0.89
1.79
0.94
1.74
0.66
1.82
0.56
2.95
1.92
4.87
4.36
3.78
3.66
3.16
2.93
2.55
0.12
1.63
2.45
2.02
2.33
2.06
0.29
3.31
1.1
1.3
4.41
4.41
4.54
3.07
3.76
2.41
4.53
3.16
1
1.03
2.53
1.39
0.67
0.08
0.66
2.79
2.79
0.38
0.2
3.04
2.83
2.12
3.5
2.78
4.59
4.79
2.8
3.19
0.11
0.84
3.3
1.75
3.91
2.51
2.96
0.62
0.02
3.6
1.92
1.19
3.98
0.94
2.81
3.58
2.82
