0.64
3.23
1.52
2.46
1.28
1.01
1.98
3.9
2.55
4.04
2.33
3.83
2.19
1.8
0.02
0.21
0.71
1.55
1.31
1.38
3.6
0.13
0.93
0.98
3.57
2.14
1.2
3.36
2.86
0.07
4.07
0.44
4.38
0.71
1.96
3.29
1.85
2.66
1.8
0.65
3.32
1.71
2.68
3.25
1.86
1.09
1.89
2.44
2.63
0.13
2.17
0.78
2.41
2.52
3.08
3.85
1
4.36
4.29
1.83
2.73
3.48
2.15
1.03
3.62
1.59
1.32
2.63
2.87
1.78
3.08
1.25
4.6
0.93
1.57
1.02
1.29
0.97
2.36
2.71
3.85
4.47
1.78
2.1
4.4
2.33
3.56
3.02
0.74
0.14
4.15
0.66
4.87
1.98
0.88
1.59
3.25
0.25
0.81
1.2
1.73
3.45
1.81
0.07
1.93
3.26
4.93
1.75
1.47
2.96
3.95
2.75
3.98
2.93
2.27
2.94
2.84
1.57
4.02
2.44
1.97
1.03
1.62
4.73
4.33
2.36
1.83
3.49
1.96
0.14
2.76
4.15
1.84
3.6
2.09
3.08
2.61
2.23
4.63
1.69
2.02
3.24
1.43
1.83
0.21
4.36
4.25
3.93
4.97
0.47
2.31
0.46
4.16
0.97
1.14
1.13
0.22
3.85
3.02
3.14
2.53
3.81
4.96
3.96
0.76
3.22
3.42
3.03
0.3
1.64
2.36
0.95
0.85
0.72
3.8
4.22
0.49
2.57
3.89
0.78
2.59
4.01
2.96
3.43
0.37
1.39
2.82
1.93
3.59
2.38
4.58
0.92
0.95
3.11
3.7
1.26
2.84
1.22
0.2
3.32
2.44
0.73
1.98
2.18
0.04
0.69
1.12
1.54
1.06
0.04
3.82
4.05
4.53
2.64
1.58
3.93
4.35
1.95
0.27
3.27
2.06
2.54
3.43
3.24
0.6
3.95
2.37
4.17
4.87
4.71
2.65
1.88
4.47
3.63
0.46
2.54
0.35
2.06
2.23
1.57
1.83
0.34
3.06
3.32
1.41
3.96
0.05
0.89
4.35
2.62
0.04
0.9
2.49
0.14
1.75
1.54
4.47
0.24
0.93
0.41
2.94
3.63
3.72
2.68
1.78
3.91
2.81
1.98
0.47
2.72
4.44
3.2
0.61
4.33
0.96
1.33
1.12
3.23
4.38
3.51
1.19
1.46
4
0.84
1.54
1.62
2.47
1.9
0.52
4.62
3.25
3.06
4.58
2.43
1.64
0.69
0.52
0.33
3.99
2.75
2.2
0.34
2.44
3.68
4.75
0.04
3.8
0.46
0.72
4.51
0.24
3.56
4.42
0.03
3.64
1.99
1.95
4.99
4.82
1.41
1.61
3.81
3.11
1.75
3.43
2.26
1.19
0.11
2.43
3.88
0.68
3.08
0.34
3.42
0.91
3.74
0.06
2.06
3.53
4.65
3.71
0.55
0.38
0.58
0.83
1.54
2.33
0.76
1.04
0.88
2.74
3
0.73
3.95
2.09
0.31
1.68
2.82
1.8
2.87
0.67
2.6
0.18
0.3
0.13
1.95
4.34
3.76
2.13
4.38
2.24
3.46
3.06
2.17
4.89
3.67
2.65
3.65
0.31
3.01
3.83
2.02
4.88
4.8
2.96
0.91
4.26
4.94
2.45
3.17
3.65
1.88
1.11
4.83
1.64
1.02
0.76
2.13
1.08
2.41
3.03
4.75
4.27
1.47
1.57
1.31
3.32
3.58
3.15
1.59
1.49
3.41
1.13
4
0.71
1.85
0.05
4.67
1.91
2.87
1.92
3.17
2.63
0.63
3.6
0.36
4.22
4.69
1.92
4.27
2.93
2.53
1.51
1.91
0.08
1.7
1.19
1.01
2.72
2.86
2.16
3.5
1.81
0.42
4.4
2.58
3.56
3.45
2.49
1.75
2.2
0.61
2.55
0.41
2.88
0.89
4.84
1.25
0.89
3.9
3.43
2.03
2.87
1.69
4.48
3.11
1.05
0.5
3.43
1.46
0.03
4.21
1.7
4.13
2.25
4.25
3.21
1.01
2.45
2.2
2.39
2.11
2.31
3.37
4.29
4.43
0.3
4.57
2
2.5
4.32
3
4.55
1.02
1.14
2.14
2.41
3.5
2.8
4.77
0.01
0.28
2.06
0.84
5
0.11
3.59
3.01
1.38
0.16
4.89
1.45
0.25
1.08
0.6
1.66
2.37
4.98
0.47
2.7
4.69
3.62
2.5
1.18
0.2
3.6
3.76
2.09
2.05
2.24
4.13
1.57
2.01
0.71
0.79
1.69
4.67
0.22
1.54
4.57
4.44
4.05
4.22
3.69
1.13
0.22
1.33
4.74
1.05
2.04
1.2
2.61
3.69
2.58
1.05
3.03
4.6
4.84
3.08
1.4
4.69
4.62
4.86
3.24
4.02
0.65
1.32
1.4
0.25
0.6
1.47
2.07
2.9
4.01
3.91
4.09
4.46
1.08
0.48
0.99
2.67
4.66
0.81
4.02
3.45
4.12
1.35
2.34
4.95
1.13
3.25
1.06
1.69
1.93
0.23
4.71
4.98
4.4
2.05
4.15
3.22
3.15
1.79
3.38
1.97
4.96
4.28
1.13
2.18
0.49
2.16
1.44
4.86
1.41
1.51
1.06
4.8
1.07
2.84
0.92
4.05
4.72
0.02
3.71
1.63
4.5
1.49
1.82
0.12
4.71
0.78
2.37
0.44
4.78
2.02
4.27
0.63
4.38
2.38
1.04
2.98
2.66
4.92
4.53
0.84
0.8
4.06
4.94
4.02
1.45
0.43
3.66
4.27
2.02
1.82
4.51
1.03
2.76
2.13
3.09
0.73
1.37
4.86
4.41
0.98
2
3.67
2.35
4.53
2.78
1.28
0.19
0.87
0.75
3.13
1.19
4.19
1.91
2.57
4.23
0.29
3.99
0.97
0.75
4.95
3
1.69
0.01
3.34
1.49
3.14
4.5
1.88
4.75
2.46
3.14
3.76
3.32
1.53
3.34
3.97
1.18
1.86
2.14
3.32
2.39
2.69
3.08
0.33
3.64
3.63
0.27
3.2
2.68
3.9
3.43
4.32
2.37
2.37
4.98
2.33
2.45
1
2.46
3.31
0.93
4.59
2.16
1.77
4.99
1.04
2.02
3.32
1.29
1.08
4.31
3.13
4.23
1.92
3.36
1.64
4.33
3.15
3.23
1.53
1.16
4.52
1.31
0.77
3.27
0.24
4.55
3.82
1.35
0.78
1.91
2.08
0.9
4.94
0.88
4.31
1.28
3.26
5
1.55
1.2
3.47
0.96
2.39
1.66
3.89
3.72
3.56
0.17
3.87
0.77
2.69
3.42
1.88
4.61
1.97
3.24
1.19
4.73
4.55
4.68
0.64
2.46
3.24
2.92
0.3
2.89
1.92
2.75
2.28
3.73
3.69
0.95
3.42
3.84
4.1
4.53
3.05
2.66
2.75
2.88
3.97
3.68
4.77
4.58
1.13
0.12
2.26
3.4
3.72
1.11
4.26
4.36
3.16
2.61
0.5
1.8
3.61
0.62
0.66
1.81
2.35
1.67
3.72
3.5
1.04
1.4
2.21
4.48
2.23
1.37
1.12
2.09
2.06
3.88
2.64
1.25
4.16
2.03
4.57
0.19
1.11
2.29
0.52
3.77
2.17
4.3
1.49
0.02
0.54
1.57
1.61
0.29
1.33
4.68
3.04
3.97
4.61
2.33
3.69
2.49
3.37
1.61
0.08
2.96
2.95
4.18
1.4
1.53
2.03
4.51
4.38
1.16
0.07
4.44
0.77
4.83
1.76
4.19
4.72
1.83
3.44
1.75
4.74
4.74
2.19
3.02
1.55
2.73
0.75
3.75
0.77
4.19
3.33
0.44
1.58
1.22
3.81
2.92
3.1
4.42
2.26
1.53
0.75
2.8
2
0.42
0.33
5
3.6
3.37
1.61
3.58
1.51
4.49
4.66
1.1
2.82
1.34
0.22
1.2
4.26
3.41
0.78
3.95
4.75
1.42
2.18
3.07
4.02
4.14
0.1
0.32
3.33
3.54
2.82
3.12
2.27
4.55
4.7
0.56
1.11
0.79
3.77
1.5
0.38
1.3
2.96
0.54
2.35
1.44
1.21
0.99
4.73
4.03
1.65
3.07
3.24
4.78
3.45
1.64
3.76
2.7
1.8
2.14
1.1
1.72
1.38
1.19
2.71
4.87
2.1
4.34
4.5
0.62
4.15
0.06
3.32
2.7
2.71
2.41
3.61
0.43
0.2
0.33
4.92
3.14
2.37
1.12
0.8
2.05
4.97
0.34
1.69
0.98
2.22
3.52
4.23
1.95
4.46
1.59
3.87
4.27
3.51
2.44
0.07
4.54
1.38
2.47
1.17
4.32
4.23
1.68
0.39
0.47
0.47
0.21
2.29
2.7
2.07
0.96
4.49
0.81
4.1
2.85
4.15
4.79
3.17
3.56
1.73
3.06
1.61
1.4
3.29
2.88
2.87
0.31
0.62
0.41
2.66
0.25
1.37
3.17
0.81
0.25
2.2
3.39
2.89
2.26
4.98
3.59
4.39
1.81
2.92
3.35
1.34
0.79
2.08
4.2
0.19
0.95
3.57
0.44
1.42
4.79
0.51
4.97
4.01
1.17
0.37
2.74
3.8
0.38
2.39
4.44
3.36
0.33
0.16
0.22
3.81
4.04
3.32
4.68
4.1
3.21
4.33
1.2
3.22
1.97
3.47
2.76
2.29
1.2
1.21
1.41
2.62
3.93
3.26
3.71
4.73
2.82
2.22
3.13
2.67
3.77
1.45
1.23
2.57
3.05
3.6
4.07
2.93
3.94
1.58
1.82
0.65
0.07
2.99
1.83
3.71
2.09
3.17
0.11
1.96
3.52
1.7
1.13
2.33
2.07
1.04
1.74
0.66
3.76
2.99
1.92
4.93
4.31
2.05
3.39
2.03
3.45
3.92
0.55
0.3
3.81
2.18
2.89
0.77
3.87
2.13
4.09
2.28
0.57
4.65
0.29
4.64
3.84
1
3.16
1.62
4.43
0.28
1.83
0.31
0.5
0.33
2.66
3.86
0.54
4.24
2.82
2.55
0.54
4.08
1.27
0.42
3.86
0.21
2.45
2.04
4.68
3.58
1.51
0.02
4.76
4.15
0.63
4.65
3.36
3
0.03
3.24
4.33
4.08
3.89
0.15
2.67
1.84
4.59
4.9
1.76
4.07
1.6
2.2
3.92
2.29
2.88
4.36
1.21
0.57
1.94
4.15
3.03
1.09
4.54
2.34
1.4
3.8
0.02
4.28
2.25
4.11
3.94
3.2
4.39
0.82
3
2.05
1.7
3.2
1.78
0.03
4.74
4.14
3.05
3.75
0.17
3.96
1.77
4.42
3.24
3.43
2.22
2.02
4.42
1.97
1.19
0.51
3.99
3.08
4.28
1.13
3.39
4.78
0.71
2.75
3.46
0.89
0.46
0.38
1.57
0.93
0.23
2.84
0.07
2.03
1.84
4.69
1.47
1.56
2.84
0.93
4.73
0.68
3.42
2.79
1.05
3.16
1.69
4.03
4.88
3.55
2.43
2.9
1.95
0.38
3.17
2.15
0.18
2.99
1.07
3.76
1.92
1.09
4.45
1.26
1.62
2.55
1.04
3.28
2.17
4.47
2.72
4.21
1.21
0.62
0.71
3.44
1.22
2.33
2.37
1.62
4.61
4.65
2.89
0.05
2.47
2.01
1.26
3.84
2.16
1.96
3.1
3.54
0.3
2.17
4.81
1.01
0.91
2.92
2.13
0.59
5
4.16
4.9
1.84
4.99
0.75
2.47
3.56
4.35
1.45
4.06
4.06
2.29
2.71
1.53
2.41
2.59
3.41
3.43
0.61
1.46
1.8
0.23
0.63
4.97
3.74
3.94
0.67
0.22
2.95
0.94
2.29
4.98
3.95
3.44
1.89
4.55
0.79
1.87
3.22
4.41
1.19
4.53
0.17
1.55
0.57
1.27
1.15
3.69
0.42
1.09
3.34
0.85
4.27
1.8
0.82
5
1.55
4.07
4.81
1.64
1.81
3.75
2.78
2.26
0.55
4.66
4.85
3.68
1.71
3.73
3.08
0.99
0.05
0.01
3.33
0.59
2.02
2.75
3.56
1.97
2.07
0.64
0.77
4.34
2.6
4.78
1.34
3.08
2.2
2.7
0.79
3.3
2.28
4.19
0.3
1.31
4.55
1.44
0.09
3.26
4.19
1.11
2.86
4.62
0.16
3.68
4.39
2.71
2.84
3.61
1.03
2.77
3.86
4.68
3.99
4.89
4.31
3.23
1.31
3.83
2.07
1.23
2.67
3.53
3.54
2.82
3.65
2.76
2.71
4.41
0.21
3.22
0.84
3.4
2.04
3.16
0.51
4.19
2.75
2.45
1.56
1.29
4
3
2.98
2.14
2.84
1.93
4.92
1.81
1.22
2.86
1.6
1.11
3.29
3.41
4.15
2.49
3.74
4.47
2.1
4.96
2.42
1.57
2.27
4.96
3.93
2.78
1.02
1.67
4.37
4.16
3.04
1.73
1.01
1.41
0.82
1.09
1.4
3.9
2.52
0.45
3.61
0.01
0.6
0.49
2.06
2.6
3.97
1.06
2.91
1.64
3.49
4.7
1.98
2.71
1.77
1.88
4.05
2.01
0.62
0.11
2.57
1.52
0.14
3.65
3.44
0.53
2.59
1.93
3.98
1.4
0.05
3.47
2.89
4.82
2.95
0.88
1.92
3.11
3.9
1.72
2.77
1.14
0.83
0.63
0.2
1.1
4.54
2.18
3.21
0.82
4.6
1.38
2.3
3.33
0.19
0.97
2.24
0.25
2.8
2.35
1.18
2.35
1.06
1.25
2.03
2.06
2.9
2.88
2.93
4.21
0.06
0.84
0.55
2.09
0.01
3.7
4.86
1.19
0.88
4.6
2.23
0.1
2.02
1.93
0.5
2.14
3.76
3.83
0.61
0.14
1.96
3.13
0.3
2.35
3.2
3.47
4.57
4.6
2.71
4.98
4.69
1.65
3.22
2.39
1.2
4.67
2.19
3.54
2.6
3.35
2.8
3.54
3.84
0.33
1.54
2
3.6
1.77
0.45
1.21
2.44
2.28
0.11
4.89
4.17
4.54
4.86
0.59
4.26
1.16
2.83
2.84
2.1
1.27
2.91
0.84
1.83
4.81
4.9
0.96
4.94
3.08
0.68
3.65
0.17
0.56
3.06
4.66
0.46
4.94
1.39
3.59
4.71
0.15
3.38
3.28
1.86
0.35
0.32
0.28
1.58
1.88
0.72
2.17
3.6
3.83
2.57
2.15
0.04
2.06
0.12
0.28
1.77
1.61
0.98
2.45
0.32
1.72
4.49
1.42
0.98
1.09
1.15
3.89
1.04
1.92
1.23
2.83
4.63
2.18
2.54
2.36
3.51
2.64
3.48
3.35
1.83
3.13
2.66
2.51
1.95
1.44
3.76
3.69
2.9
4.53
1.9
3.9
0.04
0.34
4.39
4.69
3.21
3.91
3.59
4.93
1.67
0.98
0.28
4.11
2.69
3.84
3.45
0.37
0.03
0.13
0.14
3.5
2.86
2.32
2.95
3.75
0.46
2.26
4.23
1.39
0.14
5
4.71
4.48
1.15
1.99
0.92
3.71
4.35
4.71
1.78
2.9
2.12
1.84
1.89
4.71
1.62
4.64
3.32
0.17
2.29
4.62
3.42
1.71
3.04
4.73
1.73
3.59
3.96
1.39
1.96
4.63
1.35
2.72
3.67
4.36
2.96
0.92
4.51
0.55
1.62
2.47
0.38
0.42
4.24
2.83
2.2
2.08
3.63
4.91
2.42
2.48
3.76
4.31
3.84
2.44
3.68
3.52
1.97
1.52
3.35
3.6
1.86
2.92
0.78
2.61
1.72
0.94
1.34
2.55
0.61
1.3
3.01
0.39
2.27
3.69
3.27
4.08
0.26
2.85
1.3
2.07
2.77
2.69
4.26
2.93
4.9
1.4
0.93
0.14
0.03
2.81
1.37
0.42
1.68
1.75
1.71
0.93
1.95
2.84
4.97
4.68
4.85
1.53
1.36
1.2
4.2
1.94
2.79
2.41
0.34
3.32
2.74
1.39
3.62
3.9
1.23
4.15
0.14
3.37
3.65
3.06
4.97
2.96
0.5
0.83
1.39
3.31
3.46
2.62
0.77
4.79
3.69
1.25
2.01
1.52
0.35
2.71
1.87
4.53
4.92
3.67
3.62
0.56
3.76
2.7
3.54
4.36
0.55
4.43
2
1.91
3.21
1.91
1.22
0.15
0.5
0.57
4.17
2.76
1.74
2.8
2.94
4.76
4.98
2.01
4.25
0.85
3.56
3.5
3.99
1.57
4.69
3.32
2.49
0.7
2.43
0.7
4.57
4.44
4.01
4.21
4.51
0.27
2.94
0.8
1.65
2.23
2.29
0.32
2.91
3.58
0.92
4.71
2.96
2.99
1.05
1.41
3.25
0.12
2.25
1.12
0.02
0.02
0.68
4.1
0.48
3.95
0.31
0.42
2.63
0.85
4.31
0.95
1.7
3.54
3.73
2.09
1.26
1.11
3.77
3.83
3.32
4.36
1.33
3.42
1.5
1.31
1.61
0.11
1.4
0.45
4.26
3.32
3.92
1.86
0.93
0.39
3.26
0.32
2.66
0.38
2.2
4.99
1.65
3.91
4.93
4.15
0.04
2.27
1.62
0.31
0.22
4.92
2.04
2.46
0.14
1.45
2.85
1.93
2.62
2.11
3.47
2.5
1.56
4.45
2.22
1.31
4.99
2.04
2.03
0.18
2.32
4.26
1.97
1.27
0.05
1
4.76
4.32
4.4
2.12
1.83
0.78
4.49
2.41
2
1.76
1.97
3.06
2.95
2.13
2.35
2.69
1.67
3.52
4.12
2.2
2.42
4.3
2.68
0.73
1.47
0.63
2.7
3.89
1.31
2.72
0.56
1.02
4.44
0.93
4.43
3.74
0.73
4.58
1.25
2.97
2.29
1.21
2.29
4.71
0.82
2.58
0.86
0.58
2.13
1.23
4
0.55
2.87
4.03
4.63
4.79
1.82
3.17
0.52
0.22
2.32
1.55
0.17
3.51
2.08
2.91
3.67
2.07
1.41
2.41
2.41
3.02
1.6
4.09
0.99
3.24
4.46
4.59
1.9
2.22
3.06
0.62
0.56
2.95
2.6
2.59
4.47
3.76
4.95
3.15
4.46
3.02
1.57
0.09
1.38
1.44
3.04
2.7
4.81
3.89
2.98
1.4
0.61
1.09
1.56
1.4
4.09
1.22
1.02
0.76
2.64
3.49
2.75
3.51
4.3
3.54
0.02
3.92
3.26
3.54
4.79
3.09
2.42
1.07
2.54
3.64
1.78
1.04
3.12
2.26
1.59
0.8
3.39
4.59
2.94
3.58
1.4
3.28
1.21
0.2
2.13
4.84
3.58
1.18
0.8
3.61
1.57
3.11
1.24
4.99
1.63
1.01
4.2
2.62
4.6
2.57
3.27
4.74
4.68
3.88
3.52
0.45
3.9
3.3
1.39
0.91
2.76
1.03
3.05
4.25
3.54
1.28
1.79
1.05
2.98
0.6
3.79
0.06
3.09
4.05
4.1
2.27
0.97
0.51
2.43
1.57
1.54
0.5
1.72
0.52
4.03
2.31
0.63
0.83
0.85
0.61
2.65
1.89
1.98
2.88
1.92
3.5
3.57
4.59
4.4
2.92
0.16
1.47
0.43
4.55
3.61
2.87
0.33
1.93
2.72
2.29
3.43
4.77
0.34
2.06
0.56
3.15
1.88
0.99
3.65
0.51
2.08
1.09
2.98
4.09
0.64
1.34
1.69
1.04
0.54
1.88
3.41
3.51
1.14
1.27
3.09
4.36
0.2
1.57
0.64
1.19
2.38
1.21
3.98
3.22
3.16
4.16
1.21
1.91
0.87
1.69
0.38
3.59
2.69
2.82
3.53
2.9
2.94
4.88
0.79
4.59
3.46
3.73
3.33
2.33
3.14
1.42
2.31
3.63
3.89
2.43
0.04
4.01
4.62
1.54
2.75
2.43
3.85
0.91
4.07
1.47
3.71
2.83
4.17
3.63
0.98
3.22
0.25
1.19
4.12
2.09
1.45
1.11
0.38
2.11
4.38
3.32
4.77
4.12
1.99
2.07
0.35
0.81
0.79
3.51
2.68
2.01
0.67
2.34
0.88
1.68
0.07
4.27
4.66
2.13
1.31
4.42
2.66
3.66
3.71
0.63
3.51
1.1
3.55
4.12
2.78
2.93
1.02
4.51
1.45
2.9
0.83
1.11
0.02
1.84
4.43
2.17
1.4
1.12
1.92
2.27
2.5
0.34
2.69
3.53
0.04
0.68
0.83
2.61
0.25
1.24
3.39
1.56
3.81
2.18
2.44
1.87
3.24
1.2
4.02
4.57
0.86
1.68
3.48
4.38
1.09
3.74
1.64
0.36
0.65
4.03
1.43
2.51
2.54
0.34
3.98
2.02
3.28
4.13
0.4
3.57
0.37
4.05
3.01
0.19
2.92
1.55
4.34
1.19
1.72
1.65
3.55
0.25
0.06
0.1
1.15
3.17
4.11
4.91
0.7
2.01
4.57
1.94
3.73
1.39
4.93
0.69
3.5
3.73
3.69
2.14
4.33
1.35
1.47
1.67
0.85
0.29
4.08
1.68
2.01
1.25
0.48
3.5
3.85
3.51
4.95
1.69
0.75
3.47
4.72
4.04
2.93
0.7
2.51
3.7
4.49
0.38
3.76
2.63
2.18
1.08
1.5
4.15
2.53
0.1
2.14
2.58
4.34
0.01
2.25
1.25
0.9
1.26
2.07
4.82
3.05
4.25
1.16
2.38
4.36
2.58
