4.37
1.93
2.9
0.35
1.45
1.15
2.26
4.65
1.5
3.42
2.33
2.08
4.12
0.19
1.86
0.5
4.76
0.96
2.71
1.03
1.26
4.14
4.24
4.6
3.5
1
1.99
1.99
2.98
3.76
0.78
4.52
4.36
1.26
4.6
0.17
3.77
4.1
4.67
4.67
1.81
4.19
2.1
4.58
0.18
2.86
0.44
0.6
2.64
0.72
1.25
1.76
1.32
2.53
2.75
4.85
0.24
2.89
3.98
4.85
2.39
4.37
1.05
1.94
0.51
4.29
1.46
0.96
3.49
4.96
3.21
0.08
4.97
3.41
4.64
3.01
3.62
4.83
2.32
4.79
0.8
4.72
1.67
3.86
4.59
1.28
0.4
0.17
4.34
2.84
2.25
3.2
2.28
1.91
4.4
4.11
0.88
1.21
2.83
4.17
3
1.62
2.77
4.39
2.2
2.88
4.05
3.84
3.62
3.93
4.84
2.37
0.25
3.35
1.36
3.91
0.1
1.32
3.77
4.52
1.88
0.99
0.51
1.41
2.73
3.99
3.45
2.12
0.01
1.84
3.19
0.74
3.84
2.4
1.36
3.24
0.45
2.17
1.05
0.28
1.75
2.33
1.92
0.86
2.96
2.51
3.2
0.52
2.57
4.51
1.29
3.52
2.74
4.73
0.24
1.03
2.45
2.33
3.83
0.34
1.45
3.89
1.74
1.47
0.07
1.7
0.79
3.47
3.97
2.13
0.17
0.07
5
3.94
0.6
1.31
4.98
2.44
0.21
2.86
3.19
2.24
2.7
0.94
3.95
2.61
0.2
4.23
1.94
3.47
2.96
0.58
4.98
3.14
2.77
0.14
2.93
2.87
2.13
1.54
3.47
2.97
4.21
3.72
3.93
3.39
0.02
4.16
0.38
0.95
0.86
4.29
2.48
3.78
4.07
0.12
4.94
1.27
0.27
4.44
3.16
0.43
3.83
2.72
4.6
1.27
2.83
4.74
1.23
3.85
2.1
3.87
4.37
4.29
4.5
0.73
2.75
2.66
3.5
2.65
2.42
4.95
1.36
0.26
3.98
4.55
0.62
0.73
3.75
4.22
3.53
0.16
2.41
3.98
1.83
1.11
1.43
3.29
1.65
2.83
1.83
1.04
0.26
4.61
1.45
0.57
4.78
1.44
4.18
2.62
3.99
0.18
2.18
2.57
0.37
0.74
2.9
3.92
1.83
0.68
4.79
4.69
1.91
4.13
0.15
0.89
4.75
4.46
4.05
3.8
1.12
3.89
4.04
2.37
0.94
4.72
2.82
2.27
1.7
4.53
0.47
0.4
3.97
2.84
4.83
2.03
2.57
3.72
3.95
0.77
2.72
0.49
0.83
2.78
2.83
0.8
3.42
4.29
3.35
0.29
3.52
0.86
4.81
3.68
0.24
1.92
2.71
2.21
2.23
3.22
2.77
2.16
2.91
3.6
1.8
1.64
2.22
2.09
1.49
0.01
1.43
3.94
0.1
4.8
2.74
1.08
1.44
0.53
3.29
0.32
3.83
0.56
1.17
1.34
2.75
4.34
3.9
1.7
0.79
1.84
3.21
4.86
3.73
1.77
4.44
2.5
3.41
3.56
1.35
2.21
3.78
3.4
1.78
0.13
0.71
1.84
2.35
4.43
0.64
1.08
3.03
1.81
3.43
3.06
1.73
4.39
1.34
1.88
3.96
0.32
4.41
2.48
3.48
1.27
2.51
1.25
2.42
3.11
2.24
2.12
3.49
2.45
1.68
4.39
3.34
2.83
4.73
3.55
4.81
4.13
4.63
1.65
0.58
0.72
2.45
4.41
0.1
2.63
3.04
2.27
0.83
0.88
0.28
0.45
2.87
3.94
4.98
3.97
4.41
3.81
4.75
4.6
2.11
0.41
1.92
3.95
1.6
3.67
3.06
0.33
3.27
0.64
2.05
2.23
1.37
1.51
0.38
0.15
4.21
0.8
4.05
3.31
1.67
0.96
4.95
0.92
2.63
2.03
2.1
4.34
3.27
4.79
3.23
1.44
4.23
0.3
4.21
2.31
3.6
3.98
3.98
0.95
3.94
1.8
0.49
0.05
3.93
3.73
0.39
2.51
2.76
3.39
3.26
4.23
3.6
3.53
2.85
1.79
4
0.55
4.42
4.23
0.48
3.91
2.75
1.5
4.42
4.75
2.51
1.18
1.6
0.71
0.56
4.11
1.88
0.83
3.39
3.98
1.78
1.48
3.34
3.99
0.17
1.76
0.23
4.95
4.06
0.19
4.62
4.29
4.55
0.1
1.76
1.47
4.34
1.52
3.48
1.59
2.57
4.04
3.49
3.21
0.7
2.83
4.17
2.1
3.65
2.01
3.45
0.49
3.42
1.39
0.31
0.81
3.56
4
2.91
2.78
1.72
0.25
4.99
0.89
2.28
0.34
0.53
3.98
2.47
1.66
0.31
4.07
3.2
4.87
3.49
4.7
3.39
1.96
1.99
1.02
2.63
1.02
4.48
1.5
1.35
3.16
2.16
4.07
3.13
1.66
4.8
2
0.93
3.97
1.48
1.02
2.7
3.03
0.37
1.91
3.26
4.62
2.52
2.44
3.25
4.46
1.06
1.05
3.42
0.52
2.1
4.34
1.09
1.07
3.59
0.83
2.88
1.76
3.69
2.23
2.46
2.74
4.39
3.95
1.07
0.08
1.34
3.09
0.75
4.44
1.4
4.78
4.53
4.46
2.12
4.4
4.08
0.09
2.41
3.06
3.74
4.9
3.07
1.81
4.61
0.54
3.82
2.04
3.61
1.78
1.03
2.1
2.37
1.53
2.39
2.57
1.77
0.37
4.93
0.33
0.16
3.63
3.98
0.85
1.74
2.26
2.22
4.32
3.49
2.83
0.73
1.28
1.06
0.12
2.7
4.06
4.51
1.79
4.83
0.46
2.95
0.1
3.21
3.33
3.31
1.5
4.61
2.83
3.29
2.5
1.87
3.46
2.98
2.26
3.31
2.56
3.07
2.98
2.45
3.13
3.41
1.27
3.69
3.91
4.11
2.96
0.88
3.73
4.4
3.2
4.05
3.69
4.74
4.09
0.8
3.03
5
2.78
3.56
2.51
4.32
2.2
2.68
2.8
3.4
2.01
4.76
0.56
1.23
3.64
3.17
2.14
3.31
4.71
3.54
2.48
1.68
3.89
2.28
1.58
2.44
3.82
0.39
2.84
1.51
1.46
1.42
4.15
0.05
1.53
0.51
2.3
4.32
3.84
0.93
0.36
0.58
2.72
2.95
3.87
0.78
2.21
1.14
3.43
2.43
0.53
1.54
4.88
3.24
4.67
3.93
2.35
4.68
4.73
2.25
4.34
4.61
0.74
0.72
1.46
3.14
2.15
0.86
0.28
3.67
0.23
1.43
2.09
0.92
1.89
1.91
2.17
0.53
4.44
0.39
3.27
1.34
0.82
0.36
0.04
1.13
2.51
0.44
2.07
4.59
1.26
1.14
4.58
2.31
0.1
0.05
2.31
2.53
0.34
2.03
3.97
3.61
1.63
3.17
1.25
1.46
2.64
1.99
2.55
3.05
0.23
2.34
0.31
3.53
3.34
3.55
2.44
1.21
0.56
2.91
1.31
2.42
2.06
1.88
2.8
4.09
3.82
4.9
0.42
0.67
2.19
0.57
4.71
3.9
0.33
2.82
0.14
2.58
3.06
4.03
2.75
1.75
2.91
1.19
1.86
0.93
4.06
1.77
4.24
2.25
2.79
2.21
3.08
2.96
3.7
2.75
1.3
1.3
4.99
2.48
4.29
1.77
0.3
4
4.8
2.76
2.99
2.67
2.8
0.25
2.55
2.34
4.81
4.46
1.2
3.21
0.68
0.89
1.21
4.76
3.33
2.14
3.04
1.5
0.59
1.27
2.51
1.97
3.87
0.04
2.59
3.92
1.27
2.29
2.26
0.71
2.75
3.41
1.34
0.43
3.91
1.68
0.69
1.13
0.48
0.98
3.48
4.72
0.21
1.68
4.98
2.65
4.22
2.56
3.22
0.31
2.38
1.61
3.85
1.04
3.08
0.36
4.92
1.04
1.29
0.93
0.81
1.61
3.95
3.41
1.37
1.24
3.23
3.49
4.42
0.23
3.12
0.23
0.82
3.14
1.19
4.73
1.74
0.83
0.62
3.1
2.1
0.96
0.04
0.36
3.77
4.59
1.18
1.6
3.41
4.99
4.87
2.43
1.32
0.49
2.69
1.89
4.76
4.29
0.85
3.6
0.02
4.83
1.79
4.86
1.53
1.52
2.15
0.18
4.96
1.7
0.38
3.38
4.72
2.9
1.79
4.99
2.42
0.17
0.61
4.53
3.61
3.2
4.63
4.72
2.35
4.72
3.93
3.89
3.39
2.77
0.2
0.96
1.57
4.41
1.32
0.11
4.92
1.38
1.55
4.13
3.57
1.89
4.49
0.55
2.93
3.23
0.29
0.05
2.6
1.47
2.48
2.45
0.47
3.65
3.24
0.58
2.18
4.03
0.46
1.49
0.83
3.66
4.33
3.93
4.95
4.54
3.23
2.7
4.94
3.38
2.44
1.41
4.43
3.87
0.3
3.38
2.79
1.23
2.46
4.73
3.4
4.25
4.19
0.55
4.57
4.48
3.48
0.22
2.07
3.28
2.91
3.7
2.95
3.32
2.17
4.9
4.64
4.48
0.73
0.33
4.8
3.49
0.14
3.02
2.17
1.41
4.11
4.67
2.73
0.17
0.54
0.9
4.53
3.89
2.87
4.13
3.29
2.65
1.32
3.82
3.25
2.94
4.94
3.54
2.1
2.61
2.98
1.52
1.19
3.54
1.88
3.98
4.42
1.09
3.47
0.34
1.65
0.09
2.07
0.97
0.76
0.13
2.01
3.36
2.46
1.36
4.51
3.05
2.57
3.46
4.22
3.69
0.8
2.96
0.55
1.65
0.54
4.91
2.17
1.4
1.98
1.33
3.83
2.24
1.94
0.88
3.77
1.96
2.07
1.51
0.39
2.16
4.8
4.19
0.27
2.13
1.48
2.17
1.09
2.18
3.6
2.71
3.73
4
2.48
2.65
4.71
4.66
0.45
0.42
4.96
4.52
2.83
4.51
3.69
1.03
1.23
0.05
1.35
4.92
0.98
4.76
1.03
2.07
3.68
2.43
2.03
0.28
3.57
1.81
0.58
4.89
4.13
2.59
3.02
3.44
2.52
3.53
1.18
2.7
1.15
1.41
2.21
1.14
1.19
0.1
3.87
4.91
0.81
0.72
3.53
1.15
1.54
2.19
4.33
4.58
3.29
4.89
1.11
4.28
2.45
1.4
1.64
2.48
4.12
0.35
0.23
2.03
4.18
4.1
2.01
4.17
4.79
4.09
4.6
2.42
3.04
4.17
4.12
1
1.42
1.48
4.45
2.71
1.12
2.94
4.67
2.33
3.8
4.71
4.69
1.99
0.13
3.76
0.25
0.94
4.79
4.47
1.89
0.03
1.74
4.58
4.74
3.84
4.86
3.01
0.13
3.18
2.86
3.9
0.3
1.6
3.26
2.85
0.42
1.7
3.37
4.18
4.49
4.49
0.51
3.15
1.73
4.28
2.06
3.88
0.17
3.53
2.04
1.44
2.45
3.53
3.02
2.1
3.88
1.8
1.36
0.01
0.15
0.98
4.08
4.85
2.07
3.36
0.11
0.96
3.06
4.11
1.61
0.01
3.9
0.57
0.14
2.28
2.47
2.75
0.21
2.3
1.29
4
0.11
0.87
2.23
4.04
3.7
3.84
2.19
4.1
2.76
1.45
3.49
0.42
4.27
2.79
1.26
4.67
1.62
0.83
3.39
0.55
3.29
0.52
4.31
0.52
3.39
0.5
3.61
0.29
4.44
3.95
3.46
0.88
4.47
1.74
4.05
3.81
1.39
1.71
1.12
2.64
2.42
0.19
1.75
4.14
1.86
2.43
4.24
4.6
1.17
0.15
4.05
3.68
0.86
1.91
3.98
1.54
0.68
2.8
2.93
4.87
1.13
0.1
3.67
4.5
1.73
3.01
2.35
3.69
4.63
3.05
4.73
2.16
0.75
1.61
3.78
3.08
3.64
1.08
0.51
0.64
3.75
4.29
4.22
0.78
1.01
1.08
0.25
0.97
1.72
2.68
4.77
1.04
2.28
3.29
3.99
2.06
2.7
4.16
4.82
0.59
1.76
0.71
3.36
1.47
3.71
3.88
0.68
4.24
0.92
2.69
1.21
1.84
2.14
3.11
2.83
0.83
0.48
0.61
4.53
4.59
1.84
3.16
0.74
4.93
1.71
4.22
3.1
4.71
3.51
2.1
0.02
2.82
2.83
3.39
0.61
0.53
0.55
2.48
3.98
3.88
1.46
1.76
1.61
4.83
2.93
4.12
2.45
1.02
0.93
0.89
3.38
1.22
2.84
2.31
3
0.37
3.6
2.36
3.27
1.73
1.3
2.4
0.52
3.73
1.29
1.58
4.48
3.3
1.53
0.07
3.24
3.99
4.34
3.93
4.3
3.43
2.42
3.97
2.53
4.69
1.65
3.87
1.72
4.58
3.94
0.2
0.04
2.41
1.53
3.46
1.18
0.62
0.62
1.91
3.51
2.89
2.06
2.34
1.08
1.42
3.11
1.45
4.93
1.94
4.88
2.9
3.6
2.21
3.63
2.01
3.18
1.47
2.3
0.13
0.85
0.66
1.28
0.14
2.07
4.15
3.81
0.09
2.14
2.81
1.77
4.4
1.64
0.02
0.32
2.16
1.53
4.37
4.13
0.06
0.89
0.69
1.55
3.37
3.84
4.45
4.87
0.39
4.85
1.31
0.8
1.11
4.35
1.04
1.53
0.52
4.38
0.86
4.64
2.08
2.98
3.33
3.17
0.18
2.53
1.48
3.95
3.77
0.39
4.95
2.24
3.41
1.56
0.34
2.23
1.64
0.94
3.32
4.46
1.77
4.47
2.82
0.31
1.74
2.44
0.77
4.87
4.63
4.96
2.96
4.14
3.72
3.06
4.51
0.58
3.75
2.46
2.23
1.47
4.22
1.73
1.14
3.99
3.04
4.51
1.36
2.93
4.8
1.11
2.25
2.79
2.39
2.06
2.16
4.03
4.04
2.72
1.78
3.98
2.8
4.81
4.89
1.79
3.34
2.16
1.06
1.75
0.19
4.72
0.56
1.85
0.56
3.39
4.44
0.81
0.48
0.97
0.02
0.53
0.09
2.83
0.56
3.74
0.79
0.96
1.89
3.15
0.73
4.58
0.41
1.46
1.37
1.6
3.94
4.78
3.31
4.95
1.58
1.71
1.65
3.16
0.33
1.65
4.95
4.3
3.96
0.68
2.76
4.62
3.7
4.87
2.75
3.39
4.72
2.08
2.92
0.51
4.26
0.19
3.56
4.92
0.83
4.08
1.08
3.97
1.78
1.03
4.63
3.97
0.56
1.27
1.62
0.43
4.23
1.25
1.6
0.14
3.28
4.67
4.95
2.16
1.77
4.4
0.08
3.96
2.14
0.2
2.47
3.25
2.46
0.84
3.22
0.39
4.55
0.44
3.04
3.12
3.9
4.52
4.55
1.56
2.68
0.92
4.86
4.89
0.73
2.23
3.4
3.42
0.91
4.9
1.64
0.9
3.74
1.46
4.14
2.33
1.57
2.43
1.96
1.89
0.56
2.41
1.47
3.13
0.9
1.25
1.43
3.61
1
1.77
1.26
2.98
2.98
1.46
2.89
4.86
3.82
0.58
0.61
4.28
4.46
1.14
4.69
0.74
4.16
1.03
4.55
1.76
4.68
4.69
1.66
3.14
3.32
4.53
4.48
3.47
2.87
3.59
0.01
2.26
2.15
3.22
0.82
1.45
3.62
1.79
0.15
0.14
1.76
3.04
0.97
1.14
1.99
1.15
3.37
1.77
3.35
4.78
3.07
1.86
1.51
4.77
1.68
4.92
2.96
4.51
4.68
4.66
4.32
3.32
4.33
0.68
2.59
0.63
2.06
0.28
1.06
3.27
1.03
3.15
3.57
1.35
3.46
0.58
4.99
1.86
4.64
1.36
2.95
3.92
3.82
1.67
2.72
2.39
3.71
4.5
2.88
0.78
1.12
2.14
2.15
0.93
4.05
0.57
0.12
2.19
2.48
3.86
3.09
3.13
1.54
0.81
4.94
4.91
3.14
1.19
1.21
4.41
2.71
1.9
3.19
0.54
3.69
4.55
0.77
4.55
3.55
3.82
3.43
3
0.69
0.28
3.5
0.91
1.11
1
0.78
4.63
3.91
1.64
3.3
1.72
1.33
4.76
3.05
1.3
4.75
1.44
2.94
2.85
4.04
4.57
3.47
0.3
3.69
2.85
1.95
4.14
4.7
0.02
3.97
1.15
3.27
1.6
0.42
4.63
4.99
2.25
2.65
0.02
0.82
2.73
3.6
4.78
4.12
4.13
2.23
3.23
1.67
4.61
3
0.65
3.6
1.48
3.53
1.75
2.31
3.67
0.42
0.84
0.62
4.14
3.36
0.83
4.8
2.19
2.01
0.14
1.14
0.08
0.71
2.83
1.67
1.27
1.2
3.84
0.15
4.35
4.4
3.11
1.09
2.26
2.16
4.88
0.56
1.26
3.1
3.93
2.76
4.13
3
3.3
0.72
3.02
0.01
1.89
4.24
2.1
4.71
0.27
0.26
3.94
3.96
4.34
0.46
1.27
0.04
0.82
0.44
3.38
1.86
3.11
3.69
1.27
1.85
3.63
3.54
0.67
1.62
3.51
4.7
4.35
3.22
3.07
0.01
4.21
2.64
3.01
2.57
3.09
3.18
0.65
0.26
1.88
2.38
3.23
4.76
1.11
2.12
4.48
4.37
2.9
3.26
3.74
4.89
2.44
2.52
2.99
0.3
3.96
0.78
1.51
1.62
0.13
3.5
0.93
0.21
0.79
2.38
2.46
3.08
4.21
2.89
0.57
0.58
1.11
3.44
3.79
2.21
2.32
1.96
4.79
2.73
1.71
4.29
2.79
4.12
2.78
3.58
1.01
3.22
3.17
2.57
4.56
4.55
3.93
4.72
0.61
4.99
2.27
4.53
4.67
0.25
3.54
2.45
3.1
1.85
2.36
1.94
0.03
0.18
3.12
1.77
1.89
2.43
3.21
2.71
3.08
0.99
3.81
0.92
4.85
4.77
0.71
2.31
3.98
1.73
4.28
3.5
3.83
3.11
0.81
1.38
0.93
4.86
1.66
2.9
0.58
2.9
4.53
0.98
3.55
0.53
1.86
3.24
2.72
1.76
0.76
0.12
0.12
3.07
4.99
4.59
1.88
1.04
3.54
1.92
1.93
3.12
2.44
2.82
3.22
4.38
3.81
4.3
4.23
3.7
3.69
4.81
1.1
2.8
2.31
3.36
4.73
0.48
2.88
4.76
3.08
0.96
0.08
1.46
4.05
2.85
3.79
2.38
1.42
2.14
2.3
0.82
4.55
1.58
2.62
1.01
3.61
0.64
0.9
4.02
2.43
3.87
0.56
4.2
0.44
3.44
4.01
1.84
2.9
0.88
3.6
1.83
0.31
4.33
0.34
0.84
4.87
2.88
1.99
2.19
2.11
4.94
3.95
0.97
2.85
0.04
3.44
3.06
1.78
2.23
1.21
4.15
3.78
3.97
3.12
4.39
0.25
1.5
3.56
0.3
0.68
0.99
1.89
4.82
4.7
1.35
3.59
4.03
4.53
2.99
2.2
4.75
4.23
2.36
0.74
0.17
3.56
4.34
2.52
4.36
1.66
0.44
2.36
0.5
0.31
3.81
1.98
4.95
2.57
3.33
0.18
2.07
2.03
2.41
2.68
2.73
3.85
1.15
0.19
2.93
2.15
3.56
3.55
2.71
1.77
2.18
3.36
1.07
1.13
0.63
1.84
1.52
0.09
4.79
4.57
0.51
1.72
4.89
1.97
1.61
1.38
3.96
1.04
1.84
4.9
1.61
1.48
0.12
4.68
3.68
1.74
2.64
2.49
1.99
2.13
4.13
3.82
3.94
2.64
0.34
0.58
4.84
0.55
4
4.91
1.43
3.65
2.4
1.99
1.83
1.89
0.8
0.55
1.01
0.65
2.27
2.71
1.83
2.72
4.62
2.07
5
4.04
1.28
2.08
1.36
0.71
2.13
4.84
4.68
3.76
0.79
4.75
2.26
2.03
1.36
1.45
2.04
4.48
1.15
2
2.78
4.15
0.99
0.34
4.55
0.21
2.59
2.57
0.77
2.97
1.85
0.85
0.85
0.54
0.53
2.66
1.26
0.95
2.94
3.59
4.14
3.4
2.83
2.67
2.45
2.8
2.77
2.56
4.21
2.56
1.81
3.59
1.06
4.73
3.48
0.39
1.96
0.9
2.24
3.2
2.88
0.42
2.55
3.95
4.25
1.46
3.27
2.77
1.14
0.3
4.27
2.49
0.22
2.35
3.56
0.92
4.39
4.12
3.77
2.41
2.76
4.51
2.36
4.03
4.78
1.81
0.05
3.92
0.82
4.71
4.39
1.84
0.83
1.13
4.42
3.05
3.22
3.43
2.81
3.39
0.2
2.98
4.07
1.07
0.77
4.29
4.33
3.06
4.54
0.72
3.88
0.28
0.19
4.85
1.06
2.53
3.78
1.66
4.15
4.89
0.1
3.71
1.87
3.32
3.07
2.79
3.68
1.5
2.25
0.97
3.09
3.8
2.77
2.76
1.08
4.62
3.07
2.35
4.64
0.38
4.86
3.11
2.24
4.95
2.09
4.06
2.43
3.64
4.19
4.17
2.23
1.42
4.11
4.15
3.98
3.4
2.08
1.84
4.47
2.46
2.75
4.52
1.42
1.62
3.47
2.28
1.38
4.89
1.41
3.27
2.88
3.72
3.01
0.27
2.38
4.92
0.27
2.71
2.7
3.86
1.84
2.9
0.45
3.4
2.81
1.54
4.19
4.59
0.31
3.86
0.55
3.71
0.88
1.18
1.43
0.12
2.36
3.23
