4.28
3.85
1.43
1.61
4.49
0.85
2.13
1.56
4.85
3.61
0.92
4.01
3.87
0.56
4.6
3.17
0.83
4.42
2.83
0.42
3.34
1.93
2.41
0.58
2.73
1.15
0.5
4.02
2.16
3.06
3.79
3.25
1.48
1.86
2.55
3.62
0.61
3.75
1.2
2.84
2.35
2.29
2.66
4.85
0.41
5
2.79
4.9
1.21
3.59
0.99
3.02
3.43
3.89
4.74
1.12
2.3
2.99
1.94
4.45
4.28
3.52
2.34
3.21
3.83
0.6
3.17
0.84
4.75
0.7
4.77
1.79
0.6
1.65
1.47
4.17
0.19
0.37
1.92
3.64
1.01
2.31
0.02
1.88
3.81
3.1
3.91
0.62
3.07
1.52
3.94
1.45
2.09
1.78
0.41
4.23
4.88
2.13
0.79
2.67
0.77
4.2
2.43
1.21
1.02
3.58
3.4
1.82
2.71
1.81
1.72
4.47
3.18
2.61
0.56
3.44
1.91
2.41
1.04
0.21
2.51
3.2
0.45
4.21
2.54
0.94
2.36
0.92
2.73
2.27
2.95
1.43
1.82
4.75
3.55
1.37
2.34
3.64
1.93
0.45
4.23
4.98
1.44
0.97
0.36
2.99
3.76
0.79
0.87
2.4
3.63
4.79
1.11
4.18
1.88
2.03
4.11
2.65
3.37
2.33
0.32
3.62
2.65
0.01
3.58
1.68
1.05
0.83
1.88
4.23
4.68
3.78
0.13
3.73
2.47
4.36
1.95
4.41
4.26
4.85
0.49
3.14
4.91
2.58
0.41
0.21
2.48
1.24
2.52
4.14
3.79
1.55
1.84
4.14
4.71
0.56
3.44
1.87
0.61
4.38
0.19
1.56
1.98
0.67
2.71
1.36
3.51
4.2
0.76
0.56
3.76
4.64
3.51
4.75
0.54
2.05
0.23
4.79
3.87
1.21
1.26
0.99
3.47
1.91
4.01
2.51
0.8
4.59
3.15
1.95
4.56
4.13
0.49
4.33
0.52
1.86
2.24
0.89
4.57
1.13
2.81
2.8
3.4
3.15
3.61
3.11
4.47
1.48
4.07
0.29
4.3
1.84
1.33
1.09
1.75
0.13
2.67
4.25
2.6
2.65
2.62
3.39
1.76
1.01
1.5
1.62
4.97
3.43
2.7
0.74
1.34
2.07
0.92
0.67
3.58
3.56
3.85
2.55
1.25
0.21
1.45
2.99
1.22
3.03
4.71
0.78
2.61
0.43
1.06
0.71
2.35
1.49
1.01
1.86
4.97
4.85
2.64
0.91
2.96
1.31
1.05
1.93
0.64
1.94
1.43
4.45
4.57
3.64
4.36
1.95
1.47
3.25
4.13
3.89
2.01
0.23
1.04
2.69
0.43
4.25
4.26
2.93
4.79
3.56
1.69
4.45
3.56
4.54
2.77
4.6
2.58
2.69
3.95
3.38
3.68
4.22
4.84
1.99
2.26
0.41
2.6
2.19
3.37
3.19
3.63
2.76
4.33
1.02
0.25
2.81
1.23
2.57
4.38
3.73
1.33
0.01
2.2
0.76
1.85
1.1
2.14
4.35
0.55
3.94
3.44
4.44
0.77
0.7
1.8
4.82
2.15
3.57
4.3
0.18
4.43
1.46
2.95
4.8
4.89
0.75
3.65
2.06
2.14
2.16
0.95
3.53
3.05
0.26
4.94
3.27
2.77
4.49
4.92
4.12
1.3
4.9
3.27
4.43
3.36
0.33
0.88
4.6
0.09
0.53
2.94
0.22
0.76
0.74
0.27
0.39
1.64
0.42
3.74
4.13
2.34
2.43
2.08
3.33
2.95
3.71
1.97
4.02
1.69
2.2
2.76
1.5
2.38
1.8
1.62
2.33
0.11
0.46
4.93
2.4
2.04
2.47
1.83
1.37
0.23
4.43
3.42
4.65
2.36
4.55
4.5
3.16
4.47
2.6
3.39
1.41
2.5
3.31
4.46
3.31
2.15
0.87
4.47
2.13
0.58
1.27
4.16
0.15
0.36
3.88
4.02
3.03
0.78
3.37
3.75
3.03
0.37
0.48
3.36
0.07
0.69
2.11
0.08
4.76
3.97
3.74
2.85
1.92
3.28
1.85
4.78
1.33
3.51
4.4
3.81
1.57
1.63
0.17
1.19
4.88
2.57
3.74
3.15
0.59
2.76
4.16
4.38
1.86
1.69
2.29
2.3
1.09
2.89
2.24
0.7
4.92
4.23
2.73
4.82
1.69
4.15
4.05
0.58
3.34
2.65
2.09
0.19
3.39
0.04
4.06
0.96
0.64
1.98
0.12
3.87
0.26
1.4
0.33
0.35
4.61
0.71
1.24
1.11
1.71
4.81
3.98
2.38
1.8
1.23
2.04
2.58
3.28
3.46
1.72
2.87
3.38
4.52
1.51
0.22
1.7
4.84
1.42
0.16
0.52
1.11
0.56
4.39
4.97
2.53
2.06
1.85
3.68
4.82
4.29
4.33
0.94
1.67
3.61
1.53
4.23
3.56
4.64
2.3
2.42
0.37
1.01
4.38
3.22
4.1
0.32
1.63
4.98
2.53
3.84
3.3
0.98
2.26
1.8
3.08
1.48
4.59
1.77
2.13
4.07
4.25
3.81
3.81
3.2
1.25
1.6
2.14
0.01
3.84
3.86
3.62
1.42
0.26
1.46
4.04
2.18
4.17
4.87
0.79
0.98
4.99
3.63
1.14
2.71
0.55
4.6
2.81
2.27
2.2
1.48
1.11
1.85
3.47
4.73
4.23
3.19
1.99
1.37
4.34
2.5
0.96
0.05
4.05
3.82
2.83
3.44
4
2.34
3.83
3.56
0.01
1.73
1.48
0.84
3.32
1.93
3.68
0.58
0.38
1.27
2.95
2.12
2.36
2.6
1.06
1.76
1.91
0.38
2.6
3.71
3.79
4.52
3.69
1.16
4.79
3.78
1.2
2.74
0.4
2.99
2.55
1.03
0.62
3.58
1.41
2.04
3.38
4.18
0.58
0.45
1.07
4.1
4.37
0.27
4.29
2.23
3.26
2.57
0.81
1.8
4.46
0.8
3.81
1.06
1.14
0.82
3.86
0.68
4.58
2.35
0.19
2.4
4.95
2.72
4.17
3.85
0.58
2.76
4.88
0.15
3.53
1.67
1.1
0.85
0.86
2.02
0.87
0.93
1.53
1.46
1.1
3.97
2.79
1.84
3.16
1.63
0.84
4.51
3.91
1.73
4.25
0.72
2.35
4.22
3.38
1.59
2.82
2.94
0.51
3.89
2.68
0.13
3.9
1.5
4.43
3.44
0.84
1.43
3.36
5
0.46
1.77
4.4
0.72
0.59
2.83
4.91
2.02
2.67
2.15
2.25
4.48
2.79
0.01
1.09
0.04
2.18
0.58
3.04
1.71
2.69
4.27
3.06
0.73
4.56
3.92
4.92
0.96
2.35
2.73
1.96
0.56
2.7
2.96
1.2
0.64
4.84
1.28
0.82
2.9
3.1
1.26
4.97
1.92
1.88
1.39
4.26
4.01
2.67
1.04
4.81
3.79
0.59
2.26
1.2
3.48
1.18
2.99
4.15
1.71
2.35
0.76
5
2.29
0.6
0.52
0.65
3.29
2.8
4.05
1.39
2.96
0.87
0.25
1.53
2.17
0.64
0.69
4.21
4.72
2.58
3.71
0.08
4.37
0.02
4.63
2.3
1.38
1.62
1.02
1.6
1.16
2.49
4.28
4.06
1.74
0.48
0.29
4.4
0.93
1.01
2.47
1.22
2.42
3.82
1.49
2.46
0.44
2.65
3.46
2.15
3.9
4.49
2.58
1.11
4.44
1.34
0.55
2.56
2.25
2.34
1.93
0.55
4.15
1.91
4.48
2.45
4.44
4.7
2.48
3.76
4.21
3.63
2.38
4.66
0.6
4.06
4.25
4.76
0.26
4
4.6
0.81
0.96
3.39
2.1
4.85
0.55
4.67
2.31
0.46
0.93
0.59
0.48
4.21
1.73
2.18
1.2
3.45
3.17
4.24
3.76
1.38
3.57
4.4
4.73
4.11
4.3
1.84
2.05
3.44
2.44
0.71
0.24
4.07
4.84
0.95
1.41
2.78
4.67
0.39
3.18
4.83
2.49
3.81
2.51
2.8
4.69
2.64
4.06
1.28
4.18
0.51
1.28
3.74
4.22
2.65
4.28
4.05
3.6
1.71
1.97
1.17
3.65
1.45
0.84
0.01
0.58
3.25
0.2
3.35
0.19
4.38
2.25
0.45
0.98
1.27
4.06
1.83
1.94
1.21
2.91
0.97
4.78
3.44
1.01
4
0.96
2.62
0.84
2.41
2.42
3.27
0.31
0.48
4.22
2.15
0.86
4.28
0.32
0.13
4.5
0.25
3.64
2.66
2.49
1.14
4.11
0.16
0.25
0.85
0.87
1.84
0.21
4.6
0.49
0.48
4.2
1.82
4.24
2.95
2.04
0.13
0.32
4.62
0.61
1.21
2.04
4.06
3.34
2.2
3.6
4.89
3.46
0.54
0.56
1.49
0.24
4.68
3.69
4.23
0.19
3.75
1.23
0.67
3.56
0.18
4.57
0.86
2.95
1.33
4.32
3.53
4.98
0.02
4.84
0.2
3.08
4.66
0.94
1.36
2.47
1.6
2.54
1.57
2.06
4.46
2.13
0.62
1.92
4.55
3.58
3.07
2.47
3.7
0.83
4.81
2.7
4.88
3.99
1.56
0.66
1.88
1.65
4.38
1.33
3.15
1.75
2.74
2.37
2.44
4.94
2.32
4.86
2.75
4.56
0.97
3.89
2.97
1.98
3.25
1.77
3.74
1.76
1.79
2.99
4.08
3.72
1.15
1.69
4.33
2.83
4.44
3.88
2.26
0.17
1.36
2.84
3.95
1.56
2.98
1.13
0.44
1.88
4.56
0.11
1.25
0.55
2.79
4.64
4.37
3.49
3.09
4.32
2.51
2.96
4.95
1.46
3.51
1.62
0.64
0.42
4.33
4.53
1.49
2.59
3.47
4.41
2.47
4.87
1.52
2.97
4.99
0.88
2.52
1.87
0.22
4.35
4.98
0.4
4.77
0.06
3.36
2.57
4.3
1.5
4.17
2.35
4.14
4.4
3.25
2.94
0.91
4.28
3.73
0.99
3.53
1.22
4.6
1.93
0.77
4.37
0.88
3.82
0.59
3.5
2.37
2.07
0.75
2.79
2.63
3.82
1.41
2.65
1.35
4.61
0.04
3.61
2.08
2.77
4.42
4.06
2.92
0.18
3.9
1.72
0.67
3.05
4.99
0.17
2.02
2.55
3.18
3.39
2.23
3.2
4.72
0.87
1.73
4.62
2.27
1.1
4.21
4.76
4.03
2.88
2.39
1.02
1.03
3.32
0.56
1.42
0.09
2.25
2.54
3.18
4.22
3.26
0.14
1.18
2.6
2.1
4.82
3.96
0.61
4.04
3.52
2.23
0.85
2.75
4.09
0.84
2.1
2.56
4.16
0.27
0.35
1.88
2.37
0.94
4.87
4.62
2.52
4.73
1.05
1.3
0.54
0.49
0.17
3.21
4.18
4.36
0.93
2.98
4.43
5
4.63
3.12
1.08
1.27
2.88
0.41
3.24
2.99
2.95
2.7
3.67
1.8
3.26
1.81
0.88
3.59
3.17
4.78
0.75
1.52
3.93
2.73
1.77
2.97
3.24
4.59
0.18
4.4
2.27
4.34
4.19
0.08
3.58
4.19
1.68
4.05
2.25
2.59
2.67
3.02
3.4
0.24
4.43
3.98
4.39
0.21
0.31
3.43
3.48
2.04
1.85
1.98
1.94
1.57
3.06
4.03
1.17
2.37
3.08
3.07
3.04
0.9
2.37
4.17
4.53
1.11
0.71
4
1.49
2.76
1.25
4.41
1.38
1.09
4.07
2.39
0.98
4.87
1.54
1.44
0.13
1.37
2.13
3.71
3.37
2.69
1.78
0.9
1.19
3.68
3.84
4.26
1.59
3.42
1.86
0.3
2.63
2.04
2.32
0.35
2.53
2.21
1.43
0.57
4.01
3.49
3.94
3.12
4.95
3.07
2.46
3.03
4.46
3.48
2.54
3.35
3.85
1.86
0.7
2.43
1.57
4.72
1.62
4.1
2.72
2.35
2.75
4.44
2.53
3.29
2.07
4.22
2.51
2.62
1.78
4.03
1.54
3.88
1.29
4.01
2.63
2.63
0.83
1.09
4.4
1.07
4.47
0.42
0.16
2.07
4.02
3.77
0.06
0.71
4.71
1.69
3.28
1.92
1.16
4.65
0.86
1
3.18
1.08
2.72
1.86
0.89
4.08
1.53
4.18
1.44
2.23
3.88
1.12
2.77
1.98
4.34
4.86
2.61
3.23
2.4
2.64
4.19
0.28
2.28
3.35
3.83
3.02
1.2
3.04
4.44
4.29
4.2
3.39
1.15
2.69
3.14
3.07
0.43
1.66
4.41
4.75
4.73
2.68
2.27
3.56
3.06
4.74
0.93
1.2
0.07
4.88
3.97
4.46
4.39
2.13
4.51
3.28
4.65
0.74
4.5
1.46
0.01
1.18
2.61
4.45
2.48
3.06
1.79
4.6
2.31
1.18
2.29
4.39
2.66
3.1
2.42
0.67
0.93
4.38
4.04
1.21
4.25
4.32
2.05
0.45
1.13
1.5
1.25
4.69
4.77
3.18
4.54
3.07
0.38
2.5
4.34
0.52
3.42
3.66
3.53
2.87
4.47
3.78
1.32
1.26
1.33
3.2
4.13
0.55
1.33
1.19
0.47
2.28
2.91
2.22
0.61
0.79
4.89
0.43
2.03
3.88
1.07
0.15
4.78
3.98
3.78
4.46
4.01
2.45
3.59
1.12
0.6
0.77
3.91
0.84
0.95
4.37
3.57
2.79
0.76
0.91
0.23
2.37
1.2
2.77
3.8
3.09
0.25
3.42
1.56
0.19
2.49
3.77
2.93
2.86
3.75
0.09
0.87
0.54
4.46
1.86
0.83
3.51
2.57
2.94
1.62
1.34
3.26
0.74
1.6
1.03
4.71
4.63
0.85
0.59
0.23
4.4
3.09
0.24
2.18
1.93
3.73
2.48
3.06
4.57
4.73
2.6
4.33
1.03
1.07
4.92
2.85
0.63
2.95
1.6
4.47
0.05
2.42
4.84
2.92
3.54
3.71
3.51
4.45
4.77
1.97
0.26
2.34
3.81
3.57
0.76
4.91
2.21
2.76
0.32
3.42
1.55
3.37
2.54
3.46
1.45
2.16
4.18
4.24
1.52
1.5
4.88
1.5
3.57
2.57
0.16
3.5
2.9
2.14
3.01
0.83
0.31
2.25
1.31
2.4
2.09
3.06
2.94
3.71
2.59
3.74
4.62
3.44
2.28
4.1
2.65
3.42
2.39
4.01
2.07
2.86
2.67
4.39
2.02
1.21
2.19
4.28
2.58
0.89
0.63
1.85
0.14
4.7
2.16
2.61
1.6
0.48
0.02
3.93
2.63
3.15
4.46
4.4
1.73
3.34
1.7
1.63
4.34
1.14
0.96
4.53
4.74
0.66
3.34
2.08
1.2
4.03
4.22
0.62
1.51
0.05
0.56
2.27
3.42
3.59
0.31
0.05
2.29
0.05
2.44
0.91
1.07
2.23
3.19
4.08
0.84
2.68
0.66
3.05
3.4
0.1
1.57
2.96
2.45
1.65
3.12
2.62
4.63
1.74
1.31
0.09
2.02
2.03
3.93
1.96
0.82
2.14
3.26
4.78
2.64
3.14
2.03
2.83
2.45
0.12
0.72
2.87
1.29
1.49
0.3
2.1
3.52
2.18
0.86
1.64
4.62
2.14
4.73
1.65
0.68
0.92
4.95
1.75
3.35
4.44
1.48
0.09
1.33
3.34
2.38
1.96
0.09
4.37
4.23
4.54
4.39
0.39
3.81
3.44
4.91
3.99
4.01
0.66
2.92
1.73
3.3
4.7
4.05
4.96
1.98
3.41
3.87
0.94
4.71
0.89
4.26
0.1
0.42
4.55
2.09
1.01
2.72
3.67
0.85
3.41
1.64
4.35
2.24
4.63
4.22
1.55
1.88
3.48
1.99
0.53
1.6
3.32
1.95
4.45
1.24
2.92
1.11
4.6
0.16
3.84
4.07
3.89
3.31
0.94
4.82
4.71
4
0.9
0.06
3.43
0.99
3.6
0.33
0.68
2.33
4.19
0.87
2.92
1.24
2.42
3.38
3.18
0.12
4.01
2.05
3.36
0.44
4.93
3.17
4.43
4.15
1.37
0.02
0.47
0.31
3.72
0.62
2.1
3.52
0.36
1.7
0.55
2.23
3.49
4.36
3.62
3.45
3.54
0.14
3.34
4.64
1.89
3.42
0.31
2.58
0.32
4.55
2.03
1.12
0.02
2.37
0.86
0.55
1.32
4.52
0.6
3.58
4.85
0.52
2.68
1.41
4.73
2.65
0.32
3.05
0.82
2.44
0.82
2.37
1.92
4.42
2.43
2.93
1.04
0.73
0.72
2.75
3.03
0.92
2.54
0.95
1.37
0.94
1.74
2.67
3.4
4.14
3.75
0.19
3.98
3.18
3.56
0.79
4.96
1.44
3.53
2.21
4.26
3.14
3.31
4.65
3.82
3.42
2.18
3.35
1.05
3.11
0.03
3.46
1.93
0.61
4.23
4.41
1.01
3.28
2.87
1.29
4.34
0.16
0.84
1.53
4.03
1.52
0.29
1.73
0.62
4.36
3.42
0.96
3.51
4.96
4.61
3.02
1.58
5
0.23
4.53
4.8
1.73
1.4
3.23
2.18
1.05
2.54
2.09
4.43
3.77
0.7
1.46
1.85
3.5
1.43
0.37
0.62
1.11
3.52
0.52
0.93
0.59
2.46
3.89
1.72
1.94
2.98
1.38
2.5
4.06
2.12
2.38
1.08
2.06
2.82
4.1
0.57
1.43
1.26
4.69
4.13
0.2
0.63
2.58
2.07
3.25
1.08
0.74
1.26
4.69
1.99
3.61
0.39
0.95
4.78
0.93
0.72
1.46
1.43
1.61
4.77
4.5
3.02
2.24
1.77
0.12
1.52
2.52
0.68
1.32
2.59
4.09
2.28
2.27
1.96
1.55
1.52
1.54
3.06
4.95
1.84
0.58
0.84
2.1
0.08
2.15
2.37
2.03
0.17
3.24
4.75
1.92
2.69
3.08
1.53
3.14
3.04
1.92
0.06
3.79
1.78
0.7
0.27
3.03
3.11
4.13
0.38
3.14
2.52
1.24
1.74
2.26
2.02
1.32
1.76
1.97
1.15
1.24
3.02
1.78
1.06
2.91
1.64
0.45
4.91
3.53
1.46
4.18
2.99
5
3.77
0.64
1.68
2.73
1.41
3.06
1.06
4.08
2.13
4.42
3.99
1.52
0.6
4.91
1.99
1.7
1.92
4.04
3.59
0.58
4.01
2.46
0.12
0.3
3.08
2.41
2.78
2.57
2.28
3.77
4.73
4.57
2.91
1.41
3.89
0.29
0.33
3.9
0.36
2.51
2.96
4.11
4.69
1.85
3.85
3.1
3.65
0.02
4.98
3.93
2.15
0.32
2.44
3.11
2.07
4.51
4.12
2.47
3.64
2.85
1.02
0.79
1.31
1.72
2.1
3.48
3.55
4.57
2.01
1.78
2.8
4.17
0.62
1.24
3.99
1.65
3.36
1
2.63
2.69
4.05
4.47
3.44
2.82
4.61
4.4
1.62
1.03
4.62
0.11
2.1
0.35
0.99
4.41
4.83
3.35
3.61
3.32
1.64
2.63
0.15
0.27
0.47
4.8
0.02
0.96
0.27
3.82
4.8
3.15
4.15
0.06
1.35
0.24
0.95
1.03
4.73
4.29
2.4
0.86
0.34
3.48
0.62
1.84
3.06
4.79
4.52
3.88
4.79
3.9
2.44
4.2
3.63
1.83
0.83
1.81
2.6
4.98
5
0.83
0.2
4.94
0.99
4.52
2.51
0.01
1.82
4.23
2.45
1.78
2.09
1.55
4.76
3.25
1.57
2.24
1.32
1.35
4.07
1.87
2.82
0.84
1.19
1.43
2.67
1.24
1.96
4.89
2.79
1.01
4.29
4.89
2.43
2.66
2.91
2.9
4.17
3.6
4.14
4.19
1.68
2.26
2.66
2.31
0.4
4.07
2.97
0.39
0.56
2.41
4.15
1.69
2.36
2.83
3.59
4.73
0.71
0.27
2.66
2.75
2.02
3.18
4.08
4.42
3.2
3.35
4.92
0.57
3.88
2.49
3.86
3.23
0.88
3.7
1.07
1.81
4.09
4.01
0.46
4.76
2.73
1.27
2.11
2.88
1.37
4.41
1.6
0.79
1.86
0.84
0.39
1.07
1.01
0.54
0.02
0.84
0.72
4.15
2.99
3.5
2.55
2.02
0.72
3.93
0.23
3.82
0.94
4.77
3.42
1.34
2.15
2.36
0.46
4.69
0.14
3.49
2.43
3.89
3.7
2.09
0.07
3.25
1.89
2.19
3.56
2.7
3.53
0.65
1.7
2.63
0.27
4.37
1.96
4.6
4.96
2.99
0.05
2.28
1.49
2.92
3.98
2.57
4.23
0.55
3.8
2.18
3.93
0.79
4.83
0.95
1.28
0.33
1.14
4.44
4.23
1.15
3.06
1.88
0.08
0.46
4.91
0.26
0.64
2.78
4.96
2.08
2.4
3.16
4.91
1.81
0.14
3.88
2.1
0.04
2.87
4.72
1.14
1.15
2.63
4.19
0.1
0.72
3.6
2.29
1.69
4.53
4.85
0.75
0.04
0.69
1.43
2.01
2.69
2.53
4.55
2.5
1.08
4.4
2.9
3.32
0.9
0.45
0.6
2.24
1.13
2.14
1.38
0.33
3.42
2.84
0.78
3.67
0.43
1.48
0.94
2.85
3.61
3.08
1.72
0.3
3.22
2.3
3.65
1.29
2.53
4.49
4
2.06
