0.71
2.5
0.1
0.34
2.04
0.62
1.36
0.81
4.05
2.8
1.03
1.27
1.66
1.23
1.61
3.16
4.46
1.52
1.35
2.83
0.78
0.85
4.01
3.32
3.61
0.02
3.07
2.91
4.76
4.49
1.25
3.54
4.71
0.48
4
2.61
0.1
1.97
0.62
0.13
4.11
0.52
4.02
1.6
1.66
2.25
0.9
1.12
4.74
4.33
3.99
0.31
2.83
3.21
4.41
0.56
2.19
2.1
3.75
3.59
2.02
2.45
2.05
2.41
4.62
0.47
1.53
2.79
4.59
2.72
2.06
4.08
4.03
2.67
4.46
2.1
4.66
2.65
1.17
3.88
1.35
1.12
0.02
4.18
4.77
1.28
2.5
1
3.39
1.15
1.29
1.81
0.48
1.29
1.93
2.25
4.45
1.74
0.62
2.6
0.62
1.73
2.83
0.14
1.72
1.47
2.14
3.22
3.79
0.97
3.31
0.19
4.63
2.82
0.15
2.78
1.3
3.58
2.51
3.41
4.93
2.12
0.2
1.58
1.37
2.17
4.87
0.96
3.11
3.6
2.64
1.07
1.07
2.77
3.99
2.27
4.11
2.63
4.11
2.17
3.95
4.67
1.36
3.29
3.43
1.71
1.97
1.6
0.13
4.92
3.63
4.95
2.81
2.9
4.75
3.63
4.27
1.93
3.16
0.95
4.86
2.19
1.28
3.62
3.14
2.1
4.91
3.1
3.19
4.43
4.84
0.19
3.01
3.64
2.13
3.74
4.37
1.78
2.12
1.35
3.67
4.41
1.38
3.4
0.37
1.88
4.18
1.47
0.18
3.67
0.83
1.84
4.5
4.21
3.14
2.25
3.46
3.5
2.92
4.03
4.13
1.8
0.97
4.68
0.84
4.63
4.95
1.36
0.55
1.21
3.51
1.45
2.95
2.54
4.59
2.03
1.64
3.88
3.81
0.4
3.23
1.97
3.86
4.34
4.11
1.82
0.2
0.86
2.61
1.73
0.14
2.74
1.44
3.87
2.45
4.87
3
4.38
4.16
1.32
2.87
3.32
2.03
3.65
2.56
0.01
3.04
1.75
2.94
3.28
0.15
0.12
1.18
0.13
4.37
4.67
0.76
4.58
1.18
2.36
1.36
2.05
0.97
2.65
2.09
0.29
0.38
2.85
4.37
2.13
2.74
3.48
3.92
3.54
4.4
4.25
1.88
3.07
4.71
4.26
0.88
0.07
3.37
1.69
2.56
4.33
2.37
2.39
2.08
0.03
0.67
2.15
3.53
2.9
1.43
4.34
1.1
1.85
2.95
3.28
0.28
1.89
0.9
0.83
1.25
4.78
1.57
0.68
3.92
3
4.47
4.16
2.88
0.55
0.84
4.88
0.79
4.35
0.98
2.14
0.32
0.84
3.93
4.81
4.51
2.52
4.14
4.36
4.6
4.76
4.52
1.94
3.99
2
3.28
4.51
0.97
2.51
2.56
4.04
3.77
3.99
3.47
0.52
4.72
4.83
4.1
3.3
3.75
1.08
4.87
1.66
1.04
3.32
4.98
3.96
2.24
0.31
1.27
4.77
3.45
1.6
4.13
2.39
3.69
4.63
2.87
4.72
0.68
0.73
2.14
2.12
2.76
3.03
0.97
3.9
4.65
4
2.42
2.85
4.32
0.55
4
0.5
4.44
4.96
2.65
3.98
3.96
0.56
2.09
1.95
3.18
0.28
4.83
1.53
2.02
4.05
1.18
2.73
4.5
3.15
0.89
2.03
3.46
2.09
3.39
1.82
3.17
1.77
3.74
3.31
0.34
4.38
4.46
0.03
4.1
3.85
0.24
3.11
2.02
2.62
0.59
0.6
1.36
3.55
2.68
1.63
1.59
1.34
4.59
0.83
3.61
3.6
1.16
3.49
0.81
2.23
4.66
0.3
4.4
1.45
2.35
2.94
1.85
3.59
2.49
2.6
3.52
3.86
0.39
4.99
2.89
3.88
3.35
2.61
0.78
3.51
4.66
1.8
0.3
0.55
2.7
1.53
2.16
1.36
1.46
0.08
1.73
1.82
2.66
1.54
2.67
2.78
2.69
2.53
1.52
1.45
1.57
4.29
2.13
4.58
2.97
4.02
0.38
4.57
3.36
1
2.93
1.88
3.47
2.6
4.04
2.14
2.64
1.74
2.25
0.54
4.91
2.07
0.73
1.52
0.98
0.14
4.16
0.55
4.96
1.23
1.85
2.58
3.52
4.45
4.74
2.04
1.28
0.01
3.76
1.92
0.4
0.42
3.72
1.47
3.32
0.46
0.85
2.82
2.9
4.19
3.79
3.37
4.98
1.62
1.09
1.2
0.01
2.72
4.82
3.19
0.3
4.12
4.96
4.49
3.47
3.88
2.58
3.99
1.87
4.9
4.93
2.05
4.88
2.99
2.12
3.37
1.9
1.78
2.11
1
1.18
3.16
1.4
3.96
0.8
3.39
0.41
3.82
1.37
4.74
3.17
0.25
1.52
4.88
2.78
4.11
0.74
0.98
4.26
2.13
0.95
3.47
3.85
3.12
1.72
2.5
3.38
4.98
1.01
1.58
4.97
2.47
4.39
4.36
4.47
0.09
4.92
0.09
0.45
0.44
0.15
4.39
3.01
3.08
3.16
1.76
0.1
3.32
4.5
4.47
0.35
4.05
1.2
1.83
1.74
0.71
1.51
4.99
3.57
4.39
4.82
0.1
4.04
2.53
1.92
1.01
3.29
3.47
2.89
0.46
4.68
1.4
0.34
3.37
2.09
4.13
0.36
0.95
2.69
0.12
0.01
1.36
3.14
4.53
2.19
4.3
4.17
4.21
2.41
0.25
2.38
1.07
4.94
3.91
3.53
0.55
2.53
4.28
1.46
2.77
0.36
2.91
4.38
2.65
0.98
3.52
2.03
3.56
1.33
0.84
1.73
2.78
4.17
1.21
4.77
0.38
3.05
1.21
4.96
2.99
1.6
1.09
0.88
2.39
3.23
0.2
0.93
2.03
1.34
2.72
1.99
2.19
0.39
2.57
1.47
0.03
0.99
1.82
2.56
2.67
3.03
2.75
4.94
1.23
3.66
0.75
1.72
3.04
3.95
4.8
1.4
1.31
1.42
3.73
3.43
1.93
2.64
2.73
1.11
1.89
1.25
2.65
4.31
4.81
0.06
3.54
2.38
0.08
1.08
3.25
4.74
0.38
4.27
2.92
0.98
4
2.68
3.3
1.67
0.89
3.02
0.53
3.79
4.89
0.78
1.43
3.69
2.6
1.64
0.24
3.85
2.21
0.17
3.44
2.19
3.78
0.37
1.44
1.91
0.13
4.79
3.95
1.53
0.17
0.11
3.63
1.83
0.64
4.07
1.47
2.41
2.52
2.98
0.23
0.24
0.51
0.15
4.79
0.01
3.24
4.72
3.34
4.35
0.42
3.54
1.55
2.79
3.42
1.15
0.87
0.07
1.66
0.02
3.16
3.05
1.81
2.64
4.05
4.3
3.32
2.39
0.47
2.22
1.47
0.38
1.38
4.76
2.57
4.63
4.39
1.75
3.75
2
3.97
4.85
2.99
0.64
3.07
2.27
0.73
1.28
4.6
3.46
3.42
3.04
1.07
1.68
2.04
3.5
3.97
0.52
2.48
1.24
0.27
2.43
2.16
1.59
3.07
2.82
2.03
0.76
0.51
0.68
2.71
3.29
1.68
3.25
1.43
2.4
0.38
3.77
1.03
3.2
3.06
3.07
2.24
1.22
4.17
2.72
4
3.78
4.77
2.91
2.69
4.42
2.07
3.18
2.6
2.87
0.23
4.35
4.97
3.98
0.67
3.16
4.58
1.19
1.2
2.99
2.59
3.95
1.49
4.36
1.5
3.59
0.6
2.68
1.98
1.33
0.05
1.29
3.43
0.08
4.8
2
1.37
3.89
2.67
2.08
1.29
4.98
2.26
4.77
0.95
4.26
4.82
3.2
2.87
3.52
0.06
4.55
3.49
3.86
1.63
2.47
2.79
1.57
1.87
2.27
2.81
4.71
3.29
0.21
2.23
2.3
4.69
1.92
3.44
4.06
4.64
0.76
2.26
3.85
3.42
0.22
5
3
0.31
2.33
4.27
1.65
2.95
1.11
3.74
0.69
4.93
2.92
0.07
1.88
1.19
2.17
2.23
1.97
3.48
2.91
4.3
2
2.1
3.14
2.35
4.29
0.19
1.4
2.05
1.03
0.9
0.95
0.88
4.57
3.34
0.95
2.61
2.77
2.2
2.28
0.84
4.95
3.83
4.63
4.34
4.42
0.1
2
4.67
3.15
3.55
2.56
4.54
4.19
2.54
1.56
3.45
2.96
2.96
0.73
3.14
4.25
4.2
1.67
2.33
0.72
1.17
0.34
1.31
2.65
3.19
1.33
3.77
4.62
1.23
4.41
4.4
0.51
2.76
1.82
3.48
0.8
3.69
2.98
0.91
1.28
0.7
1.64
3.91
0.1
3.15
4.83
2.59
1.56
2.2
1.93
2.6
5
3.67
0.63
3.52
2.48
4.42
3.61
2.77
3.96
0.42
2.07
1.71
2.8
1.57
0.77
2.33
0.09
2.67
2.31
2.88
0.7
4.16
2.22
4.47
3.73
1.51
5
4.85
3.23
1.05
3.8
4.63
1.07
0.67
2.82
4.19
4.11
3.69
1.78
4.55
4.44
4.84
0.68
1.41
0.39
4.6
3.02
0.44
2.14
3.98
2.86
2.73
5
0.22
3.47
0.14
0.56
0.45
4.65
1.16
3.27
4.52
4.88
3.81
0.75
3.58
0.04
2.23
4.46
0.47
3.66
3.65
0.44
4.22
0.24
3.52
3.79
2.82
2.42
2.53
0.89
1.31
0.5
2.98
4.32
1.66
0.61
2.47
4.8
2.58
1.08
3.91
2.24
4.14
1.82
3
2.47
0.82
0.35
3.72
3.71
4.28
4.9
3.29
2.58
3.61
1.84
1.72
1.01
4.97
4.59
4.88
4.75
4.31
4.09
3.12
2.34
3.92
4.43
0.73
3.8
1.95
4.19
4.09
1.78
1.73
1.3
0.84
1.44
0.78
4.89
3.79
4.5
4.38
2.94
2.5
3.24
1.43
2.02
1.25
3.72
1.32
0.47
1.33
3.44
2.2
3.31
2.74
2.32
2.23
4.5
0.24
3.49
4.75
1.45
0.75
4.27
2.53
2.4
4.61
4.16
1.03
2.84
1.01
4.89
0.29
3.82
2.9
1.33
4.51
0.33
3.2
0.99
4.95
3.35
3.11
2.8
4.12
4.78
1.71
0.99
0.55
2.01
0.51
0.22
4.72
0.88
2.6
2.36
2.26
4.03
3.52
1.52
3.18
0.4
1.37
4.28
1
2.89
0.32
2.68
1.14
1.19
2.86
0.64
0.11
4.42
0.98
4.87
0.32
2.63
0.5
3.16
2.37
2.9
2.41
2.95
1.88
2.91
1.22
4.09
4.52
4.82
3.16
1.59
3.32
4.62
1.02
3.03
3.36
3.76
3.62
2.96
0.28
2.44
4.71
1.65
1.66
2.2
2.59
4.65
0.2
2.28
1.26
3.15
4.1
2.45
0.71
4.49
2.23
0.97
4.06
1.82
2.34
4.49
0.65
0.24
3.03
1.25
0.37
3.63
2.64
0.98
0.41
2.81
2.9
1.66
2.03
0.46
2.51
0.46
4.1
1.06
2.98
2.63
2.82
2.37
2.52
2.19
0.73
0.76
2.91
3.29
1.42
4.88
2.78
0.65
3.04
0.24
4.16
1.38
2.88
4.65
3.3
3.19
0.96
4.87
2.27
0.32
0.16
5
4.3
0.64
0.37
3.5
4.59
0.05
1.81
3.38
3.83
4.02
0.71
2.95
4.68
4.48
3.87
1.77
1.52
0.9
0.75
4.3
4.19
1.36
1.28
3.41
2.08
4.21
4.52
3.24
2.69
3.48
1.03
0.06
4.35
1.92
2.35
0.73
2.46
3.86
2.85
2.95
1.28
3.04
3.63
4.59
4.43
3.67
2.52
3.81
2.17
1.82
1.1
2.46
3.6
4.3
0.41
4.02
0.08
2.27
4.77
4.78
4.52
4.05
3.44
4.6
2.47
3.86
1.2
2.66
2
0.29
0.72
3.72
3.73
0.26
4.45
1.39
4.67
4.6
4.75
1.97
0.72
2.07
3.04
2.06
2.22
2
4.68
2.12
2.74
3.98
4.98
1.46
0.97
3.97
2.11
1.72
4.47
2.58
3.88
3.64
3.28
3.65
4.85
3.45
4.31
0.89
4.35
1.58
4.56
2.86
3.57
3.33
1.45
0.02
1.69
0.43
1.19
4.57
1.41
0.67
0.33
4.94
1.67
0.02
0.48
2.35
1.4
2.01
4.04
1.85
1.04
1.17
0.08
4.06
2.46
0.31
0.04
3.91
4.31
1.78
2.03
3.7
1.24
0.68
0.08
1.23
2.24
2.86
2.04
2.32
3.8
2.59
0.57
3.89
3.81
4.15
4.66
2.45
0.37
1.21
3.81
2.71
1.61
0.56
1.57
0.73
3.67
4.77
4.12
3.51
4.37
3.14
2.84
0.55
1.3
3.6
2.36
3.35
2.17
1.44
4.41
0.4
4.41
2.43
4.8
2.43
1.69
4.17
1.74
2.74
4.46
2.31
2.57
1.58
3.04
0.88
4.84
0.14
1.85
1.13
0.08
1.11
3.23
3.08
4.84
2.98
4.44
0.79
4.11
2.38
2.59
1.22
1.81
0.98
1.48
1.14
2.7
3.7
1.72
2.51
1.13
3.43
1.42
4.29
2.54
1.79
2.66
4.29
2.85
1.4
2.94
3.72
3.79
2.38
4.25
3.37
2.6
0.18
2.17
0.77
1.33
1.54
2.24
1.19
0.37
4.95
1.65
1.33
3.2
1.37
2.49
1.11
0.67
3.49
1.08
2.8
0.95
4.86
3.8
2.44
2.04
4.08
4.43
1.28
4.98
4.25
0.24
2.59
1.22
4.31
4.49
1.91
4.98
0.91
1.3
3.5
0.88
2.78
0.66
1.12
0.89
0.26
0.2
4.42
3.54
2.61
2.05
1.55
4.78
2.65
2.82
0.57
1.69
3.24
4.34
4.82
3.11
4.43
2.06
2.95
4.1
1.67
2.99
0.43
2.33
3.08
0.22
3.05
0.81
2.43
2.2
1.46
1.25
3.78
0.72
2.4
1.89
0.62
1.63
1.66
4.85
1.1
3.59
3.9
4.49
3.21
4.62
0.82
0.73
3.72
4.59
3.11
0.61
1.39
2.32
0.38
0.08
0.62
2.66
4.4
3.91
1.71
2.68
0.46
4.21
0.9
1.01
0.29
3.89
1.57
2.41
2.62
0.53
4.53
2.63
2.34
0.17
1.67
0.67
1.8
4.89
4.78
1.79
4.76
3.8
2.47
0.15
1.77
4.88
0.42
0.77
2.6
1.26
3.63
0.83
2.02
1.61
2.51
4.94
4.82
0.24
3.97
1.07
3.26
3.84
1.42
3.43
2.3
2.42
4.2
3.53
3.08
0.86
2.2
3.52
1.09
4.77
2.52
3.9
2.84
3.11
1.21
4.67
2.67
3.24
1.52
2.14
1.43
3.49
3.06
2.64
2.73
1.85
0.24
0.72
4.38
2.02
4.07
0.04
1.63
3.13
2.77
2.48
3
2.33
3.48
2.72
3.4
4.22
2.06
3.21
4.52
3
2.08
3.26
4.53
2.25
2.43
3.47
1.81
2.67
0.05
3.37
2.95
2.87
1.5
4.86
4.01
4.63
4.43
2.67
3.76
1.63
4.66
1.05
4.24
0.78
1.02
1.87
2.05
4.91
1.31
0.6
0.35
1.57
4.29
4.72
3.15
2.7
3.47
1.55
4.4
2.67
3.53
1.01
1.83
1.42
4.85
4.83
0.04
1.92
2.86
2.47
1.43
2.06
0.38
2.97
2.22
0.1
3.31
4.52
2.24
2.33
1.02
1.91
0.69
3.88
1.47
3.57
0.83
4.76
1.99
4.1
4.55
1.29
0.07
2.14
2.19
0.93
3.11
3.75
2.04
1.43
2.26
2.83
0.64
4.08
4.23
4.74
4.09
4.56
4.2
3.34
3.57
1.96
0.66
0.97
1.06
2.12
0.69
4.95
1.26
1.76
0.7
4.01
2.07
0.07
0.35
0.8
0.45
3.23
0.21
0.45
4.75
2.86
4.95
0.6
2.2
0.19
1.33
2.98
4.76
2.19
0.63
2.86
0.35
3.44
1.84
2.25
2.66
4.35
3.22
0.48
4.03
4.6
1.16
1.44
1.05
0.74
0.62
1.26
4.92
4.33
2.44
3.51
2.28
3.22
1.97
3.62
4.58
2.36
2.95
0.88
0.51
2.51
4.13
2.43
3.66
2.09
0.97
1.05
3.91
3.1
4.33
2.42
3.2
1.01
1.28
1.49
4.66
3.15
0.37
0.51
3.84
0.67
0.78
1.91
1.32
3.9
3.24
1.09
2.79
3.46
3.71
0.05
0.36
0.41
1.77
0.41
3.51
2.88
3.35
4.92
1.25
0.05
3.25
4.43
3.25
1.27
2.51
4.87
3.99
3.66
3.81
3.27
4.12
1.16
2.93
1.19
1.16
4.39
0.49
4.08
2.54
3.51
1.48
4.53
0.95
0.77
2.56
3.74
1.14
3.94
0.15
0.13
3.74
1.66
2.09
3.05
4.88
1.76
0.18
1.63
1.73
2.93
4.31
4.66
4.34
3.58
0.63
1.73
0.71
4.93
2.34
0.33
1.96
4.12
1.99
1.38
2.29
1.15
4.9
3.52
3.19
2.47
2.6
4.96
0.47
0.23
2.16
4.74
1.61
0.1
1.4
2.9
2.96
0.85
3.09
1.04
4.19
4.16
3.38
1.16
2.16
2.87
2.46
0.47
4.33
3.4
2.57
2.73
3.95
4.96
3.69
3.82
0.04
2.22
3.35
4.69
4.62
2.95
4.85
3.62
0.84
0.02
1.74
0.31
2.53
4.35
3.77
3.87
3.47
3.33
4.41
4.31
4.18
0.18
1.55
4.36
2.53
0.93
0.67
2.45
4.74
4.86
4.05
4.81
2.71
3.99
0.64
0.38
4
4.4
0.43
2.64
2.17
4.78
0.79
3.17
1.61
2.89
2.55
4.51
3.27
0.03
0.93
0.92
0.47
0.88
0.47
4.73
2.33
1.58
1.07
3.47
0.87
4.47
1.38
4.14
4.65
1.49
4.55
1.39
0.96
2.2
1.33
2.45
1.91
1.4
4.42
1.72
2.92
4.33
0.76
0.8
1.59
3.42
2.22
4.75
4.97
2.32
4.44
4.69
1.64
2.34
3.96
2.22
2.51
0.08
4.42
0.56
2.12
4.68
1.56
1.1
0.12
4.7
1.46
1.99
1.35
1.73
2.79
0.48
4.14
4.16
3.52
3.85
1.04
2.46
3.07
1.87
3.25
2.5
0.69
2.92
3.76
4.45
4.85
4.69
1.64
1.39
3.88
4.87
3.24
3.95
0.76
4.62
1.73
2.97
1.36
1.98
0.97
3.97
4.29
1.29
0.43
0.31
3.87
4.15
0.38
0.16
3.12
4.43
4.75
0.82
2.53
0.73
2.11
2.34
2.02
3.31
4.68
1.47
4.31
1.18
4.49
3.39
2.94
2.36
0.08
0.23
1.35
0.96
1.26
3.9
1.94
4.83
2.79
0.56
2.99
1.45
0.64
4.42
3.31
4.84
0.27
3.71
3.07
4.1
4.05
1.12
1.09
3.36
1.23
1.66
3.76
0.05
3.26
2.07
3.93
1.67
0.21
4.26
2.69
0.18
4
3.57
1.16
2.47
3.37
3.94
1.8
3.8
2.21
2.76
1.24
0.95
1.94
1.33
0.08
0.11
0.54
2.79
1.24
0.84
1.59
2.77
4.74
2.9
0.47
4.74
1.52
2.65
1.19
0.94
0.56
4.51
0.15
2.17
4.32
3.31
3.96
4.66
1.99
3.23
1.26
1.99
2.49
2.7
2.21
4.95
4.42
4.92
2.13
3.82
3.73
2.15
4.73
3.3
1.54
3.42
3.18
4.42
3.11
3.46
3.85
3.62
3.41
0.28
2.31
3.95
4.63
2.98
4.15
3.83
0.48
2.24
4.41
1.84
4.14
0.36
3.98
3.2
0.91
2.86
0.65
4.58
4.1
4.65
0.12
0.72
1.25
0.22
0.53
2.44
0.26
4.49
0.67
0.7
3.24
1.56
2.97
0.83
4.29
4.6
4.05
4.49
3.56
2.65
1.93
0.68
4.62
0.65
2.41
1.77
1.75
0.84
1.02
2.11
1.53
1.91
0.68
2.2
4.15
1.17
0.01
3.91
4.68
4.15
1.13
4.58
3.13
2.27
3.37
2.72
1.44
0.98
2.53
0.49
2.12
3
4.27
3.53
3.92
2.73
3.19
3.25
1.67
4.61
2.75
4.4
1.76
1.76
0.25
1.97
4.54
2.11
2.48
1.8
3.21
3.82
2.37
1.62
0.03
1.79
0.14
3.09
4.4
0.73
0.75
3.03
2.62
4.88
2.94
1.35
3.83
4.66
2.27
2.62
1.2
3.54
1.19
4.46
2.32
1.53
0.37
2.88
3.67
4.55
2.57
3.44
1.58
1.35
2.64
3.62
2.94
1.19
0.92
2.56
1.3
4.45
0.33
2.36
3.81
2.1
0.93
2.39
1.54
0.77
0.07
2.79
0.33
3.05
2.61
2.29
2.65
1.75
4.23
0.27
3.1
2.18
4.55
2.77
4.13
2.69
3.81
2.71
0.61
4.3
4.85
0.32
2.03
4.34
4.23
0.17
2.17
4.19
0.52
4.61
4.26
3.94
4.03
2.37
4.59
1.04
3.06
4.94
4
4.29
3.35
4.28
3.33
4.37
2.52
1.08
4.17
4.08
0.36
4.07
