2.75
4.69
1.16
2.02
5
4.9
4.31
3.88
2.51
3.52
4.98
4.28
0.01
2.77
1.78
4.63
4.52
3.42
4.7
2.76
0.52
1.66
3.65
0.17
1.15
3.4
3.33
1.75
4.17
2.77
1.82
3.49
4.1
3.65
4.27
1.07
2.26
4.68
4.87
2.73
3.82
0.76
0.29
0.55
4.24
0.71
4.82
1.56
4.53
4.52
4.89
0.14
3.1
1.11
1.29
4.1
2
4.77
1.37
0.52
4.61
2.67
1.83
3.76
2.06
2.99
1.71
2.92
0.55
3.41
1.87
4.75
1.98
2.68
1.57
2.31
1.66
2.3
4.67
3.84
0.31
0.14
1.07
4.58
4.94
2.88
2.56
4.44
1.96
3.73
2.76
3
3.82
0.09
4.66
0.44
0.55
2.92
1.96
1.94
3.14
4.92
0.9
4.91
2.36
0.87
2.13
0.15
1.32
0.77
2
0.48
3.46
1.52
0.05
3.99
4.98
2.38
4.02
3.05
3.6
2.3
1.97
2.48
0.45
3.95
0.36
4.37
1.12
2.46
2.77
1.42
4.71
1.39
1.78
2.32
3.36
3.05
0.86
2.48
1.41
3.64
1.98
4.8
1.85
3.16
3.42
3.52
3.75
1.94
1
3.66
0.89
1.19
0.96
2.96
3.14
2.91
2.24
3.59
3.35
3.94
3.43
0.2
4.31
3.73
2.48
1.4
0.38
2.7
3.26
4.69
3.79
1.19
2.5
3.5
4.44
2.78
0.55
2.18
0.94
3.77
1.88
1.34
3.1
1.63
4.84
1.52
1.68
4.24
4.3
1.69
2.25
3.78
1.66
4.14
3.41
0.1
2.41
1.96
3.21
1.29
1.37
3.56
2.57
3.87
4.86
4.84
3.01
2.75
3.72
3.75
3.97
1.62
2.08
4.77
2.26
3.73
0.48
1.95
2.26
0.81
1.68
3.4
1.5
0.78
2.45
2.6
0.84
4.6
1.22
1.12
1.99
1.9
1.11
4.79
4.22
4.15
0.86
2.38
3.41
1.91
0.44
2.43
0.61
3.19
4.98
0.28
1.76
0.3
1.37
3.5
0.79
0.03
4.63
1.52
1.23
1.66
4.09
1.92
1.16
2.98
2.99
2.74
0.12
3.11
0.07
0.96
1.66
3.16
0.38
0.39
3.83
4.32
0.81
1.54
4.49
2.27
3.78
4.38
0.69
2
0.84
0.5
2.39
0.75
4.09
2.72
2.2
1.27
0.79
2.65
2.87
2.14
0.87
3.57
1.58
3
2.12
2.5
4.67
4.94
0.25
2.18
0.13
1.7
3.4
0.92
4.39
4.82
3.97
0.46
0.38
2.45
4.04
2.7
4.93
0.51
2.68
1.47
1.42
1
2.89
1.39
0.34
3.12
0.98
3.43
4.26
2.41
4.41
3.76
3.31
2.43
2.03
1.11
2.53
4.9
1.36
3.98
1.8
0.73
4.09
4.3
3.51
2.05
2.2
0.99
2.77
2.69
1.09
0.83
0.98
4.23
4.64
2.46
1.39
0.69
4.7
4.89
1.17
0.03
4.75
1.95
0.27
4.63
3.22
2.49
2.31
0.38
4.43
2.4
2.41
1.32
1.31
2.15
1.7
0.67
0.78
3.58
0.74
1
0.03
4.14
2.59
0.71
2
3.9
0.71
2.99
3.76
3.56
3.48
0.97
3.05
0.13
3.81
0.81
1.51
2.6
0.09
3.59
2.54
1.47
2.17
2.1
2.4
0.32
2.11
3.24
0.51
2.02
0.92
4.7
2.15
0.11
0.07
0.36
4.67
2.88
0.54
4.26
3.95
3.86
2.93
3.63
3.95
1.14
2.55
0.61
3.57
4.02
1.66
2.91
3.29
2.19
4.51
4.77
1.8
1.41
2.91
4.28
1.95
0.04
0.01
2.49
1.99
3.17
3.55
4.05
0.61
2.73
1.14
4.77
0.38
2.05
0.67
2.22
1.87
3.27
2.31
4.29
3.78
4.4
4.81
1.25
0.16
3.01
1.84
3.24
3.05
4.83
3.96
4.66
1.78
1.71
0.69
1.45
1.94
3.96
0.55
4.05
0.84
1.37
0.97
2.23
3.36
2.12
0.41
0.37
1.66
4.21
3.61
5
4.67
3.95
0.07
1.73
0.42
2.27
2.41
2.39
3.53
1.02
2.17
4.6
2.47
2.92
1.83
3.16
2.94
0.31
4.46
4.09
0.01
4.14
0.89
1.62
4.48
4.49
2.95
0.29
0.79
2.09
5
0.62
3.44
4.04
3.93
4.74
4.32
0.48
4.47
2.23
4.36
0.98
3.48
0.59
2.42
4.34
1.32
3.28
4.78
1.41
0.44
1.71
2.51
3.99
4.97
1.01
0.68
0.29
0.67
1.36
3.73
3.01
4.68
0.83
0.86
2
3.46
0.37
4.42
0.58
4.49
3.66
0.21
3.21
4.15
4.18
0.69
3.78
3.32
3.68
0.17
0.91
4.02
2.26
3.58
4.92
4.05
4.92
3.28
4.53
3.6
3.74
4.79
1.92
0.26
2.32
1.89
4.87
1.67
3.9
4.12
1.49
4.29
3.92
4.69
1.69
4.14
4.97
3.89
3.44
0.18
3.07
2.88
3
0.42
1.65
4.48
1.45
4.61
0.75
3.49
0.95
1.39
3.45
1.88
1.44
1.65
0.91
2.74
1.08
0.45
1.49
4.63
1.61
1.64
3.19
3.87
0.18
3.98
1.15
2.06
0.09
2.08
0.07
0.05
3.64
4.59
2.55
1.32
2.57
0.18
2.02
1.12
1.28
2.52
1.87
0.65
3.24
4.53
0.36
2.68
2.64
1.14
4.32
4.06
1.28
2.55
4.3
4.58
4.13
1.93
4.46
4.96
2.3
1.36
4.08
4.1
4.69
4.27
1.89
1.03
4.45
4.71
4.57
2.73
3.53
4.44
0.8
0.49
3.3
1.54
3.85
3.93
3.01
3.97
2.65
4.62
0.69
2.21
2.98
3.03
0.77
2.92
3.26
4.34
1.52
2.48
3.68
1.19
0.23
3.52
4.2
0.66
2.18
2.82
2
2.88
0.94
1.14
2.36
1.08
3.14
1.72
4.22
3.61
2.5
4.67
2.64
2.77
3.94
2.45
0.15
2.19
4.06
0.89
1.48
3.49
0.61
3.29
0.17
0.56
0.22
2.23
2.75
0.84
1.95
2.19
3.9
3.84
4.84
0.75
0.17
4
1.24
4.21
0.98
1.27
1.65
5
3.47
0.02
0.82
4.34
2.63
3.04
0.46
0.92
3.92
2.89
3.42
4.15
0.08
3.58
1.22
4.87
3.81
2.16
2.76
2.03
3.38
0.31
0.64
1.63
4.57
2.15
0.44
4.52
3.55
1.92
2.68
1.22
1.18
0.11
3.5
1.8
4.51
0.15
1.32
1.18
0.43
0.39
3.73
1.59
1.49
0.87
1.62
2.67
3.18
4.28
1.47
3.86
4.28
3.35
2.82
3.49
4.29
2.23
2.38
3.39
2.83
3.05
1.13
1.21
1.05
3.83
2.44
4.77
2.67
4.96
4.36
2.1
2.65
3.18
3.85
3.95
3.63
0.88
0.57
0.85
0.09
1.68
4.45
0.48
4.53
0.05
3.05
1.76
0.04
4.23
3.86
4.34
3.9
2.45
4.78
4.93
2.54
2.89
1.79
2.12
1.21
3.24
4.29
2.02
4.58
2.55
4.94
1.51
0.76
4.75
4.43
0.77
0.46
1.23
4.41
3.66
3.76
3.03
3.12
0.74
4.78
0.39
3.48
4.13
2.29
2.41
2.45
3.99
2.42
0.43
2.92
1.93
3.84
0.35
0.85
4.96
4.83
0.42
3.72
2.82
3.42
4.15
1.15
4.39
2.39
2.41
2.06
4.73
2.15
1.79
0.32
0.38
2.54
2.2
4.43
2.19
4.09
0.38
3.27
3.63
3.51
4.69
1.39
2.35
0.29
0.89
1.13
4.6
1.73
4.08
3.8
4.04
4.18
4.37
1.18
5
3.25
4.83
3.52
1.71
2.9
1.06
0.97
4.71
4.42
2.94
0.9
2.19
0.77
2.65
2.93
3.24
3.98
4.22
3.34
2.36
1.31
0.2
3.33
3.48
2.87
0.87
4.68
1.95
4.81
0.3
2.67
2.93
2.33
3.92
0.52
0.4
3.39
4.4
2.1
3.77
0.11
2
1.95
4.51
3.18
2.13
1.26
1.54
2.08
4.37
3.8
0.68
0.89
1.33
2.26
2.07
4.72
2.79
3.87
0.64
4.72
0.65
0.54
4.19
2.82
4.39
0.04
4.97
0.53
2.74
2.06
3.05
0.86
4.65
1.98
1.3
1.36
2.36
0.26
0.88
0.75
0.42
1.08
3.8
3.08
2.1
1.72
1.36
4.59
0.46
1.2
1.39
4.93
2.17
0.24
1.76
1.92
0.26
2.8
1.3
0.5
3.29
2.72
2.86
2.66
1.82
3.43
4.58
3.2
1.32
3.3
0.55
1.57
2.17
0.53
1.7
4.53
3.26
1.88
1.52
3.28
0.38
1.64
4.4
3.14
3.48
3.89
1.11
0.02
4.94
0.13
3.64
1.01
3.31
1.07
1.81
2.66
1
2.83
4.77
4.71
4.22
1.17
1.06
2.57
1.79
1.04
0.9
3
3.39
4.31
2.27
3.49
4.73
0.34
1.63
2.2
0.7
0.82
2.04
1.75
1.17
3.42
2.93
4.42
0.16
1.09
4.17
3.54
4.07
0.91
0.8
0.88
0.19
3.63
3.07
0.98
4.13
3.44
0.8
4.48
1.27
1.03
3.2
2.94
0.7
4.3
2.97
0.77
1.58
4.38
3.86
0.47
2.49
1.97
1.3
3.15
4.51
2.4
0.79
3.78
0.52
0.22
0.13
1.23
4.29
3.55
1.18
3.83
4.56
3.35
0.92
2.87
0.86
3.62
2.94
3.67
3.41
0.6
2.55
1.02
3.71
3.5
3.82
2.72
3.13
2.07
2.15
3
1.99
3.34
0.45
3.56
1.25
4.14
2.81
4.97
3.32
3.42
0.51
4.55
0.02
3.39
1.07
3.66
2.33
4.13
2.24
2.86
0.72
3.21
0.51
0.68
0.69
0.79
1.99
1.04
3.67
2.42
3.28
0.62
3.05
0.32
0.18
4.63
4.2
4.15
2.88
2.89
4.24
2.15
4.58
2.4
2.89
4.97
4.04
0.92
2.1
4.09
3.48
1.13
0.77
3.17
3.5
0.04
0.4
3
0.99
1.06
0.2
2.25
1.9
4.71
1.55
2.36
4.51
1.91
4.64
4.77
0.27
1.62
0.61
1.22
3.6
4.5
1.02
4.27
1.07
4.02
2.65
3.04
3.91
0.66
1.77
0.18
4.15
4
2.02
3.89
3.11
1.86
3.5
0.07
0.13
0.59
3.26
4.19
0.05
4.85
4.18
2.95
3.83
3.18
1.92
2.87
0.24
4.41
2.58
0.46
1.21
4.01
1.98
4.82
4.67
4.98
4.55
4.41
4.42
3.61
1.56
0.8
4.15
0.84
4.21
1.52
3.36
4.33
3.42
1.7
0.72
1.06
0.42
5
3.91
3.44
4.95
0.68
2.45
0.82
1.78
2.89
3.66
4.03
3.79
0.84
2.09
1.68
0.74
4.25
2.88
3.4
0.04
0.23
3.37
4.8
1.25
4.2
1.28
1.47
0.19
4.04
0.59
1.33
2.53
4.89
3.83
2.99
1.28
4
3.93
3.08
1.77
0.29
3.2
4.18
2.49
4.8
4
1.38
0.22
3.4
1.8
4.07
2.93
3.28
4.87
3.17
4.97
1.76
3.35
0.22
4.38
2.08
1.1
4.67
1.25
0.82
0.64
3.73
3.71
1.06
0.1
2.43
2.99
2.94
4.37
0.09
3.74
0.09
2.09
1.13
1.36
1.11
2.93
0.76
0.36
4.79
3.83
2.13
1.92
3.8
0.76
2.1
0.48
4.01
3.01
4.81
2.59
4.17
1.16
2.28
3.61
0.13
2.25
1.78
1.39
2.52
0.24
1.94
0.68
1.45
2.29
4.98
4.46
3.15
4.36
1.1
0.61
4.46
2.48
2.86
0.7
2.32
4.13
0.87
3.95
0.82
2.7
2.31
2.87
3.64
1.06
0.23
0.53
1.65
1.41
4.79
1.9
1.37
0.8
2.47
3.71
1.44
3.95
2.05
1.72
0.11
3.93
2.35
2.28
1.02
1.67
4.53
1.74
1.19
4.91
2.05
3.49
3.52
2.39
3.66
0.7
3.48
0.56
2.8
3.13
0.95
4.23
1.21
1.61
0.64
2.2
4.32
2.08
1.23
0.12
4.44
0.38
0.59
2.86
0.44
1.83
2.7
2.03
1.39
5
4.5
0.26
3.4
1.35
3.33
2.67
1.12
3.35
3.02
4.79
0.98
0.3
2.85
1.32
4.29
2.98
1.04
3.85
2.69
0.73
4.13
1.23
3.33
2.82
0.45
3.38
0.33
1.69
4.41
0.5
2.59
2.04
3.09
3.62
1.68
0.84
0.13
2.72
1.41
0.87
3.5
4.85
2.06
3.69
3.15
0.7
1.82
3.98
4.22
2.89
1.55
4.29
3.17
1.63
4.87
1.23
4.31
1.82
2.65
4.17
3.74
3.86
3.57
1.46
1.82
0.87
2.6
0.12
1.98
2.26
0.86
1.48
4.86
1.79
1.21
1.58
0.34
1.3
3.37
3.67
0.6
3.59
1.46
3.95
1.99
2.35
4.64
4.86
0.55
1.99
1.6
1.44
3.33
3.89
2.75
3.36
0.51
4.69
2.02
2.86
4.24
1.4
3.76
4.56
2.22
2.45
3.17
3.62
0.75
4.47
1.47
2.95
1.3
3.57
1.73
3.57
2.89
3.94
1.96
0.95
5
1.38
0.16
4.25
2.48
4.51
4.83
2.45
3.66
2.65
0.64
2.57
1.54
2.55
2.99
1.36
3.99
2.35
0.23
2.4
2.09
1.76
1.55
3.35
3.48
4.8
1.6
4.92
3.22
1.17
1.9
0.34
1.9
1.69
0.37
4.35
2.19
4.01
4.01
2.4
3.14
3.96
2.22
4.87
4.42
2.85
1.87
0.03
0.85
0.85
4.53
0.42
2.92
4.96
1.53
5
4.86
2.76
3.69
1.61
2.97
2.81
4.31
3.72
0.07
4.54
3.58
2.6
2.72
2.82
0.12
4.45
0.74
4.55
0.63
0.73
4.37
3.21
4.75
4.18
2.3
3.64
2.19
2.39
2.9
4.65
1.82
4.02
2.72
0.37
3.36
0.48
2.19
0.68
4.95
0.22
4.28
3.12
1.55
4.08
0.65
2.56
1.29
0.15
0.3
1.12
2.22
0.81
1.43
3.12
0.11
3.24
0.72
0.43
4.8
2.15
4.02
0.84
1.01
1.87
1.68
4.31
1.95
0.19
2.44
1.23
2.47
2.54
1.25
2.1
0.87
4.89
0.32
1.31
2.02
0.48
4.24
3
2.28
3.04
4.13
3.73
3.03
2.65
0.85
4.57
2.48
1.51
3.04
0.64
2.37
4.18
0.61
1.37
4.4
2.19
0.56
1.86
4.01
2.6
4.63
0.71
2.43
0.67
1.14
2.59
3.03
2.22
1.77
1.75
3.98
4.74
4.09
0.7
3.48
0.49
4.85
2.01
4.09
2.54
3.12
3.85
4.18
4.08
0.01
3.68
3.22
1.78
2.85
4.08
2.56
1.04
3.41
4.77
0.2
2.45
4.81
4
3.98
3.29
0.1
0.55
2.82
0.06
1.55
4.82
2.85
3
4.48
4.18
3.86
1.48
2.77
3.92
0.49
4.07
3.46
4.3
4.72
2.72
3.29
3.03
0.7
1.48
4.99
0.58
0.18
1.49
0.13
2.61
2.18
0.2
1.16
2.81
1.67
4.73
3.33
2.85
4.95
0.2
1.39
3.51
2.12
1.91
2.62
2.13
3.15
0.78
3.7
1.15
3.92
3.01
2.17
0.24
3.07
2.25
4.52
1.19
1.63
3.96
2.95
3.16
4.62
2.07
0.3
1.61
4.8
4.62
2.46
2.22
4.18
0.57
1.04
3.81
1.54
1.54
2.09
1.83
3.24
2.07
2.41
4.29
4.34
1.16
0.65
3.76
1.2
4.24
1.79
3.26
1.52
1.25
4.32
0.65
2.38
4.46
0.25
0.13
0.74
2.15
2.65
0.33
1.61
4.48
1.5
4.64
3.29
3.57
4.28
4.95
0.84
1.95
3.36
1.07
3.84
0.92
2.69
1.03
1.54
3.2
0.55
4.13
4.85
3.89
0.59
3.58
0.42
4.78
4.01
2.66
3.69
4.58
3.39
2.53
0.39
4.53
3.97
0.89
3.54
3.88
2.51
0.05
2.1
1.07
0.83
3.72
1.04
3.43
0.85
2.96
2.07
3.59
3.82
4.84
3.96
0.98
1.41
0.23
4.91
2.08
1.93
0.92
0.84
2.74
0.34
3.84
4.38
2.88
0.89
4.13
4.3
4.7
0.29
0.78
3.12
3.38
2.04
2.77
0.64
3.45
0.32
1.35
4.96
4.47
4.99
4.34
3.69
2.87
1.35
4.36
0.32
3.93
0.14
1.9
2.78
0.76
0.51
4.4
1.42
2.1
4.52
1.13
3.82
4.26
0.72
3.64
0.95
4.67
2.39
4.11
4.07
2.32
0.66
1.39
4.28
4.91
2.32
0.07
3.62
3.53
4.4
4.1
2.08
2.99
3.3
4.35
1.03
4.09
2.86
0.17
1.78
1.98
3.36
1.98
3.48
1.87
1.04
0.78
0.68
4.64
1.07
2.03
2.76
0.9
1.39
1.59
4.16
4.78
2.1
0.28
3.86
0.22
3.5
1.94
1.02
4.79
2.27
3.8
2.58
0.37
2.53
2.41
4.33
3.5
3.18
0.31
3.04
2.8
0.86
1.8
0.87
3.81
1.73
2.03
0.79
3.87
1.56
1.15
1.34
3.58
2.54
0.95
3.83
0.65
2.25
2.24
3.17
1.92
0.56
2.04
4.35
3.55
2.12
1.65
1.56
0.58
4.51
4.84
2.46
0.27
1.32
2.9
1.37
0.05
0.73
3.66
3.14
2.99
2.68
2.06
4.39
0.51
2.46
0.63
1.58
2.64
2.72
3.33
2.55
1.1
1.4
0.9
1.52
3.47
1.78
3.42
3.19
1.4
2.09
3.97
1.75
0.24
2.81
4.45
4.69
1.88
0.82
1.48
2.62
4.9
3.12
4.28
4.11
2.3
1.57
3.74
3.31
0.78
1.53
2.34
2.71
1.42
0.24
2.07
1.91
2.22
1.14
1.01
0.78
3.92
4.05
2.05
3.52
0.76
0.47
4.59
4.97
4.2
2.24
1.67
4
4.18
0.46
4.18
1.61
4.7
0.72
1.65
4.86
4.55
1.63
1.37
1.78
4.72
4.51
1.35
4.45
2.46
2.2
4.41
1.73
2.16
1.27
2.28
3.5
4.88
2.52
3.51
1.89
4.17
0.8
1.43
0.97
1.15
4.99
3.42
0.27
4.66
1.07
0.66
1.55
0.98
4.62
1.92
4.72
2
1.22
4.01
3.48
4.54
0.97
2.39
1.17
3.15
2.62
3.1
3.13
0.83
1.48
0.43
3.09
1.71
4.87
2.64
0.34
1.49
0.9
3.83
2.95
1.07
4.09
2.6
0.89
4.28
3.09
0.85
2.81
4.72
0.13
0.7
2.66
1.92
1.42
2
0.46
4.65
3.51
2.45
1.08
2.36
4.88
1.72
3.7
1.82
2.17
0.98
4.2
2.71
0.21
1.6
1.86
2.07
3.26
2.58
1.91
1.16
1.47
4.13
3.26
3.65
0.97
1.9
0.62
1.4
1.46
4.34
0.7
0.33
2.16
3.62
1.49
0.72
4.19
0.95
1.07
3.14
1.31
1.99
1.12
1.36
1.39
0.51
0.83
0.33
3.92
2.85
1.75
4.89
0.35
1.28
0.16
3.66
0.63
1.33
1.2
3.02
0.11
3.12
2.46
4.92
0.74
1
2.06
2.37
4.72
3.75
2.79
4.1
0.95
3.57
1.03
1.66
4.13
1.87
2.07
2.33
0.31
2.19
3.55
1.41
2.33
2.36
1.74
2.66
3.21
2.04
1.17
4.1
4.99
2.65
1.7
4.9
1.62
0.52
2.13
2.19
3.46
2.79
3.66
0.52
2.14
3.01
4.65
4.42
4.61
1.65
1.51
2.29
1.24
4.33
3.07
4.47
1.71
2.1
0.29
3.1
3.52
4.13
4.37
3.22
1.84
1.61
1.25
1.9
2.47
2.06
2.66
0.76
2.57
3.43
2.31
3.55
0.01
1.15
3.66
2.52
2.06
3.87
3.61
1.02
4.11
1
2.63
0.19
4.08
3.04
2.86
0.04
2.84
3.57
4.54
2.44
4.94
1.13
3.11
3.91
1.61
4.26
1.41
3.06
4.6
0.66
4.68
3.44
0.88
2.73
1.41
1.63
1.26
2.3
4.79
0.85
3.55
2.85
0.99
3.6
1.43
0.93
0.16
1.77
0.53
2.94
2.69
1.26
0.77
1.88
0.91
1.92
3.78
4.22
4.95
2.59
2.68
2.96
3.42
0.94
2.22
2.24
4.47
0.84
1.99
4.4
1.63
2.84
0.81
2.12
1.71
4.83
1.34
0.79
1.25
1.06
1.45
3.18
0.23
4.99
2.26
3.87
0.75
3.68
4.97
3.48
3.96
3.67
1.38
2.19
3.55
0.17
0.17
1.31
2.65
1.24
2.43
1.7
1.77
1.9
2.62
4.54
1.7
1.65
1.4
4.73
4.31
1.54
4.41
