1.73
4.29
4.78
2.12
0.76
3.53
4.07
2.9
2.52
4.11
2.61
2.68
3.64
2.28
1.29
2.78
3.91
4.86
0.85
1.95
2.54
2.86
3.8
4.44
4.97
1.13
3.27
1.77
0.36
4.09
2.13
1.96
4.22
1.03
0.26
3.07
4.46
4.65
1.05
0.5
1.42
0.79
4.51
4.06
4.1
0.78
2.96
3.67
1
1.11
1.94
3.15
4.93
1.5
4.52
4.13
4.33
3.42
0.76
4.32
0.7
3.36
0.55
1.38
0.7
4.34
2.96
3.47
3.68
0.85
3.31
2.93
2.81
3.69
1.13
2.3
4.25
4.66
3.15
4.63
1.78
3.47
4.76
1.4
1.41
2.7
3.33
2.18
2.27
0.21
0.05
3.7
1.93
1.65
3.5
4.68
3.89
2.46
2.91
2.61
4.66
0.09
1.71
1.27
2.19
1.47
3.17
3.12
0.11
0.85
2.99
1.06
2.68
0.41
2.32
1.71
1.13
3.44
2.2
3.39
3.31
2.09
1.68
3.54
0.3
4.41
1.49
3.91
0.38
2.1
3.01
0.24
0.97
2.35
4.68
4.6
4.35
1.97
2.64
1.2
1.08
0.7
1.96
4.84
1.29
1.34
4.91
2.74
2.92
4.12
4.59
2.59
0.27
3
4.16
0.79
1.66
2.98
2.07
4.14
2.29
3.04
3.81
2.18
4.09
4.73
4.33
1.34
2.53
3.29
4.46
4.49
4.55
2.97
0.21
1.05
1.86
2.48
4
2.47
2.45
0.05
3.73
1.64
0.73
1.84
3.44
4.99
4.35
0.39
4.08
4.36
0.97
1.08
4.46
4.36
2.66
0.69
1.79
0.66
3.34
1.28
0.7
3.68
4.92
4.7
0.17
3.46
3.84
0.33
3.68
1.04
1.71
0.76
4.57
3.86
0.59
4.34
3.2
0.59
1.72
2.58
2.73
0.26
1.29
2.87
3.15
4.81
4.8
0.32
3.93
5
3.12
2.68
2.49
2.17
0.42
0.51
3.81
4.13
0.74
3.52
0.44
1.91
2.64
2.89
3.49
4.53
4.99
4.2
4.91
0.74
2.31
1.25
3.72
3.58
2.34
3.55
2.48
2.87
3.98
4.65
3.11
1.62
1.2
4.36
2.24
3.68
1.96
0.73
3.41
0.04
4.39
1.5
3.72
3.27
2.18
4.08
2.86
0.46
0.65
1.67
4.41
1.15
3.24
4.93
0.64
0.67
4.33
3.83
2.89
4.02
1.61
3.89
3.65
1.6
0.52
1.99
0.04
0.06
1.72
0.12
3.28
3.24
3.97
4.77
4.83
0.66
0.22
1.32
0.54
0.57
3.57
0.14
2.98
0.86
0.27
1.85
2.69
2.86
3.44
2.81
2.39
2.42
1.92
2.02
3.81
2.5
2.09
2.71
0.56
0.5
4.87
3.97
2.43
3.09
4
4.48
4.61
0.01
4.68
2.85
1.63
1.63
3.47
2.99
1.7
2.95
4.12
2.77
1.51
1.89
0.27
0.47
2.21
3.05
2.7
2.14
1.25
1.61
4.37
4.49
3.04
0.48
3.4
1.63
2.3
0.57
3.74
2.96
1.31
3.45
4.01
0.62
1.2
3.71
0.87
4.1
3.73
2.97
0.81
0.08
4.04
3.89
0.37
1.23
2.82
4.29
2.6
3.98
3.16
0.2
4.65
3.47
0.69
1.45
0.44
3.17
3.08
2.7
4.57
0.76
4.57
1.52
3.8
4.24
3.11
2.36
2.53
2.5
0.15
3.95
3.88
1.86
0.56
0.87
4.5
3.97
3.14
0.21
3.28
0.06
1.32
1.89
2.15
0.16
1.8
0.05
4.13
4.77
0.8
0.04
4.01
2.13
4.01
3.95
2.09
2.25
4.08
1.35
3.27
1.4
2.84
2.68
2.04
0.68
1.25
0.87
3.45
0.97
0.31
0.94
0.95
2.26
3.94
1.39
1.83
0.15
2.91
4.28
4.97
4.3
3.23
3.3
3.61
3.25
0.42
0.9
4.32
2.2
2.6
1.85
4.62
4.3
3.78
3.22
1.55
3.79
4.53
3.19
4.42
0.05
1.53
0.09
0.3
0.62
2.51
1.76
1.35
3.83
3.33
0.98
3.61
2.35
0.79
3.77
3.47
1.29
4.59
1.95
1.37
3.47
0.92
3.55
1.26
1.47
0.26
3.47
1.4
2.09
4.82
4.69
1.13
0.6
2.39
3.15
3.31
2.39
2.24
0.25
1.35
2.16
1.21
2.12
1.27
4.44
1.83
2.74
4.22
2.02
3.95
1.92
1.8
0.75
0.97
3.74
4.96
2.42
3.81
3.85
1.29
1.17
3.99
3.89
3.34
0.97
2.96
0.01
0.83
3.93
1.98
3.8
1.17
0.7
1.84
1.94
4.88
4.72
2.72
2.33
1.68
1.77
4.23
2.95
1.81
0.39
1.51
4.36
0.14
2.69
3.5
4.14
0.03
0.82
3.49
3.66
4.73
1.25
3.54
1.62
1.95
2.41
3.1
1.76
0.99
1.77
4.64
4.26
1.88
4.16
3.56
3.05
4.72
0.2
4.27
3.74
2.94
1.09
4.87
0.53
3.42
3.13
1.65
4.23
4.08
2.08
2.32
4.6
0.83
4.96
2.72
3.13
1.44
3.73
4.8
1.7
2.46
0.3
1.7
0.25
4.85
1.16
2.63
4.98
3.31
0.72
4.54
2.08
2.75
4.98
1.13
1.51
3.88
2.02
1.23
3.58
0.59
0.98
4.69
0.11
0.38
3.6
1.77
0.82
2.9
2.73
2.71
3.77
1.4
2.55
2.36
3.15
1.44
0.53
3.8
2.65
4.23
0.6
4.24
2.92
2.7
4.25
3.95
2.89
0.26
2.33
4.27
1.56
1.52
0.42
2.85
1.79
4.5
1.64
4.79
4.98
1.41
2.91
3.14
1.45
1.78
4.15
0.62
0.32
3.13
0.63
4.59
0.86
2.56
0.74
0.02
0.79
1.83
0.65
4.08
4.19
4.76
4.25
3.81
2.51
3.12
4.39
0.56
4.27
0.91
2.97
4.83
1.06
3.15
0.02
3.62
3
3.97
4.31
2.42
4.07
4.51
2.29
0.05
0.47
3.35
3.17
2.22
0.84
0.78
4.35
3.25
0.27
2.77
1.03
4.31
2.61
2.53
1.57
2.14
0.4
2.18
0.85
3.35
4.71
3.03
4.94
0.96
3.43
1.64
3.19
3.24
4.35
0.63
4.84
0.18
0.34
1.51
1.62
4.04
1.98
1.57
1.92
1.91
0.58
2.05
4.55
1.92
2.42
1.84
0.52
3.43
1.17
1.86
0.48
1.46
0.21
0.18
2.25
0.67
2.71
2.39
3.02
3.88
1.47
4.56
3.66
0.44
1.65
4.33
2.19
2.2
1.46
0.11
4.9
4.15
3.77
0.58
4.85
0.69
3.47
2.03
3.63
3.22
1.4
4.21
4.13
0.53
1.75
4.61
3.88
3.29
4.92
2.66
2.97
4.15
2.15
0.35
3.35
1.27
0.31
1.15
1.85
1.95
2.34
4.33
2.45
4.64
3.67
0.35
0.02
4.95
0.39
3.04
1.56
4.66
0.31
4.54
4.24
2.98
1.27
0.74
2.99
0.95
4.35
3.11
4.88
1.59
3.42
2.6
2.14
1.96
0.09
0.84
2.33
4.9
2.68
3.86
2.09
2.8
3.9
4.77
1.01
2.44
3.65
2.76
3.97
1.06
1.74
4.04
0.36
2.56
4.97
1.54
1.04
4.82
0.68
4.31
3.28
3.05
3.06
2.28
3.88
0.96
0.16
2.66
0.47
4.62
4.67
3.64
2.7
0.78
2.57
1.97
1.5
2.27
4.66
2.17
2.31
3.23
4.22
0.25
4.85
3.15
0.28
0.47
4.45
4.25
3.97
1.95
4.47
4.63
2.62
4.44
0.88
3.93
3.99
3.81
4.12
2.28
1.55
2.17
3.58
1.53
0.41
3.24
3.6
2.19
2.5
0.37
1.64
3.73
3.58
4.16
0.4
3.48
1.5
0.21
0.3
0.84
4.31
3.7
1.78
0.41
4.33
1.19
0.41
1.66
4.46
0.55
2.78
3.53
1.5
0.94
2.83
4.28
1.01
2.84
3.8
1.4
4.24
1.21
3.35
3.08
2.27
4.66
1.02
4.9
2.69
2.61
3.28
1.11
1.39
4.75
2.04
4.45
1.73
4.11
2.56
3.63
1.73
1.6
3.06
4.37
3.44
1.91
2.69
1.11
1.12
1.91
0.88
3.22
2.39
4.05
1.61
2.63
2.54
4.35
2.62
1.01
1.21
3.25
0.08
2.04
3.65
1.79
0.61
4.85
3.02
4.29
3.59
2.95
3.77
4.06
0.39
2.59
0.08
4.05
2.52
0.29
3.34
0.2
4.8
2.06
2.69
4.37
2.63
1.38
2.09
1.65
0.96
4.9
4.09
2.52
1.09
1.68
1.75
3.3
2.9
1.28
3.69
1.2
1.54
3.92
3.95
4.58
3.09
2.82
2.46
2.58
2.19
4.63
0.77
4.86
0.53
4.77
2.85
0.9
4.46
2.66
4.3
0.86
0.62
0.43
1.5
4.81
4.15
3.72
1.81
2.03
0.8
0.11
0.79
2.04
3.44
3.32
4.84
4.75
3.59
0.53
1.91
1.09
0.29
0.1
1.61
3.55
1.05
3.44
3.5
2.3
1.43
1.94
0.77
3.97
4.85
1.32
0.81
2.22
1.83
2.28
1.69
4.82
0.95
2.47
2.63
0.5
2.66
2.41
4.68
0.38
2.7
2.91
2.73
1.06
1.07
4.61
1.02
3.52
1.74
0.87
1.37
0.47
3.66
1.57
4.38
0.52
3.44
1.72
2.75
0.04
3.04
0.54
0.91
4.75
3.47
0.01
1.08
1.67
4.16
3
4.03
4.42
3.6
4.11
4.27
1.73
4.62
2.43
4.67
3.87
1.6
0.42
4.71
0.7
1.9
4.04
4.73
3.42
3.86
0.43
2.45
4.75
3.48
0.65
2.62
1.41
0.16
3.4
2.01
2.78
3.2
0.62
1.9
2.06
0.86
1.21
0.6
4.89
2.72
1.37
2.3
2.65
4.15
1.92
0.72
2.24
4.45
2.45
3.6
3.54
2.21
3.76
2.12
0.33
0.78
1.84
3.05
2.99
4.83
3.38
2.22
3.69
4.24
2.7
1.23
4.47
0.56
0.55
4.01
3.88
2.51
4.42
2.23
0.4
4.36
2.96
3.35
3.94
2.17
3.15
1.32
1.61
0.29
2.5
2.78
0.34
1.08
0.45
0.6
1.79
2.8
2.34
2.69
4.91
2.66
0.33
4.5
3.54
1.53
2.81
3.61
0.24
0.56
0.41
2.26
0.16
4.24
3.79
1.63
0.01
1.61
3.63
2.19
4.69
4.46
1.84
4.94
4.44
2.48
0.29
3.41
1.78
0.7
1.93
2.86
3.04
3.41
0.3
2.59
4.98
2.65
4.69
3.84
3.75
0.77
4.52
4.29
4.86
0.36
1.61
3.23
0.79
1.95
1.22
2.4
1.19
3.18
2.31
1.74
0.58
2.99
4.36
1.83
1.55
3.65
4.42
2.78
3.8
4.16
2.64
2.92
1.61
3.71
0.21
4.67
2.92
3.36
2.57
3.86
3.7
4.94
0.93
3.53
0.69
3.88
4.47
0.85
0.88
3.88
4.79
3.37
1.07
2.92
4.74
1.3
2.46
0.02
0.09
1.84
1.62
1.47
4.18
0.2
2.96
3.98
3.63
0.08
1.54
4.23
1.39
0.82
2.41
1.01
1.99
0.99
2.01
3.05
1.73
2.27
4.76
1.15
1.37
1.88
3.21
2.86
0.12
2.29
0.85
1.37
1
4.93
3.02
2.16
3
0.57
4.53
4.7
2.67
1.15
4.5
2.45
3.19
0.69
3
2.19
1.52
0.18
2.73
1.53
3.68
1.78
0.37
3.69
0.6
4.28
2.32
2.76
4.76
2.68
4.45
0.89
3.77
0.61
4.52
1.38
3.02
0.28
0.08
2.54
2.38
2.16
4.26
4.2
0.25
3.76
3.49
1.86
1.68
0.98
0.12
2.2
2.62
1.57
2.32
4.84
1.57
3.85
0.35
2.02
4.8
1.56
2.5
3.7
1.51
4.72
4.08
0.22
2.71
4.79
0.08
1.24
1.34
4.2
1.35
0.7
4.99
1.46
1.53
1.09
4.69
1.01
0.6
1.78
1.57
4.9
1.11
2.81
0.48
2.87
0.3
2.58
1.11
4.2
4.14
0.07
4.44
4.39
3.84
0.04
4.84
1.72
1.1
1.79
4.52
3.03
1.17
4.17
2.29
2.56
4.98
3.39
0.71
2.22
2.26
0.9
4.42
2.74
2.9
3.39
3.15
4.08
1.13
4.79
0.51
1.78
3.96
1.39
3.81
1.64
4.09
2.06
1.87
0.11
3.44
2.4
3.56
0.23
2.82
0.46
2.2
2.6
1.62
2.01
1.67
0.31
2.15
2.76
4.13
4.31
2.81
2.14
1.41
2.35
3.03
2.28
2.05
4.96
2.7
3.25
1.7
2.82
0.49
3.1
3.53
1.8
0.21
3.07
1.16
4.27
2.35
3.68
1.87
2.25
4.68
0.19
3.77
3.15
0.44
2.53
0.03
0.38
4.85
3.78
4.13
2.14
4.38
4.72
1.4
1.44
3.4
1.08
0.5
2.13
0.23
3.07
1.51
0.14
1.79
4.13
1.54
1.37
1.62
4.1
3.34
0.11
3.65
3.06
0.82
4.17
1.38
3.65
3.33
4.22
2.18
4.24
3.73
3.89
2.11
4.58
0.66
2.38
4.37
4.29
0.02
0.16
0.86
2.76
1.39
1.28
0.38
3.65
0.22
1.3
4.36
0.43
2.95
2.59
2.97
0.87
1.95
4.05
2.78
3.32
4.38
0.26
1.33
2.31
4.6
3.76
4.04
4.76
0.51
4.44
3.68
0.6
4.12
2.52
0.98
3.13
1.36
0.88
3.22
3.89
3.85
4.12
2.85
4.71
2.36
3.61
1.37
3.99
3.02
0.64
1.58
0.44
2.77
2.61
1.49
1.08
2.55
2.4
1.44
4.95
3.24
3.64
3.62
1.8
4.45
3.48
1.69
3.82
3.33
1.37
2.45
2.82
2.17
0.59
1.31
1.07
0.66
3.17
3.66
2.18
4.43
1.46
3.62
2.88
0.48
1.63
0.46
3.09
1.25
0.11
3.88
1.76
2.25
3.09
4.46
3.49
0.1
2.64
4.58
0.17
4.58
2.95
2.47
4.45
1.49
1.93
0.01
3.07
4.35
1.19
1.24
2.79
4
0.63
2.16
4.67
3.97
2.38
4.6
3.57
1.63
0.8
1.9
4.96
3.61
1.14
1.87
2.66
4.68
2.98
4.15
4.2
2.01
4.44
4.46
0.52
1.6
2.02
4.33
3.41
3.52
0.44
1.05
0.83
1.13
4.48
3.58
4.53
2.22
0.25
0.08
2.7
2.14
4.1
2.49
4.69
3.31
0.99
4.93
4.76
0.95
0.45
3.52
3.16
3.65
0.34
0.42
2.89
0.27
1.1
3.35
2.27
1.09
4.6
4.6
1.4
1.93
0.52
2.15
2.58
2.86
0.74
4.81
0.67
3.58
2.24
3.25
0.45
3.81
2.2
3.13
0.64
1.32
0.22
4.75
2.84
3.37
2.95
2.47
1.75
2.89
0.2
3.05
4.26
4.13
4.03
2.61
0.6
4.36
0.69
3.76
4.05
1.25
4.52
0.53
1.61
0.93
3.93
0.32
2.25
2.5
2.05
1.6
1.28
2.5
1.76
2.36
0.65
4.75
0.1
3.21
4.84
4.86
2.09
0.25
2.75
2.03
0.07
4.91
1.93
4.01
0.99
4.67
1.96
0.97
3.39
1.16
1.78
2.83
4.8
1.65
4
1.32
3.7
3.63
4.6
3.73
2.92
1.65
0.13
3.93
1.56
2.26
2.69
1.13
0.94
3.72
0.7
1.06
1.88
1.04
1.37
1.63
1.86
4.96
2.69
0.85
1.4
0.69
1.41
0.11
0.82
0.25
4.54
0.85
1.03
4.16
2.59
2.89
3.75
2.53
4.61
3.84
2.39
4.03
1.78
4.42
2.05
2.91
2.31
3.82
2.48
2.9
4.45
1.92
1.37
0.5
1.95
1.82
2.09
4.72
0.57
1.84
1.61
4.96
3.97
1.66
4.12
0.19
4.48
0.19
4.74
0.25
4.28
0.98
2
1.38
0.73
0.13
0.17
0.65
0.6
4.41
3.46
1.53
4.34
2.2
3.13
2.51
3.08
2.68
4.61
2.07
0.15
1.24
2.43
3.79
4.07
2.7
3.71
2.73
4.23
2.43
4.68
3.38
4.42
1.65
2.54
3.42
3.89
1.67
1.94
1.69
4.38
1.87
2.58
0.63
0.04
0.51
2.2
0.17
2.64
2.3
3.92
4.41
0.86
0.06
4.78
2.91
4.36
2.48
1.1
2.04
0.37
2.48
3
2.88
1.11
4.21
0.66
2.74
4.67
1.09
2.25
2.84
2.76
2.15
2.91
1.23
1.78
1.39
0.86
3.53
0.87
1.52
2.49
3.92
0.44
0.88
0.02
3.04
2.25
1.12
1.9
4.12
2.71
0.13
4.18
4.3
2.03
1.84
2.95
2.15
1.14
0.23
2.88
0.56
4.57
1.73
3.07
4.78
1.33
4.1
3.46
4.6
2.07
3.11
0.44
4.41
0.08
0.3
3.96
2.06
0.97
2.99
1.04
2.31
4.59
1.68
0.06
1.35
0.4
3.89
4.46
0.04
1.51
1.27
4.71
4.23
2.59
4
1.92
1.29
0.61
2.72
0.01
2.77
1.94
3.58
3.98
2.43
3.85
2.5
2.89
1.97
2.37
2.42
4.02
3.22
2.67
1.15
3.44
1.01
3.1
1.88
2.79
1.85
1.61
3.96
3.42
2.08
3.62
3.34
2.74
3.31
2.86
2.95
3.18
3.45
2.66
0.18
4.74
3.78
0.66
1.77
1.77
3.13
3.04
0.6
1.89
3.06
4.44
0.27
3.15
0.55
4.87
4.61
1.06
3.56
3.82
3.21
2.23
3.52
3.75
2.87
4.6
4.79
4.89
1.76
2.46
3.89
1.13
3.7
3.66
0.49
1.98
3.01
1.4
4.17
3.08
4.96
4.21
0.71
1.24
2.41
0.88
1.27
1.18
3.11
4.89
3.81
3.2
4.93
3.07
4.38
0.81
2.39
2.73
2.55
4.71
4.9
3.56
1.36
4
4.06
1.97
3.43
4.16
2.55
1.06
2.11
4.23
4.12
4.18
1.84
0.85
1.38
3.09
4.01
0.24
3.25
0.24
4.48
1.49
0.43
3.56
1.94
2.53
2.65
4.73
1.47
3.08
1.08
1.33
2.66
4.7
1.57
2.78
4.03
4.76
4.01
0.55
1.19
1.59
1.94
3.26
3.68
1.5
2.59
4.34
3.84
1.5
4.06
2.6
3.88
3.74
2.04
3.12
2.95
1.66
4.56
2.62
0.6
0.03
4.87
3
2.04
0.92
1.64
1.6
0.23
1.9
1.46
4.01
3.45
0.15
4.78
0.92
2.33
2.71
3.23
3.73
3
2.02
4.57
2.35
4.71
1.17
1.28
1.79
0.08
1.43
1.32
4.11
0.74
4.37
0.87
3.47
2.19
2.72
3.2
3.34
2.07
0.39
3.01
1.55
2.46
4.38
0.43
3.06
3.46
2.46
0.82
0.83
1.67
4.35
4.59
2.15
1.87
2.72
4.31
3.56
1.49
1.01
0.87
1.57
1.45
0.27
4.62
4.42
2.59
0.94
1.89
0.01
2.1
3.36
0.03
0.53
1.81
0.49
4.79
0.14
1.13
4.34
0.24
1.06
1.45
2.21
2.59
3.71
2.76
1.99
3.71
2.31
2.73
1.59
1.94
2.44
3.9
4.77
0.48
2.14
2.77
1.82
1.65
1.25
2.23
2.26
5
0.67
1.4
2.92
1.4
2.62
4.74
4.09
1.72
4.03
3.42
0.41
2.99
0.25
2.88
0.19
1.57
1.41
0.49
1.65
1.7
3.22
0.07
0.66
0.29
1.08
0.57
2.53
4.56
1.88
2.63
3.97
0.08
0.24
1.76
0.1
1.37
2.52
0.26
4.96
2.81
3.99
1.07
4.34
3.87
1.38
0.69
1.58
2.94
1.16
3.63
0.5
4.01
3.45
3.49
0.22
3.65
2.51
3.02
3.87
0.13
0.14
1.47
0.49
4.88
1.91
0.08
2.46
2.44
0.08
1.2
3.6
4.96
3.19
1.47
0.03
0.95
2.65
3.95
2.36
3.29
1.17
2.62
0.83
1.65
4.37
4.08
0.37
3.5
4.96
4.49
2.53
4.37
3.51
0.64
1.83
2.13
1.3
4.08
1.88
3.22
2.05
2.52
4.4
2.96
2.87
3.29
3.57
3.18
1.79
1.79
2.08
3.87
4.6
4.92
4.84
3.17
3.3
2.74
1.51
4.07
3.7
3.41
0.21
1.82
3.94
2.93
2.17
2.63
2.96
3.11
0.11
1.23
0.18
4.34
1.8
3.41
0.35
1.07
2.69
1.14
4.18
0.81
4.3
2.68
2.45
0.82
4.82
1.26
4.9
2.29
1.56
1.19
0.46
2.69
1.04
0.55
1.81
1.3
4.64
2.14
3.3
0.92
1.21
2.04
2.49
1.31
3.58
0.52
4.6
0.36
3.48
1.8
3.48
2.48
2.2
3.84
2.41
1.76
0.14
3.41
0.69
4.73
0.63
3.77
4.72
3.98
1.08
0.67
2.52
1.85
2.64
0.59
1.69
