3.82
3.45
4.26
0.1
3.17
4.53
3.61
4.99
0.36
1.32
4.06
0.44
2.21
1.9
4.29
3.15
3.18
4.07
0.64
2.73
1.93
4.68
2.2
1.57
0.08
3.89
2.46
3.66
4.76
3.83
4.17
3.62
2.81
2.48
0.18
4.8
4.62
2.29
2.94
0.82
1.35
4.07
1.07
0.24
2.16
4.63
2.79
2.14
1.72
0.66
2.05
1.51
4.06
0.61
0.33
0.49
3.96
0.75
3.43
0.67
3.38
2.36
2.27
1.16
4.14
0.13
2.75
0.57
2.7
3.08
0.87
3.01
4.85
2.3
2.35
4.42
4.47
4.75
4.09
2.03
2.11
2.93
1.51
3.27
0.97
2.99
4.61
4.07
2.77
2.75
0.04
0.01
0.06
0.22
3.25
1.43
0.7
2.51
4.27
2.57
3.43
4.15
2.16
0.54
4.94
3.29
0.3
2.46
1.76
0.11
4.09
3.08
2.86
3.89
2.56
4.85
4.52
0.38
2.69
2.66
0.87
0.18
3.23
0.29
1.22
4.63
1.64
1.03
1.33
1.25
2.74
2.92
1.16
0.04
4.44
0.91
2.35
2.06
3.52
1.54
4.08
3.71
3
0.93
2.06
4.74
3.31
1.96
4.96
4.4
3.6
4.73
1.78
0.57
0.83
3.93
0.02
2.1
3.52
3.36
1.94
0.06
4.37
4.24
4.49
1.72
4.33
0.15
2.01
1.82
0.44
3.54
3.35
2.52
4.12
2.93
1.24
0.53
0.04
2.09
1.29
0.87
2.56
4.19
1.81
2.54
2.28
4.25
2.23
2.47
2.66
4.3
2.91
4.26
3.63
2.63
1.12
1.51
4.72
2.48
4.44
2.18
0.1
3.93
1.05
4
4.64
1.3
2.28
0.96
2.14
4.21
4.27
0.12
2.32
0.58
0.14
3.35
1.93
2.93
4.1
2.66
1.55
2.83
3.68
3.22
0.89
0.32
0.81
1.02
0.87
3.8
1.28
1.78
0.7
0.59
4.78
3.13
2.12
1.58
4.24
3.74
1.24
2.25
2.21
2.24
3.73
1.42
4.44
2.36
3.74
1.05
4.35
1.25
4.19
2.03
0.18
2.62
2.23
4.76
4.97
0.99
1.2
2.03
2.53
3.34
0.78
0.01
2.04
2.2
3.76
0.66
3.43
2.16
4.89
0.65
2.7
4.27
2.89
0.86
2.34
2.5
0.51
1.79
1.04
3.26
4.36
2.96
1.4
2.31
3.41
1.65
4.22
0.21
1.18
3.82
1.19
3.67
1.1
0.11
3.56
1.73
0.97
4.52
2.41
3.98
0.99
3.02
1.97
0.88
2.42
2.49
2.44
4.77
2.84
0.96
3.9
2.22
1.91
3.86
4.13
1.66
3.07
2.17
2.45
0.03
4.72
2.18
1.14
2.16
3.95
0.54
2.15
0.4
4.22
1.55
3.5
0.67
1.43
2.98
0.06
0.07
1.52
4.04
3.05
1.89
2.58
0.76
4.9
1.31
3.21
2.73
3.05
0.61
2.04
0.81
2.54
2.68
0.16
4.96
3.74
0.34
0.4
4.76
0.23
1.93
4.36
2.05
0.28
0.28
2.42
3.18
0.69
4.9
0.74
3.87
0.84
0.27
1.36
1.49
3.58
2.72
3.42
3.03
3.92
3.54
1
3.77
0.79
2.61
1.2
3.6
3.41
3.29
0.34
2.64
4.86
3.34
0.65
3.29
1.94
2.43
1.96
4.64
2.35
0.52
2.53
4.13
1.47
2.04
0.7
4.38
3.69
0.43
0.17
1.3
2.15
3.7
3.61
4.79
2.53
2.23
2.77
4.96
3.12
0.85
3.75
2.42
0.28
3.93
1.14
4.81
0.77
2.03
2.88
4.72
1.12
4.79
2.79
4.88
0.24
0.3
2.76
1.54
1.58
1.15
1.65
4.23
1
3.1
2.83
3.58
4.89
4.93
0.49
3.2
0.52
3.45
3.13
0.91
1.76
2.35
1.24
0.49
4.42
2.51
0.82
0.19
1.7
3.6
0.05
2.67
2.37
3.96
2.81
2.93
4.84
1.28
2.34
3.02
0.7
2.33
3.49
4.85
0.62
1.96
0.9
0.22
2.38
1.64
0.4
1.33
0.03
0.61
2.01
4.16
0.06
4.5
3.39
3.54
0.87
0.99
1.54
4.25
1.57
2.58
3.75
1.23
0.12
1.84
3.55
2.39
3.65
1.4
0.17
4.01
2.49
2.66
1.96
1.23
0.88
3.27
3.7
1.59
1.98
1.9
1.32
2.09
2.66
1.51
2.5
1.76
4.93
3.56
1.85
1.15
1.14
0.09
4.64
0.55
0.04
3.01
1.17
3.67
1.18
4.24
4.59
3.29
2.82
4.05
0.21
2.04
3.13
4.41
4.57
2.44
1.07
0.07
1.26
0.2
3.45
2.52
3.16
1.02
0.81
3.94
3.95
4.72
3.31
0.47
1.25
0.17
1.29
4.33
4.2
4.22
0.46
0.22
0.07
3.67
4.91
2.23
4.04
3.21
2.87
0.42
1.52
1.61
4.13
3.8
4.24
4.44
1.46
1.71
3.49
3.07
0.64
2.81
0.66
2.54
3.62
0.2
2.47
1.66
2.59
0.59
4.29
1.5
4.1
1.99
0.76
0.5
1.57
3.55
2.51
2.53
3.96
4.56
1.76
3.61
1.49
0.8
1.99
2.5
1.82
1.96
2.84
3.5
3.27
3.33
3.51
1.03
0.96
3.2
3.41
2.5
2.22
0.24
1.36
0.54
4.82
0.3
3.52
3.36
4.61
0.83
2.4
2.88
2.75
3.36
3.05
0.74
1.6
2.79
2.82
3.6
2.1
1.69
4.27
1.73
3.32
3.64
3.58
2.31
1
3.09
0.84
3.37
2.95
2.67
4.55
0.02
4.67
1.4
0.28
2.41
2.64
0.55
2
4.02
4.33
4.13
3.36
1
2.11
4.83
3.8
2.59
2.66
4.31
3.41
1.9
2.5
2.72
2.9
2.87
1.7
3.35
0.49
3.4
1.38
1.61
4.41
4.3
0.47
3.16
4.57
2.5
0.06
2.91
1.06
3.63
4.01
1.6
1.74
1.54
2.27
1.96
3.04
4.83
4.67
2.38
3.7
4.58
0.27
1.89
4.33
1.64
0.95
4.15
1.37
3.26
2.82
4.39
1.94
1.34
1.99
4.12
0.33
4.06
2.96
2.91
0.38
3.14
2.33
2.91
4.38
4.06
1.78
1.08
1.7
4.54
4.22
3.03
0.18
4.93
0.22
0.87
4.09
2.46
4.13
1.09
0.08
2.66
1.45
0.13
1.07
4.79
1.78
1.97
2.92
3.98
4.85
1.63
2.54
4.31
2.37
2.92
3.19
1.63
4.54
2.77
3.25
3.28
3.04
4.59
0.11
4.5
0.77
2.09
2.47
0.27
3.61
3.76
4.35
0.51
2.03
3.98
3.67
0.71
0.26
0.42
0.16
4.1
2.7
4.24
1.81
0.44
2.71
3.85
3.13
1.77
4.17
0.19
2.93
2.02
0.59
4.07
0.7
1.36
0.07
2.2
0.9
1.59
3.01
3.29
1.82
1.36
4.47
0.14
2.78
2.3
3.33
1.21
4.71
3.79
3.51
3.08
4.16
4.87
4.71
0.85
4.72
1.37
3.55
2.23
4.58
2.97
0.05
2.5
1.86
2.21
3.2
1.41
4.35
0.96
3.06
1.55
4.66
4.06
4.8
0.54
4.64
0.88
3.95
0.88
4.67
1.05
0.09
3.32
0.47
3.84
2.96
4.58
3.2
2.24
1.18
3.38
3.82
4.13
3.85
1.81
1.12
2.32
4.05
4.33
0.57
0.29
1.78
4.83
0.71
2.45
2.34
2.39
1.79
1.53
2.09
3.61
4.54
4.96
3.15
3.34
2.55
2.51
0.18
4.61
3.54
2.04
4.81
2
4.51
3.13
1.12
0.91
4.15
2.3
4.22
1.93
1.91
3.36
2.08
3.4
0.33
1.21
2.88
4.06
0.61
3.22
2.91
0.35
2.3
4.45
1.05
2.72
4.88
3.31
2.18
0.91
4.46
3.58
4.15
1
4.37
0.4
1.39
3.02
4.14
2.53
0.4
5
2.4
0.57
1.49
2.62
3.24
4.73
0.85
0.68
0.53
3.35
1.33
0.13
4.49
1.16
0.57
4.13
2.15
3.11
1.36
1.39
4.64
0.22
2.28
4.3
3.02
1.57
0.52
2.23
2.2
3
1.94
3.81
0.99
4.38
0.06
1.62
2.11
0.16
1.23
1.66
4.37
4.04
3.52
2.47
3.4
2.01
3.22
0.35
2.84
2.01
1.01
3.27
4.26
2.3
2.29
3.08
2.75
3.91
4.45
3.7
2.4
4.79
2.04
3.05
4.21
3.01
3.61
3.88
0.97
4.99
4.7
0.75
0.24
1.76
1.92
2.09
1.77
4.77
4.56
2.71
1.57
2.28
0.9
0.29
2.46
2.69
4.95
4.54
0.47
3.67
4.97
3.31
4.37
3.31
2.51
1.15
4.45
4.59
3.04
3.92
1.02
1.42
0.62
4.37
4.31
3.81
3.98
1.12
0.87
2.63
2.93
3.95
2.23
1.86
2.84
1.77
0.88
2.3
3.19
3.07
1.74
1.05
0.98
4.89
0.95
1.21
2.02
4.23
4.8
0.24
0.95
2.23
2.37
1.45
1.35
0.47
1.09
3.18
1.5
4.3
0.02
4.7
3.41
0.41
4.84
2.37
4.23
3.19
1.04
4.05
2.06
2.47
3.85
3.08
1.38
1.18
0.54
0.69
2.35
2.85
3.17
1.51
2.56
1.76
2.7
3.3
0.56
1.5
1.28
0.41
4.46
0.71
4.86
1.8
4.56
2.34
3.86
3.21
4.1
1
3.23
0.41
2.45
4.48
0.9
0.73
3.29
4.89
1.03
4.01
3.32
3.97
2
4.67
4.89
0.88
3.45
2.6
2.13
4.9
4.75
2.73
0.75
4.62
3.68
1.51
0.38
1.04
2.59
0.8
3.94
1.08
3.57
0.02
4.73
0.24
4.59
1.48
1.44
3.35
3.13
1.05
2.76
4.53
4.2
0.33
3.63
3.71
4.4
4.7
4.73
4.21
1.2
1.89
1.05
3.52
3.23
1.18
2.67
4.14
3.35
1.89
2.87
1.91
1.23
1.88
2.43
4.06
0.45
0.37
0.28
0.09
4.98
1.25
4.76
0.78
0.49
0.18
0.48
2.94
0.13
0.56
4.72
2.52
3.78
3.49
2.97
3.23
1.03
0.23
2.87
2.73
0.26
0.94
3
1.61
4.67
1.03
0.07
4.26
4.14
3.69
0.23
3.88
0.6
3.21
2.88
1.72
0.57
1.27
0.82
1.3
1.41
1.17
3.54
3.91
2.68
3.26
4.65
3.89
0.8
2.21
3.86
4.45
4.27
1.36
2.18
3.98
4.57
3.63
1.38
3.56
4.66
1.34
4.5
3.69
1.81
2.16
3.05
4.87
4.59
2.37
2.85
0.02
4.57
0.05
0.06
1.84
0.38
2.68
2.22
4.35
0.61
4.48
0.36
1.71
0.66
2.7
1.55
1.96
2.54
4.62
2.88
1.42
4.54
4.36
4.55
4.98
3.39
2.37
2.35
2.94
4.54
4.01
0.26
4.13
2.69
1.4
2.57
2.93
2.98
3.92
2.97
3.08
3.12
5
3.77
4.95
2.05
3.82
0.94
0.99
3.29
2.57
1.77
0.89
0.99
1.48
1.63
1.63
3.15
2.6
3.26
3.21
4.05
4.6
0.93
0.98
1.46
0.15
2.97
4.98
0.16
4.24
2.12
4.43
4.23
2.64
4.95
4.5
2.87
2.41
1.26
0.25
3.18
0.46
0.66
1.57
0.03
1.61
0.17
3.21
0.64
1.57
2.52
1.33
3.38
2.7
4.73
3.49
3.43
0.46
2.76
2.38
1.08
3.64
0.21
3.14
4.91
3.63
3.6
0.25
1.06
1.73
3.19
2.92
0.84
0.91
0.81
0.97
2.36
1.77
3.76
4.47
4.98
3.69
0.2
0.83
2.51
2.54
0.44
2.76
4.77
3.64
4.1
3.65
4.32
0.06
0.01
3.28
4.46
4.17
4.03
4.96
1.19
4.08
4.99
4.01
0.75
4.75
4.54
1.27
2.96
2.4
1.67
2.73
4.29
3.77
1.28
0.61
2.54
2.54
1.49
1.67
1.98
0.71
2.69
4.52
4.07
0.41
3.41
1.77
1.29
3.38
2.66
3.26
2.91
4.98
3.4
3.68
0.08
2.77
2.67
1.41
4.08
3.37
4.54
2.84
0.56
2.43
3.9
0.96
3.13
2.37
3.04
4.88
2.43
4.92
2.53
1.3
4
3.33
4.11
1.09
2.89
4.49
1.1
1.84
3.57
2.46
4.52
2.89
2.07
4.82
3.77
0.85
3.22
0.74
4.69
3.69
1.47
4.89
1.01
4.8
0.38
2.88
2.74
0.88
0.43
0.24
0.63
2.91
4.82
1.37
1.44
3.03
1.83
1.59
3.49
3.14
4.72
0.66
0.61
1.73
3.29
1.08
1.31
2.34
4.26
3.23
2.79
3.66
2.57
3.33
2.3
1.08
1.55
3.81
1.12
3.18
3.79
1.25
4.12
4.73
4.07
1.37
0.98
0.25
1.25
1.4
4.96
2.8
1.04
1.69
3.43
3.91
2.56
4.14
2.08
1.06
4.82
3.6
3.21
1.97
3.13
3.9
2.83
3.45
2.58
0.94
1.77
2.31
4.75
3.51
3.08
4.84
3.69
2.03
1.76
3.75
1.27
3.68
1.86
3.26
1.02
3.93
4.54
0.76
4.96
2.86
2.59
4.43
4.56
1.24
1.25
0.78
3.66
3.29
3.69
0.49
0.79
0.51
4.97
3.89
0.46
0.06
3.48
4.49
0.55
0.74
4.35
1.17
1.43
4.3
3.83
3.39
4.9
0.93
2
3.08
2.69
4.09
0.63
3.07
0.17
4.7
0.54
2.22
3.33
2.21
3.62
1.76
1.75
0.4
0.74
0.53
0.94
4.47
2.19
4.71
4.8
1.05
1.33
4.89
1.86
4.21
2.7
1.04
0.27
1.2
4.74
4.76
3.7
0.61
4.91
3.36
0.08
2.84
0.25
0.84
4.07
3.28
4.13
4.23
2.43
0.9
4.68
2.03
3.79
1.39
0.75
1.59
2.52
1.1
1.03
2.03
0.72
1.23
0.76
1.35
1.58
1.57
1.46
3.56
4.77
1.92
4.39
4.81
1.35
3.05
1.03
2.56
3.47
4.39
3.34
4.98
1.74
2.56
0.26
4.79
0.47
1.44
1.57
4.74
0.33
1.42
1.02
3.01
2.42
2.69
4.48
1.29
4.85
4.14
2.64
1.01
4.94
4.76
4.89
4.97
2.5
2.63
0.67
2
3.89
1.26
4.97
4.32
2.26
1.61
1.68
1.68
4.37
1.49
1.22
0.86
4.18
3.68
4.69
1.62
0.33
0.93
3.05
3.6
2.44
4.02
4.97
1.79
0.6
2.78
2.99
1.52
3.41
0.02
4.14
3.97
1.15
3.4
2.45
2.76
1.08
3.51
4.61
0.64
0.07
3.29
3.31
5
4.91
0.76
1.5
1.24
3.7
0.87
2.37
1.29
1.54
1.65
2.27
4.97
1.11
2.36
3.39
3.82
4.87
2.28
1.68
1.28
3.28
0.54
4.45
4.21
1.56
2.04
4.85
4.65
3.1
0.79
4.85
4.92
1.18
0.48
2.58
3.86
2.24
3.16
2.71
4.73
2.29
0.17
2.66
0.77
0.25
3.75
3.57
2.94
0.81
2.7
1.19
3.42
4.24
4.16
4.76
1.96
2.61
2.34
3.83
3.56
5
2.73
3.15
2.82
3.71
3.2
2.96
1.01
2.89
2.25
2.13
3.77
1.37
4.21
0.63
1.98
0.81
4.59
4.03
1.54
2.8
3.21
2.59
3.19
2.48
2.89
2.75
0.88
2.11
2.36
0.54
4.69
2.33
2.11
2.25
3.83
0.8
2.16
1.69
3.47
0.86
0.57
4.46
0.91
3.32
3.95
3.8
3.69
3.48
1.36
2.73
1.25
0.29
1.88
0.12
3.54
2.56
4.76
0.92
4.6
1.14
2.02
0.61
2.83
4.74
4.89
3.78
2.61
1.19
1.06
4.88
2.87
4.85
4.34
4.64
2.84
3.16
4.66
1.6
2.24
3.48
2.82
1.34
0.88
1.77
1.41
2.49
1.03
0.31
1.45
3.09
1.44
4.11
4.84
3.14
4.92
3.14
3.57
4.16
1.95
2.02
0.2
4.75
5
3.19
0.85
2.29
2.66
1.97
0.71
3.35
3.49
1.25
4.93
4.79
3.36
1.57
3.18
1.17
2.39
2.51
0.45
3.08
4.75
4.37
3.22
0.04
1.37
0.88
3.19
0.16
2.29
4.28
1.77
3.62
2.25
3.09
2.26
3.57
3.17
2.92
0.83
0.88
2.94
1.14
1.71
4.18
0.36
4.47
2.1
1.01
0.42
0.75
0.48
2.69
1.93
0.22
3.84
3.26
1.86
0.3
1.83
0.81
1.03
3.68
1.06
1.05
4.88
4.12
0.13
1.41
3.88
1.4
0.3
0.39
0.41
0.29
2.85
2.84
1.05
0.47
0.44
2.45
3.28
4.6
2.56
1.95
4.48
2.51
0.84
1.12
2.79
4.13
1.2
2.66
4.52
3.09
4.57
3.55
2.46
1.05
1.45
3.43
3.49
4.64
2.46
3.04
4.25
3.48
3.09
0.73
0.78
5
2.27
4.23
1.15
0.61
2.66
1.8
2.41
0.75
0.68
3.05
0.46
0.03
0.66
4.47
3.53
4.44
4.43
2.27
3.49
0.58
4.58
2.49
0.04
1.92
0.59
4.92
4.78
1.2
0.48
4.61
4.5
0.13
3.14
3.39
1.8
3.84
1.16
2.93
3.04
4.31
4.16
4.59
0.41
1.61
4.17
2.46
2.63
1.16
2.78
5
2.28
4.5
0.69
1.67
0.69
4.77
0.69
3.23
0.26
3.64
1.47
3.92
3.37
1.68
4.77
3.37
4.05
0.29
2.18
4.76
3.59
1.75
0.22
3.47
0.59
0.21
0.27
3.86
1.64
0.8
1.28
1.45
0.56
0.31
4.77
4.68
4.13
1.07
1.96
0.46
3.81
2.81
1.02
0.65
1.8
0.78
2.74
3.93
0.36
0.53
4.12
2.72
4.82
1.39
1.65
1.01
0.02
0.21
2.14
1.22
0.9
1.35
3.39
3.05
4.01
2.82
3.78
0.46
4.56
4.06
0.66
3.92
2.83
2.85
1.91
3.92
1.47
0.37
1.82
0.28
0.02
4.08
0.25
4.13
3.35
0.31
2.29
4.74
0.74
2.96
0.9
4.04
2.93
0.29
1.06
0.5
2.05
3.15
4.22
1.06
1.36
2
0.71
4.27
1.85
0.64
0.88
4.64
0.38
1.76
2.64
3.77
1.23
0.19
0.88
0.51
4.15
1.99
1.84
2.28
1.45
4.74
3.99
2.33
3.12
0.82
4.36
2.73
3.46
0.45
0.2
4.09
1.11
1.53
3.27
4.28
1.48
3.68
2.51
1.09
4.19
3.41
2.33
0.23
3.84
4.3
4.54
4.17
3.97
0.58
0.26
3.49
3.29
3.07
3.17
4.19
3.64
1.65
1.61
4.59
4.3
1.48
1.07
2.69
1.54
4.74
2.63
1.11
2.87
1.1
0.38
2.44
0.89
0.32
0.79
1.65
0.01
1.89
1.47
4.85
2.36
4.68
1.56
0.91
0.8
3.6
3.42
4.75
3
4.14
0.58
1.42
3.6
3.06
3.58
3.47
2.64
3.44
3.47
3.07
2.01
3.76
3.28
0.21
4.28
1.79
1.84
2
3.03
4.17
3.19
1.55
0.97
3.93
2.53
0.1
3.07
0.98
4.45
4.14
3.74
0.83
3.47
3.92
0.12
0.41
0.16
0.82
4.17
0.15
1.54
1.94
4.72
2.04
1.72
0.54
4.5
1.25
0.79
0.1
2.6
0.67
1.27
2.88
2.37
3.44
3.85
0.53
3.39
3.49
2.05
2.39
3.17
0.27
4.33
2.85
1.96
4.18
3.63
0.59
2.6
4.73
0.35
3.04
4.1
4.86
1.12
0.9
0.27
0.87
0.69
3.4
1.28
4.79
4.93
3.5
2.22
0.19
4.05
1.46
1.94
3.57
2.35
2.22
0.89
1.08
1.8
0.32
0.62
2.68
4.29
1.51
0.37
4.93
2.54
0.41
1.8
1.68
1.74
3.2
1.44
4.02
0.83
1.99
1.98
1.45
0.93
1.04
4.17
2.88
4.81
2.72
1.44
2.54
0.3
3.97
1.34
3.73
1.7
3.63
2.62
4.79
2.09
4.01
1.89
1.45
2.93
4.24
0.06
2.28
4.15
4.54
1.53
2.53
0.51
1.61
4.48
4.76
0.54
3.12
0.6
2.92
4.67
4.34
2.87
0.55
1.8
2.7
1.76
2.24
0.84
3.92
4.13
2.91
0.62
0.44
0.24
1.91
0.5
2.92
3.97
2.01
0.35
2.11
4.96
3.7
3.34
4.63
1.96
2.46
2.11
0.27
0.26
4.32
4.34
1.06
2.26
4.88
0.84
1.86
4.44
2.34
0.12
4.38
0.07
2.01
2.27
4.99
2.54
0.07
0.65
2.43
2.98
0.29
0.27
1.67
3.85
1.63
1.77
1.46
3.23
1.45
4.82
3.34
1.75
2.64
3.03
0.35
0.12
3.92
2.78
3.76
3.04
4.94
2.1
1.19
1.58
0.63
3.32
