3.66
1.09
1.78
2.37
1.75
1.55
1.28
1.38
1.28
4.29
0.45
1.58
1.03
1.13
4.55
1.52
4.95
3.82
2.67
0.77
4.24
0.24
0.02
3.4
3.91
4.57
3.88
3.61
1.81
1.76
1.93
1.41
1.68
2.95
1.27
4.05
3.11
4.14
3.38
3.48
4.29
0.1
1.76
4
1.72
1.59
4.01
4.72
0.74
1.14
2.35
0.94
1.98
1.73
3.67
0.77
3.36
4.61
2.6
4.14
1.13
1.34
3.16
1.19
4.29
3.3
1.43
4.86
1.27
2.3
2.63
3.13
4.54
4.03
1.71
1.97
0.72
3.99
4.62
3.42
4.71
1.53
0.27
2.82
1.73
4.1
1.23
4.33
0.7
5
4.33
2.57
4.71
0.03
0.75
3.63
3.72
3.97
3.62
2.7
1.36
1.18
1.19
4.48
4.36
2.64
1.57
2.07
4.53
3.18
2.41
4.63
1.66
0.64
0.02
3.53
2.12
2.56
1.66
0.68
0.65
2.74
1.86
4.03
1.43
1.09
3.96
0.46
1.07
0.61
0.24
3.72
2.26
2.54
3
0.31
2.73
3.43
1.39
1.5
0.13
3.39
4.85
3.26
4.57
1.71
1.3
0.32
0.04
3.12
3.75
1.52
3.29
4.47
3.1
1.7
3.03
4.55
0.62
3.2
2.53
2.89
3.84
1.38
3.93
0.12
1.42
0.27
2.16
2.79
4.33
0.15
0.45
4.11
0.44
1.83
3.41
3.86
4.7
3.25
1.2
2.91
1.53
0.24
3.43
0.31
3.15
1.99
3.41
2.56
2.83
0.17
4.11
1.74
3.64
1.45
3.94
4.66
4.4
1.75
1.07
2.87
2.6
4.75
3.36
1.53
4.89
1.66
0.52
2.84
2.68
3.87
2.1
1.36
3.47
2.18
1.34
4.3
0.04
3.53
3.15
3.66
4.59
0.04
0.54
2.76
1.6
3.47
1.45
2.53
0.61
3.44
0.41
2.29
0.61
0.89
3.37
2.72
1.62
0.35
4.76
4.46
2.84
4.25
1.77
2.86
3.25
4.56
3.74
3.19
1.43
3.13
4.96
0.67
3.07
1.21
1.33
3.68
4.05
4.04
3.36
0.17
1.15
3.39
0.47
1.49
1.39
0.21
0.78
0.16
4.33
2.11
0.41
4.12
0.51
3.58
1.49
3.74
0.66
4.87
2.39
3.7
2.48
1.5
0.6
3.5
3.13
4.9
1.32
2.81
1.39
1.56
4.07
4.37
0.54
2.78
3.22
3.52
3.32
1.4
3.18
3.35
4.39
4.54
1.62
2.89
2.49
3.58
1.32
4.69
0.55
4.83
4.38
3.31
2.1
1.89
4.61
0.16
3.46
4.75
4.46
4.32
2.89
1.68
3.81
1.04
3.59
4.74
3.99
0.8
4.28
4.52
3.96
1.18
2.05
1.09
2.93
1.68
1.81
0.59
2.07
4.38
0.21
0.69
2.34
0.7
0.98
0.98
0.41
0.66
3.55
2.77
2.5
1.36
1.25
1.81
3.31
3.16
2.43
0.53
4.67
0.74
0.55
0.97
4.57
3.63
0.9
2.43
0.43
0.16
2.28
2.24
1.27
3.78
0.96
1.79
2.03
0.01
1.95
4.84
1.37
4.18
0.8
3.97
2.13
4.09
0.84
0.75
0.04
3.22
3.9
4.04
4.06
0.83
2.52
1.59
3.67
1.95
2.52
2.9
3.03
4.37
0.51
4.74
0.42
4.49
5
2.66
2.05
2.13
3.55
0.08
4.17
1.68
2.88
0.89
1.27
2.07
4.74
3.46
0.05
2.45
3.87
4.02
0.95
0.63
2.69
1.69
4.66
3.78
2.42
1.02
3.95
1.04
0.45
1.19
2.37
2.39
4.85
2.66
0.34
2.39
0.32
0.73
4.12
2.76
2.95
1.75
1.54
4.46
2.19
4.54
1.32
0.75
4.36
1.63
0.55
3.81
2.8
3.34
3.43
2.59
3.58
3.14
4.21
2.54
2.45
1.28
0.3
0.4
0.02
1.09
3.88
2.77
4.05
0.15
1.61
0.95
3.55
4.34
1.29
2.44
3.09
2.87
1.11
1.26
4.1
2.56
1.92
2.21
1.54
0.07
4.56
2.95
1.79
3.23
3.03
2.28
1.79
3.69
2.27
2.88
0.54
2.68
0.39
0.91
3.26
4.75
1.75
0.81
2.53
0.22
2
1.04
3.37
0.1
1.11
4.47
1.78
0.33
4.82
4.36
1
4.51
3.67
2.88
0.06
0.52
3.05
1.98
1.78
1.45
4.98
3.73
0.24
3.83
3.97
2.92
2.13
1.61
4.48
2.44
4.15
3.11
3.11
0.44
2.53
0.44
1.18
1.09
1.61
4.74
1.25
0.54
0.13
0.42
1.08
0.19
2.07
0.26
2.98
0.09
3.36
3.55
1.89
2.64
2.01
2.23
1.32
5
4.6
2.31
3.47
4.02
1.02
1.92
3.11
0.2
1.82
1.78
4.4
2.28
0.91
1.48
0.9
0.41
1.55
2.83
4.16
0.69
2.79
0.12
3.95
2.8
1.17
0.34
3.35
0.49
4.59
0.14
1.41
2.82
0.47
0.55
1.58
1.33
4.73
3.37
1.4
0.09
1.02
2.26
4.03
2.36
1.69
1.47
1.89
2.1
2.25
4.04
0.72
3.48
4.46
2.33
2.51
1.65
0.49
3.23
0.63
3.07
4.62
1.13
3.23
2.29
4.25
4.64
3.05
3.75
2.51
1.48
4.81
1.9
4.18
2.98
0.84
1.58
4.91
4.36
4.7
2.7
2.97
4.52
4.23
3.38
1.45
0.99
1.33
3.52
3.61
2.43
2.55
3.31
2.27
0.8
2.64
0.14
2.11
0.65
4.69
3.37
4.14
1.98
4.02
2.93
0.72
4.3
2.23
3.24
2.22
3.89
3.16
4.77
1.8
1.12
3.63
1.91
4.8
1.82
2.35
2.65
3.35
0.13
4.58
2
0.32
2.67
0.57
0.16
4.83
1.04
0.3
4.4
2.56
2.92
1.61
2.12
4.58
3.1
2.7
1.65
2.44
3
0.72
0.4
4.69
3.07
1.49
3.68
3.51
2.78
3
2.27
2.89
4.54
3.42
4.76
2.97
1.12
2.6
2.98
2.65
3.2
3.48
4.69
4.08
2.35
4.41
1.17
1.34
4.44
3.31
0.63
0.8
0.98
0.44
2.71
0.78
1.93
0.06
2.79
2.59
0.67
0.51
3.61
3.46
2.34
0.11
2.66
1.52
3.38
3.82
3.94
4.41
1.83
4.51
0.58
4.12
3.91
0.36
3.8
4.21
0.42
2.95
1.47
0.22
0.26
3.59
4.66
3.16
4.51
0.03
2.52
0.46
1.48
0.96
4.42
0.96
0.76
4.7
0.39
2.84
0.82
4.7
3.1
0.87
4.79
2.85
4.47
3.21
3.89
4.86
0.45
3.17
3.11
2.05
2.4
0.37
3.27
2.14
0.77
2.14
3.79
2.89
4.8
0.58
2.06
4.6
2.4
4.05
0.03
1.2
1.84
4.86
3.95
0.96
4.95
4.36
4.25
0.64
4.38
4.07
0.76
4.84
1.72
3.46
2.75
1.54
3.15
3.31
4.75
0.29
4.06
3.47
1.09
0.64
3.24
1.1
4.72
1.41
0.18
4.12
4.46
3.38
3.23
1.5
3.3
3.22
4.63
0.55
1.94
2.8
2.23
0.23
2.9
3.64
3.5
3.31
2.52
4.22
4.12
1.34
4.5
0.41
0.01
3.06
1.63
3.82
2.17
1.16
1.52
0.2
0.33
4.36
4.74
3.4
2.75
2.51
4.09
1.51
2.39
3.78
4.89
2.74
0.17
1.28
4.91
4.53
1.01
4.8
3.26
4.58
0.21
2.93
3.09
0.71
4.59
3.26
4.08
2.64
4.24
4.24
2.79
0.02
0.94
4.11
1.08
0.07
1.3
2.5
0.21
4.26
4.52
2.81
4.35
1.04
3.81
1.92
2.01
1.8
3.01
0.33
1.7
3.99
2.1
3.43
1
4.31
4.77
2.84
2.98
4.2
2.34
4.68
3.6
4.43
2.82
3.9
0.73
2.56
1.65
0.08
1.2
3.8
3.8
0.19
4.4
2.79
1.14
0.67
1.92
3.97
3.7
4.03
2.01
3.65
0.56
4.6
3.45
4.88
3.81
4.66
4.35
2.14
1.48
4.48
4.13
1.09
0.58
1.29
2.68
3.16
1.82
3.42
0.45
0.1
4.2
2.92
2.36
2.32
2.54
1.1
1.26
0.37
4.39
3.32
2.43
2.55
4.05
4.08
1.06
2.07
1.7
0.44
0.19
4.54
2.63
0.44
1.7
3.83
2.59
2.46
0.92
2.74
4.84
1.26
2.75
3.33
1.47
3.59
3.83
4.23
0.82
1.44
4.98
1.04
1.28
4.67
2.41
3.54
2.97
0.15
2.39
2.99
2.57
2.02
3.54
2.38
1.11
2.29
1.06
4.81
2.67
0.63
4.37
1.54
4.61
4.33
4.79
0.99
0.61
3.57
3.52
2
2.88
1.05
1.61
1.1
1.92
1.49
3.8
3.04
3
2.68
4.42
0.95
0.63
4.23
0.94
2.64
0.81
0.61
0.73
4.32
4.95
4.16
2.37
0.64
1.59
3.75
1.63
1.64
1.3
0.54
2.35
4.85
3.31
3.14
0.31
3.62
1.53
3.96
0.06
1.73
4.62
2.48
2.24
0.24
1.14
1.71
4.56
2.48
4.94
1.03
3.81
1.8
0.44
0.23
1.11
2.01
2.82
2.12
3.03
2.44
4.68
0.92
2.55
1.94
3.21
2.37
2.23
4.09
1.47
4.53
3.42
2.32
0.24
3.25
3
3.7
0.66
0.42
1.15
3.01
2.29
2.05
2.57
3.26
2.42
1.65
4.17
0.5
2.93
4.5
2.73
3.47
2.18
0.51
3.82
0.41
3.31
1.74
3.48
4.53
0.45
2.52
3.71
0.88
0.01
1.6
3.9
0.26
0.25
1.24
0.77
3.01
3.37
4.35
3.86
0.13
3.23
4.57
3.97
2.82
2.66
0.12
3.83
2.88
2.46
2.45
2.14
0.24
0.69
4.04
1.19
1.44
0.07
3.57
2.41
2.21
1.78
1.05
2.55
3.76
4.99
3.72
1.47
2.78
2.9
4.44
3.61
0.02
3.69
2.81
0.1
1.72
3.63
2.93
0.65
0.01
2.91
3.66
1.91
4.04
1.86
2.74
4.26
3.51
4.92
0.7
4.81
0.19
2.38
4.33
2.14
2.23
1.26
3.15
4.49
0.06
3.42
0.69
1.24
1.51
1.67
1.11
0.29
3.89
2.88
0.02
3.75
0.12
2.62
3.61
2.03
1.92
2.05
2.99
4.21
2.04
1.4
0.96
0.34
1.81
0.27
2.36
1.77
3.54
4.29
1.08
4.66
0.44
3.24
1.51
1.21
1.87
1.87
4.98
3.63
2.67
2.86
1.92
0.91
4.19
3.86
2.3
4.51
0.17
0.07
3.58
1.33
4.23
2.86
2.23
2.9
3.09
3.19
3.87
2.6
1.98
4.71
4.58
3.24
0.3
4.97
3.19
0.97
1.31
0.41
2.67
2.58
3.45
4.33
3.33
4.56
2.79
1.75
4.71
0.63
0.08
0.74
4.34
1.84
0.42
4.76
4.95
0.05
3.62
1.83
2.58
2.85
3.83
2.89
4.64
2.62
4.52
4.66
1.3
2.75
0.64
3.95
2.71
4.93
0.91
1.4
4.51
1.6
4.83
3.05
1.49
0.8
2.85
2.52
3.41
3.76
0.22
4.65
3.01
0.04
1.48
2.9
2.8
0.39
0.82
0.01
1.02
2.8
3.94
0.38
3.92
4.71
4.43
4.99
4.42
0.68
0.72
2.56
4.6
2.14
1.81
0.17
0.47
1.44
3.9
3.93
4.25
1.08
1.14
4.92
1.4
3.22
3.42
3.58
2.44
4.58
2.19
2.42
3.25
3.33
0.23
2.36
1.74
3.61
2.95
2.5
1.54
2.66
0.77
2.99
2.09
2.82
1.6
3.19
1.72
2.54
3.27
1.53
2.14
1.34
1.68
3.59
0.2
0.19
1.36
1.92
4.92
0.94
2.68
1.78
4.59
2.21
3.6
0.2
1.31
3.77
4.45
1.9
3.67
2.24
2.86
4.61
4.23
0.93
4.52
2.64
1.76
4.92
1.88
4.46
1.89
3.87
2.7
0.36
4.87
2.5
1.07
0.68
4.52
0.24
3.42
2.19
1.31
1.74
1.88
0.09
2.18
1.8
1.05
2.37
3.53
0.48
1.84
3
0.7
2.17
4.05
2.87
4.36
3.85
4.13
4.98
2.23
3.92
3.02
4.02
4.98
0.68
3.99
3.75
1.5
1.03
1.66
0.9
2.3
1.04
0.35
2.27
3.19
1.45
1.28
2.13
3.89
0.26
2.41
1.74
0.9
4.63
0.71
0.52
0.13
3.82
4.87
1.28
2.17
3.63
1.16
2.24
4.05
2.28
1.84
1.52
0.33
1.29
2.37
3.41
3.11
1.63
0.15
1.11
0.09
2.32
4.23
2.2
2.9
0.23
3.32
0.37
3.07
4.8
1.75
3.97
3.61
2.17
2.18
2.76
3.04
4.36
0.03
2.35
1.12
4.08
1.56
1.83
2.01
2.4
3.91
2.18
1.39
0.08
1.93
1.62
0.56
3.12
2.26
2.85
0.66
4.22
0.89
0.48
4.59
2.55
1.34
1.55
2.3
1.96
4.18
1.28
1.84
0.31
2.33
0.24
4.2
0.88
1.13
3.92
3.77
0.9
4.42
0.62
2.01
2.82
2.98
2.1
4.11
2.05
4.81
1.13
3.21
3.45
3.49
1.14
1.37
1.71
3.71
3.72
0.17
1.3
0.69
4.71
2.94
4.47
0.07
1.06
4.04
0.42
0.55
2.06
4.84
4.81
4.75
1.63
4.56
4.09
4.3
4.04
0.47
3.03
4.89
2.4
0.59
2.74
0.82
1.41
1.89
4.99
2.35
4.64
3.27
0.24
1.59
3.1
2.07
3.35
1.7
4.51
4.64
1.44
0.58
4.08
2.32
4.23
1.33
2.96
3.71
2.87
0.69
2.41
4.59
1.79
3.17
1.22
3.75
2.31
4.31
4.69
1.13
2.72
0.88
2.92
2.96
0.64
1.6
4.95
3.65
0.05
3.82
2.4
2.56
4.01
3.67
4.87
3.21
2.41
1.44
0.11
1.96
1.08
2.9
0.45
0.65
1.26
0.25
0.03
4.4
0.05
3.33
4.1
2.17
2.63
1.95
3.86
4.85
4.39
4.01
2.7
0.72
3.51
0.08
2.89
4.25
2.95
1.55
0.28
0.48
4.84
4.64
3.88
2.81
2.8
1.8
0.77
1.47
0.15
2.61
4.8
2.69
1.59
1.74
2.32
2.23
0.98
0.47
1.13
4.16
1.98
3.61
4.79
2.65
0.21
3.05
1.68
2.26
2.16
0.54
0.48
1.01
0.99
0.38
2.73
4.62
2.04
4.21
3.35
4.82
0.24
1.48
1.63
2.48
1.85
2.32
4.54
2.02
3.25
1.55
2.04
2.48
2.64
4.03
1.26
0.9
1.26
4.01
1.98
3.22
0.01
1.8
1.1
1.08
0.75
0.01
3.52
4.75
4.14
2.47
3
3.65
1.55
2.35
2.67
1.69
4.18
0.01
1.52
0.68
0.79
3.97
2.24
4.38
0.35
4.49
4
3.18
0.54
0.02
2.37
1.34
0.61
2.57
2.28
2.98
3.38
3.58
1.41
1.75
2.74
1.99
2.9
2.86
1.89
3.37
4.59
1.16
3.7
1.75
4.95
0.96
2.89
2.97
0.25
1.45
0.15
3.92
0.77
1.06
2.39
3.9
4.51
4.22
0.11
1.75
3.82
2.81
2.69
0.91
4.13
2.71
3.3
3.29
0.57
0.07
2.48
4.35
4.25
3.82
2.9
1.4
0.96
4.14
4.61
4.49
2.33
0.81
0.34
1.54
2.01
4.99
2.17
0.62
0.51
3.22
0.58
1.62
4.89
0.52
0.35
1.43
3.93
3.28
2.93
3.54
2.76
3.68
0.01
4.63
3.98
0.96
0.46
2.89
4.49
1.14
3.68
2.52
4.67
4.96
3.88
1
1.88
4.43
4.51
2.68
3.61
4.59
4.43
0.04
3.34
2.62
0.02
2.88
1.76
2.69
1.24
4.09
1.39
2.97
2.28
2.53
4.21
2.53
3.04
0.47
0.61
1.85
0.66
1.14
4.68
4.11
4.61
1.21
3.1
3.42
4.19
1.16
1.01
4.75
1.58
0.39
2.88
3.88
2.4
4.79
4.92
0.43
1.36
2.84
2.3
2.34
0.19
2.12
2.02
2.16
1.43
1.18
3.99
0.14
2.34
1.22
3.18
1.91
1.25
0.44
0.66
3.49
0.76
2.55
4.76
2.16
2.58
2.37
4.53
2.25
4.2
3.43
0.43
1.46
4.81
0.37
4.6
2.17
4.84
2.89
4.12
4.31
2.58
0.71
0.36
3.51
2.83
0.32
2.75
1.77
2.4
0.41
4.4
2.11
2.55
4.66
2.02
2.69
2.24
0.82
3.94
0.25
0.66
0.64
3.07
4.73
1.61
0.98
0.21
4.22
2.75
3.93
2.24
4.15
1.09
2.84
1.63
2.27
3.99
1.4
0.05
1.76
0.45
1.34
0.59
2.98
2.5
3.09
1.58
1.77
3.75
3.11
1.22
3.43
1.73
2.61
4.69
2.14
0.66
4.58
2.77
1.7
0.73
0.97
4.45
2.76
1.06
2.88
3.23
0.86
0.37
2.08
2.7
3.92
3.07
3.19
1.89
3.75
3.53
1.08
2.01
2.06
1.85
3.56
2.1
1.79
2.27
3.92
3.33
0.56
1.01
0.23
2.11
1.77
4.17
2.23
1.9
3
3.92
4.23
1.06
1.02
4.6
3.48
2.69
1.02
2.16
4.25
0.29
4.91
0.22
3.08
2.89
3.58
4.05
2.05
3.65
0.76
1.53
2.61
4.42
3.44
2.56
0.55
2.26
3.86
4.54
4.24
1.52
1.26
3.78
1.62
2.19
2.13
0.98
3.82
3.05
4.33
4.65
1.59
3.05
0.34
1.39
4.07
3.88
3.2
3.29
2.88
2.51
1.7
4.57
4.5
2.45
1.25
2.04
4.42
4.94
1.05
2.9
1.71
0.07
1.31
2.79
4.57
0.74
0.24
1.39
0.37
4.82
4.85
0.62
2.29
2.52
0.51
3.31
2.89
0.19
0.59
1.51
0.61
2.35
2.96
3.38
4.33
0.98
4.27
4.83
4.78
0.16
4.5
3.94
3.82
1.12
2.01
4.39
3.95
1.35
3.09
1.33
2.47
2.65
4.72
3.59
2.51
1.89
2.33
1.19
0.37
4.68
2.6
3.85
2.07
2.64
1.57
2.68
0.17
1.12
1.73
0.15
3.63
1.61
4.46
1.9
2.13
2.91
3
0.3
4.3
1.91
2.17
3.97
0.96
3.02
3.25
1.7
3.63
3.72
3.53
2.31
2.07
0.34
1.69
0.55
4.69
1.31
4.73
3.67
0.31
0.63
3.66
1.4
0.64
2.99
4.03
2.58
0.25
0.23
2.19
2.23
4.84
0.55
3.58
2.15
1.01
1.64
3.28
3.63
1.3
1.1
0.28
2.2
0.16
4.4
2.92
3.26
3.89
1.98
3.44
2.68
4.93
4.91
0.33
1.97
2.43
0.16
0.15
2.02
1.63
2.89
4.52
3.2
4.39
4.81
4.51
0.63
4.18
4.99
2.9
3.54
3.11
2.42
1.21
1.5
1.87
4.36
1.52
1.82
4.26
1.42
4.32
3.1
4.77
3.19
4.96
1.26
2.16
1.67
4.69
4.78
1.5
3.5
2.69
1.31
3.4
1.33
0.22
1.86
2.77
4.59
1.85
2.46
0.05
2.19
2.48
1.92
1.75
3.77
1.88
1.15
2.14
0.6
4.11
2.26
0.39
2.57
1.76
4.32
4.45
3.94
1.93
4.21
2.47
2.27
0.8
0.97
1.61
0.82
4.18
4
2.64
2.5
2.94
0.14
3.31
0.02
0.31
4.92
4.47
0.15
1.28
1.99
0.82
2.22
4.31
2.8
1.79
0.74
2.52
4.17
0.74
0.2
4.64
4.39
1.51
1.44
3.29
2.7
3.74
2.88
4.17
0.81
0.59
2.39
0.77
0.37
3.12
3.68
4.01
0.97
3.02
3.27
0.17
2.98
3.18
0.21
3.09
2.36
3.37
1.07
0.32
4.16
3.88
0.53
3.59
3.14
3.88
3.2
2.6
0.54
0.27
0.04
2.76
0.15
3.03
0.8
0.57
1.13
1.38
0.09
2.89
4.1
1.23
4.1
3.23
3.76
0.65
3.3
2.44
0.44
2.49
4.18
4.62
2.66
2.69
2.74
1.8
1.14
0.79
2.82
4.96
3.06
1.52
3.56
0.83
1.09
4.21
4.7
3.96
4.62
2.11
0.42
2.3
4.28
4.31
4.05
0.05
4.17
2.76
1.97
3.57
4.42
1.58
1.41
2.66
4.98
4.11
4.85
3.81
2.63
0.57
4.48
0.74
1.89
0.32
4.78
3.95
2.52
0.84
2.49
2.72
3.67
4.34
1.42
0.87
1.36
3.15
4.2
2.66
3.25
2.25
4.48
1.78
2.56
0.82
4.57
1.91
3.02
1.54
0.39
0.69
1.29
3.28
2.98
1.28
1.44
2.78
3.52
4.45
0.63
3.09
2.44
3
3.4
1.17
0.76
1.9
2.13
4.22
1.67
1.74
0.33
