0.91
3
3.21
4.02
4.65
4.91
0.59
0.53
1.53
1.48
1.92
0.51
3.94
1.44
3.83
1.08
3.28
0.33
3.84
0.8
0.82
3.58
3.33
4.28
4.41
2.64
3
1.86
1.05
0.06
0.88
1.35
1.88
4.27
4.12
2.75
1
1.33
1.51
1.4
0.58
2.7
3.96
4.34
0.92
4.22
0.63
4.25
3.47
3.31
4.09
2.41
2.5
2.74
4.25
0.85
1.07
4.56
0.53
4.94
3.21
1.68
4.42
3.37
2.26
0.51
3.09
4.68
2.57
1.04
3.33
0.09
3.32
3.07
2.82
0.92
4.02
3.95
0.41
1.86
1.69
1.54
3.39
1.32
0.64
1.63
4.51
3.64
4.23
3.77
0.06
2.59
2.16
2.69
2.35
3.58
2.66
4.42
4.48
3.13
0.58
0.76
4.1
1.17
1.22
0.21
1.26
3.9
2.25
1.14
0.39
2.86
3.19
2.79
2.44
3.9
3.06
2.44
1.99
4.34
0.56
3.57
4.26
3.8
4.37
0.1
3.48
1.55
0.66
1.17
4.43
1.15
2.86
1.07
2.09
1.82
0.87
3.64
0.08
1.76
1.46
2.8
2.15
1.85
0.67
3.46
2.78
1.88
1.43
0.81
3.97
0.92
0.17
1.87
2.14
3.02
0.75
0.58
2.18
4.57
1.83
3.29
3.52
3.39
4.14
4.89
4.61
2.58
1.33
3.63
2.77
4.48
0.56
1.4
1.24
0.09
4.97
1.43
2.3
0.42
2.81
2.04
4.95
0.26
4.09
3.46
3.01
3.82
2.37
0.06
1.24
4.66
2.61
0.79
1.6
4.99
1.48
0.13
1.69
1.34
4.56
3.74
3.07
3.13
1.91
0.92
4.98
4.12
0.89
2.72
3.27
4.12
0.46
2.05
4.64
1.32
2.67
2.45
0.48
0.27
1.19
1.15
4.67
3.99
4.54
2.33
0.12
1.55
1.99
2.4
3.08
2.01
2.57
1.69
3.52
3.01
0.33
4.01
0.9
3.54
3.42
0.37
3.83
0.3
4.1
1.26
3.48
2.56
3.93
2.42
4.51
2.56
0.91
4.89
3.69
2.44
0.53
3.73
2.74
0.19
1.82
0.1
2.44
0.08
2.43
4.44
0.13
3.68
0.57
1.73
1.91
3.57
0.51
0.2
1.39
0.87
0.55
3.87
1.33
4.59
3.24
3.85
4.32
4.67
1.15
2.75
3.66
0.42
1.19
1.44
1.62
3.09
3.21
0.96
3.75
3.09
1.78
2.87
4.88
1.23
3.96
1
3.73
2.68
2.31
0.33
4.89
4.31
0.28
2.94
3.75
0.06
2.6
4.7
4.92
1.45
0.1
3.69
0.27
0.36
4.44
1.14
2.16
1.91
3.63
1.74
0.63
2.71
4.25
1.82
2.3
3.64
2.87
2.61
0.34
0.85
2.64
0.4
1.18
3.92
0.29
0.65
2.21
0.49
1.51
2.06
2.46
4.12
1.63
1.4
2.29
3.48
2.09
3.5
4.33
1.64
3.72
4.51
2.41
2.11
1.65
1.86
4.94
4.51
0.95
1.45
1.8
1.28
4.03
3.58
2.98
2.46
0.71
3.82
4.3
3.87
0.57
4.16
3.16
3.75
1.35
3.84
3.09
0.27
0.99
1.03
4.54
0.3
1.44
4.13
4.4
3.51
1.97
0.3
1.77
4.13
4.96
3.7
0.15
1.85
1.77
1.48
1.04
0.38
2.8
3.27
2.9
0.88
0.05
3.85
4.57
4.58
1.87
3.95
1.32
4.39
1.74
0.57
4.98
3.32
1.71
4.49
0.24
3.15
4.5
3.69
4.36
4.82
1.32
2.67
2.1
2.97
0.22
0.71
0.05
0.3
2.44
2.74
4.25
2.37
3.07
2.49
2.78
0.67
2.64
3.79
1.52
1.19
1.93
0.32
2.45
2.51
0.33
0.22
1.54
3.86
1.2
1.37
2.06
2.73
0.5
4.18
0.16
4.94
2.23
0.77
4.21
2.53
3.11
4.6
2.74
3.87
3.61
2.52
3.25
2.13
1.98
1.52
0.2
1.05
3.6
0.33
0.19
4.17
4.96
1.99
4.2
4.44
2
4.52
3.76
2.27
4.72
4.03
0.24
4.38
1.75
2.21
3.8
2.24
4.89
4.09
2.04
0.29
4.43
0.82
0.89
2.78
2.23
1.31
2.59
0.99
0.27
3.36
1.05
1.38
3.25
4.09
4.66
0.97
1.64
4.57
0.92
4.49
0.65
2.09
0.79
3.76
1.72
2.1
2.65
3.76
2.21
2.42
2.99
1.44
1.54
3.3
0.57
0.69
0.36
1.8
3.11
3.16
1.25
2.7
2.05
3.85
0.01
1.92
3.74
0.2
0.93
2.28
2.56
0.8
0.07
0.69
2.55
2.79
4.39
0.4
0.02
0.39
3.96
4.05
1.98
4.21
1.07
0.8
0.9
3.14
0.67
1.96
1.72
4.93
1.16
3.97
4.29
0.31
1.29
2.88
1.23
0.63
0.11
0.61
1.8
2.97
3.04
3.39
0.71
1.16
1.03
4.92
2.8
2.26
2.53
4.57
1.12
3.66
1.63
2.16
3.49
1.63
4.46
3.62
0.04
1.93
2.66
1.85
1.88
0.42
1.58
3.19
0.46
3.64
0.52
3.06
2.57
3.58
0.94
2.87
4.62
2.21
2.2
1.87
4.4
3.62
0.77
2.16
2.75
3.89
3.56
1.91
4.36
3.95
3.89
3.83
4.28
1.33
4.55
1.12
4.95
1.36
2.7
0.01
2.16
3.14
2.4
2.57
2.45
4.94
0.52
2.11
2.52
0.59
0.08
1.2
4.9
1.3
4.79
3.78
0.88
4.36
3.93
0.02
4.82
4.64
0.74
4.91
1.63
1.69
4.49
3.18
4.69
4.59
2.28
4.37
1.56
3.16
2.14
1.7
3.3
4.37
5
4.63
1.71
1.33
0.39
3.75
0.9
1.5
2.08
3.77
4.42
3.4
2.13
4.37
3.52
1.91
4.47
2.95
3.3
2.8
4.05
0.42
4.22
2.03
3.72
3.42
3.05
0.42
0.74
4.63
1.58
0.08
3.5
1.16
0.03
4.15
1.03
1.68
0.24
4.32
0.85
0.13
0.73
4.81
4.07
1.73
3.06
1.8
0.2
2.87
4.49
0.53
1.7
4.51
3.78
4.12
0.24
3.88
2.38
2.64
1.42
1.42
0.67
2.17
4.88
3.11
3.33
1.51
3.04
3.94
3.05
0.34
2.2
0.15
1.24
2.58
1.84
1.02
1.6
2.29
2.22
0.54
4.81
1.83
1.28
1.92
1.5
2.51
2.24
1.55
2.2
4.33
3.62
0.94
0.38
1.87
0.4
1.83
4.66
0.95
4.76
1.77
0.89
3.63
0.07
1.62
3.67
4.76
0.88
3.65
2.88
4.92
0.08
1.28
4.41
0.18
3.42
1.52
3.04
4.66
2.19
2.43
1.39
1.25
1.28
0.99
2.85
4.69
0.75
0.54
1.49
2.41
1.41
2.42
3.09
1.28
0.46
0.53
1.82
0.97
3.85
3.68
4.12
0.7
4.55
0.25
2.8
0.68
0.25
1.83
2.81
2.22
0.33
4.56
2.94
1.37
3.78
4.85
3.3
4.21
2.27
4.76
2.92
0.98
3.95
4.79
1.13
0.13
1.47
0.44
2.75
1.39
4.94
1.05
4.98
2.44
0.56
4.63
2.1
2.46
4.73
2.05
2.62
0.71
4.49
0.38
4.46
4.99
1.37
4.72
3.39
2.18
3.98
0.93
4.37
0.69
1.83
4.72
2.45
0.05
0.81
4.09
4.66
1.98
3.31
0.36
4.78
4.88
1.81
3.66
2.1
3.02
2.73
1.94
2.44
4.35
0.74
4.83
3.39
3.69
0.7
0.38
1.51
3.52
1.18
2
4.16
2.14
4.78
3.83
4.07
3.66
2.67
1
3.64
0.82
4.91
0.7
3.27
3.78
2.65
3.83
1.04
4.25
2.19
0.73
2.79
1.51
4.16
1.21
3.58
3.4
2.95
2.77
3.73
0.72
2.69
3.36
4.96
0.98
3
4.99
4.57
4.04
2.62
2.56
1.5
4.86
1.6
4.91
0.53
0.21
3.49
0.74
2.51
2.01
3.69
1.52
4.53
1.1
3.99
2.47
0.69
2.88
3.13
0.34
2.46
1.21
3.96
1.97
0.77
2.52
1.65
4.28
0.43
0.6
4.06
3.31
1.69
4.61
0.3
4.21
2.37
3.73
3.79
4.76
1.45
1.5
2.11
2.19
4.71
2.44
4.97
1.03
1.87
1.34
2.92
1.69
3.88
4.31
2.67
1.66
2.18
1.09
3.58
4.46
4.6
0.31
3.43
0.14
4.13
1.42
0.45
3.9
1.84
3.91
3.11
1.04
0.59
1.77
4.57
0.09
1.58
2.81
3.54
0.02
4.25
2.79
4.64
0.05
1.81
0.99
0.05
0.18
2.91
3.32
2.92
1.64
2.01
3.73
2.53
2.06
2.96
3.57
3.05
0.37
4.72
3.71
2.72
0.45
2.91
3.47
3.38
0.39
1.24
3.12
3.72
3.92
4.66
1.78
0.5
2.92
3.73
1.21
2.24
0.48
3.49
4.06
4.26
2.11
2.2
3.34
0.28
2.91
3.74
4.06
2.9
4.84
4.91
2.32
0.91
1.39
3.49
0.27
2.88
0.13
0.06
0.14
2.43
3.97
1.46
3.49
3.38
1.55
3.23
0.81
4.75
0.1
0.1
3.97
4.88
3.45
1.41
0.29
2.6
4.68
4.15
1.98
2.73
2.76
0.36
2.63
0.1
4.23
3.66
1.9
1.49
3.61
4.29
3.73
4.64
1.93
4.85
2.98
1.11
4.59
3.13
2.31
4.59
0.88
4.29
1.68
0.11
4.23
4.08
1.78
4.06
4.25
0.56
3.05
2.35
3.93
0.15
2.89
3.65
1.04
1.22
4.73
1.46
4.91
3.62
0.01
2.48
4.07
4.29
4.33
0.21
2.35
2.78
3.97
4.65
0.42
0.38
2.68
4.89
1.12
0.78
4
4.87
4.97
1.73
0.42
0.6
2.11
1.24
2.15
3.31
4.93
0.59
1.2
1.53
4.45
1.54
2.46
1.88
0.79
3.64
1.23
2.08
0.79
4
3.95
2.85
3.49
3.96
1.76
1.25
3.16
4.45
1.46
4.12
2.01
2
4.09
0.29
4.2
2.84
2.13
2.04
1.96
4.47
0.91
4
1.71
0.49
2.59
1.9
1.32
3.45
4.1
3
4.39
4.22
2.24
0.22
4.91
0.05
3.5
3.81
2.29
1.93
2.99
3.94
3.84
4.98
4.2
1.47
1.11
4.76
3.46
2.56
1.93
4.92
3.14
2.32
3.54
4.26
3.65
1.37
1.49
4.45
4.8
0.22
1.96
3.57
2.15
0.11
3.36
0.32
4.56
3.86
1.55
1.47
3.37
3.61
4.88
2.63
2.24
3.33
2.51
2.18
2.74
3.69
2.48
0.49
4.64
3.08
0.8
1.45
2.57
3.5
4.68
2.26
1.13
1.84
0.91
1.87
4.17
4.19
1.01
2.86
1.3
1.44
2.72
2.61
3.29
4.56
4.85
4.67
0.85
2.4
2.63
4.11
0.02
4.03
2.86
2.26
0.2
1.85
2.29
3.14
1.38
2.65
0.34
2.75
2.5
0.69
0.02
1.15
2.77
0.65
2.6
1.12
4.63
3.93
1.94
0.46
2.77
2.25
2.96
3.6
1.25
2.23
1.27
4.04
4.78
0.73
3.53
1.49
4.46
0.1
2.19
2.27
1.9
0.48
4.66
4.33
3.31
1.01
2.74
2.59
2.36
3.66
4.52
2.88
4.76
0.92
0.28
2.66
0.32
1.81
1.98
2.77
1.35
0.07
3.7
2.95
0.74
3.36
1.79
3.76
1.21
2.75
1.03
4.61
0.83
4.43
1.41
0.95
1.2
4.37
3.93
3.93
2.79
4.17
2.96
1.56
0.71
2.54
0.93
4.26
3.49
3.75
2.82
2.1
0.21
4.67
4.29
0.74
3.59
1.64
2.91
2.77
4.56
3.35
1.4
3.47
0.49
3.73
4.59
1.97
0.46
4.09
2.11
0.03
2.84
0.47
4.83
4.07
2.81
4.56
1.88
0.47
4.25
1.81
4.4
0.8
1.63
1.87
0.22
2.64
3.73
2.63
2.51
1.22
1.82
0.58
1.66
2.62
2.89
2.44
4.27
3.97
1.15
4.48
0.52
1.38
4.19
1.23
1.51
3.26
2.65
0.79
2.75
4.06
2.43
3.88
1.34
2.27
4.73
3.78
0.32
3.46
4.95
3.81
3.15
1.51
4.71
0.54
4.29
3.91
4.04
1.94
3.48
3.87
1.71
4.34
2.93
2.98
0.85
1.43
2.72
3.33
1.18
4.41
1.17
0.98
1.64
0.49
4.79
2.25
1.87
1.96
2.18
0.96
2.89
4.89
0.61
4.84
2.28
4.87
0.53
1.79
4.52
0.23
4.68
4.71
4.5
4.92
2.48
2.41
1.64
4.1
4.78
3.5
0.45
2.52
0.35
2.26
0.14
1.98
1.81
3.17
3.23
2.9
2.53
0.15
4.48
2.36
1.94
3.93
0.23
2.23
0.18
4.22
2.88
1.26
1.52
2.67
4.36
4.4
4.4
0.71
1.17
0.44
1.38
1.54
4.57
4.66
2.57
3.25
2.85
2.74
3.83
3.84
4.03
3.46
0.59
2.35
3.94
4.54
1.52
3.23
2.85
3.76
0.79
0.23
0.87
1.31
2.26
1.63
0.65
1.56
1.33
3.6
4.73
0.06
0.85
4.59
3.19
1.17
0.16
4.72
1.5
3.55
4.89
0.27
1.83
0.99
3.31
2.58
4.42
2.85
3.68
1.46
1.31
3.89
4.16
0.47
0.03
0.61
0.15
3.61
0.41
0.53
4.35
4.16
3.04
4.98
0.61
0.71
1.62
3.67
2.89
1.93
0.3
0.49
4.85
0.89
3.11
4.04
0.21
0.42
4.93
3.78
1.12
3.1
2.09
2.47
0.54
1.19
4.25
3.18
1.79
1.98
0.76
3.56
3.41
3.86
0.11
2.23
1.07
5
3.43
1.02
4.07
2.52
4.79
3.98
1.21
1.3
0.1
3.04
1.83
3.33
0.76
1.34
3.81
2.67
1.26
2.05
3.61
2.18
2.23
4.26
2.62
1.62
3.8
2.56
0.38
3.77
2.6
0.57
4.48
1.37
2.37
2.74
2.62
1.86
0.45
2.32
4.6
1.04
1.93
0.61
0.85
1.2
3.84
2.63
0.47
0.81
4.04
0.74
3.86
3.51
3.81
4.41
0.35
3.45
4.27
1.17
3.25
1.46
1.75
3.74
0.58
1.47
3.69
4.72
0.89
4.04
0.36
4.75
2.12
0.61
3.21
4.22
4.22
3.84
1.82
4.79
4.67
2.44
0.38
3.5
3.71
1.83
3.22
3.6
1.52
1.62
4.44
4.84
4.71
1.87
4.54
2.15
2.91
4.98
3.53
3.8
4.74
1.49
0.67
3.76
3.11
3.92
2.48
4.95
2.22
1.24
3.42
1.83
1.46
2.48
3.85
1.01
1.34
1.48
4.03
3.85
0.46
4.28
3.05
1.9
2.73
3.68
4.25
1.19
4.59
3.77
0.47
4.88
0.8
2.86
1.07
3.96
1.16
0.74
1.25
4.75
4.71
3.05
3.15
2.08
0.22
4.04
0.44
0.13
1.27
4.2
4.41
2.93
4.21
0.24
0.95
2.67
1.71
0.44
4.73
3.61
2.73
1.18
2.93
3.39
0.69
2.35
1.25
0.13
4.85
2.73
3.35
1.82
3.39
0.13
0.75
3.56
4.82
3.78
4.91
3.18
1.12
4.53
0.81
1.03
0.16
3.78
0.49
0.73
1.92
1.76
3.89
3.66
0.12
2.57
4.33
3.47
0.08
1.6
4.86
3.05
2.37
1.25
0.91
1.79
4.2
4.41
2.61
1.93
4
1.88
0.85
4.32
1.42
0.4
3.32
3.23
2.3
0.17
2.54
2.52
2.26
3.94
1.26
2.67
2.41
0.93
1.1
3.92
2.8
0.94
3.62
1.57
1.43
0.47
2.83
0.26
3.61
4.86
3.37
4.93
0.92
4
3.17
1.11
2.16
1.13
1.14
1.7
0.08
4.34
4.88
3.15
0.9
0.88
4.92
3.88
1.66
4.03
4.52
2.22
3.89
3.56
0.76
3.12
1.12
3.45
2.91
3.52
4.96
3.57
3.75
3.15
5
4.58
2.21
0.41
0.23
4.92
3.25
0.62
1.01
2.77
3.47
1.33
3.97
2.58
3.89
3.09
1.98
0.9
3.76
1.53
1.9
3.29
2.52
1.43
4.61
1.16
4.2
2.4
4.37
1.12
0.84
2.97
1.83
4.92
0.23
4.26
3.56
1.02
2.61
2.47
4.66
0.21
0.67
0.59
3.5
3.79
2.79
0.58
2.26
4.16
4.94
3.37
1.97
0.78
5
1.54
4.88
2.95
4.68
2.4
1.64
2.57
0.76
4.8
0.85
3.22
1.63
1.38
1.45
0.54
3.28
4.46
4.37
1.24
0.02
2.94
1.55
4.48
2.68
4.47
3.64
1.98
0.67
0.35
2.93
3.69
1.55
4.75
1.98
4.91
3.12
0.04
3.43
0.68
0.93
3.04
2.35
3.96
0.75
4.58
1.7
2.3
3.77
3.39
1.43
3.58
1.73
2.2
1.56
4.49
4.56
1.62
0.18
2.71
3.19
1.96
3.91
2.59
0.02
0.36
3.17
2.95
2.62
3.85
2.96
1.43
0.93
1.71
1.41
0.68
3.47
0.76
4.66
1.42
3.42
1.17
2.58
1.75
2.53
2.62
0.82
4.03
4.12
0.76
0.9
0.95
3.05
2.43
2.23
3.38
0.18
3.73
1.2
0.85
0.53
1.4
0.86
2.72
2
1.74
2.87
2.33
1.33
4.59
4.57
0.71
3.87
2.67
0.61
4.96
4.96
0.24
4.85
4.6
0.17
1.46
2.09
2.15
1.77
4.13
4.28
3.54
1.17
3.03
2.59
4.78
4.34
1.01
2.76
4.02
1.27
4.36
4.07
2.68
4
1.71
4.25
0.42
3.32
0.23
1.32
4.8
0.51
0.18
0.74
2.72
3.22
0.48
0.36
3.9
3.14
1.85
4.25
1.65
4.79
0.39
4.19
0.49
0.23
2.81
4.18
3.59
3.02
3.56
2.78
2.25
2.77
0.36
3.46
1.99
1.75
2.37
0.91
2.35
2.62
3.92
0.93
1.35
2.18
4.77
0.89
3.91
3.98
4.58
1.43
4.54
0.64
2.25
2.55
2.95
3.12
0.92
0.19
1.61
3.07
3.86
4.61
0.57
1.01
1.15
4.12
4.19
4.16
1.62
0.63
3.05
3.92
0.74
4.3
2.51
1.62
0.6
1.05
2.7
0.99
0.23
3.53
1.62
4.94
2.94
1.68
4.76
3.65
0.9
2.43
5
2.89
1.77
3.2
3.55
1.94
0.42
3.07
0.59
0.67
4.27
3.94
2.16
4.07
0.96
4.47
1.19
0.4
2.47
1.25
2.7
3.66
2.03
4.67
0.33
1.95
1.78
4.68
2.93
1.12
1.07
0.53
1.21
1.03
4.56
3.91
2.14
0.49
0.69
2.94
2.43
0.49
0.33
4.14
1.78
4.13
4.3
0.93
4.82
0.25
4.55
4.5
2.16
0.05
0.06
3.09
1.51
2.79
1
0.99
2.47
0.05
1.87
0.18
3.55
1.5
1.7
0.98
1.26
3.79
3.72
2.86
1.64
2.83
1.74
1.99
3.43
1.72
1.17
1.41
2.35
3.76
2.63
4.87
3.52
4.05
4.82
2.08
2.11
0.93
1.48
4.74
4.23
2.84
3.01
0.33
1.93
1.21
0.56
4.72
2.69
4.34
0.73
1.25
2.48
2.22
0.51
4.32
1.74
2.69
1.88
3.78
2.26
1.41
0.11
0.39
0.79
3.18
1.15
4.16
4.5
4.58
2.37
2.12
3.49
2.07
1.56
2.2
3.15
4.43
0.37
1.3
1.38
4.21
2.13
0.26
0.78
0.54
0.77
1.27
4.45
0.05
0.93
2.88
0.38
1.72
0.58
3.65
3.1
1.98
3.23
2.09
1.34
3.64
4.34
0.1
4.72
3.39
4.49
0.28
1.54
3.12
2.09
4.6
2.94
4.73
3.19
2.55
0.05
0.76
3.69
0.8
0.98
0.96
1.27
4.95
3.76
0.65
0.7
0.2
0.93
1.49
2.9
0.08
1.06
1.1
4.62
0.99
3.59
3.1
1.32
3.77
1.89
2.45
1.28
4.9
2.32
4.34
3.1
3.07
2.78
3.78
4.65
2.26
0.38
1.4
0.42
2.22
1.3
4.11
4
2.64
3.4
0.9
5
4.71
3.29
0.09
2.69
4.96
3.95
3.75
2.32
0.19
3.71
4.4
2.06
4.3
0.79
2.39
0.59
3.46
4.61
2.99
1.42
0.6
4.4
0.37
1.23
4.99
2.28
1.01
1.92
4.7
2.95
0.49
0.51
2.96
1.77
3.01
2.71
2.9
4.28
2.59
0.05
0.11
1.28
2.08
0.29
4.36
4.6
3.8
4.15
1.29
4.02
3.81
0.67
1.18
2.69
1.68
2.61
2.24
2.09
0.76
3.18
3.24
2.9
0.25
0.19
2.69
2.04
4.22
0.79
0.26
1.55
3.37
1.99
3.64
3.67
3.2
3.17
2.16
3
3.94
4.76
1.28
1.2
1.92
