2.61
3.46
0.83
4.53
4.13
2.13
2.04
4.22
4.74
2.52
1.22
2.47
0.37
3.19
4.7
0.21
0.76
0.79
1.63
4.43
4.26
1.58
1.59
4.81
1.18
0.03
4.51
1.85
1
1.88
0.34
0.85
1.24
3.18
1.01
1.58
0.71
2.74
3.32
0.65
4.69
0.53
3.67
4.46
0.91
3.92
0.57
2.99
4.71
3.16
4.33
1.84
3.08
3.52
3.33
4.43
4.38
0.28
0.51
1.69
3.17
0.37
1.79
4.87
4.42
1.91
2.24
2.08
3.48
2.65
3.15
1.06
4.16
0.14
4.24
2.61
1.15
2.73
3.49
1.92
3.45
0.9
4.35
4.44
1.69
1.17
3.27
1.95
0.44
4.46
1.92
4.69
2.89
2.18
1.03
0.89
4.59
3.63
3.42
2.93
1.16
1.92
1.01
4.53
0.02
4.97
0.58
0.03
2.14
0.18
0.78
3.89
0.2
2.47
1.68
2.79
3.78
2.02
0.92
0.95
4.22
1.29
3.71
2.05
1.94
0.96
3.23
3.06
0.81
1.93
1.37
3.64
2.29
1.57
1.3
3.31
4.49
0.44
3.13
1.26
4.45
0.34
2.52
1.72
3.18
0.51
1.75
2.18
4.19
3.67
1.66
2.08
3.12
2.57
4.45
4
2.85
3.66
4.08
4.9
1.97
2.18
0.7
3.03
1.39
3.52
4.75
1.04
4.79
1.31
3.2
4.31
4.22
3.51
1.8
0.2
0.63
0.25
4.98
2.93
2.82
1.38
2.22
2.98
2.35
2.65
1.96
3.75
4.89
2.5
0.16
4.67
3.82
0.87
3.59
1.97
1.64
1.17
2.48
4.84
4.4
1.34
2.16
2.97
3.17
1.71
4.79
4.28
4.9
0.53
4.86
2.94
2.42
2.66
1.29
1.29
0.92
4.88
0.84
0.6
0.61
3.99
0.23
2.74
0.88
1.25
3
2.65
2.71
0.62
1.51
4.35
4.48
0.99
2.66
2.74
0.25
3.87
0.29
4.78
1.51
2.53
4.17
3.31
4.9
0.29
2.44
1.24
3.52
1.9
0.74
1.87
3.41
0.99
2.45
0.15
1.85
4.19
1.85
2.38
3.95
0.8
2.54
3.7
1.57
0.03
4.43
4.41
4.54
2.76
4.69
3.97
1.41
1.28
0.81
3.16
4.6
2.07
2.76
1.63
3.9
0.16
4.03
1.22
0.71
4.57
0.08
3.44
4.24
3.86
2.3
4.36
2.3
0.32
2.82
1.51
2.48
2.81
3.72
3.09
2.25
0.19
3.17
3.22
2.01
2.33
3.07
1.31
3.45
0.52
2
3.92
2.24
2.04
2.24
3.37
0.42
3.77
0.57
0.52
2.5
4.82
3.56
2.18
2.82
3.63
1.13
1.42
1.53
2.75
4.62
4.68
4.01
1.22
1.5
0.69
1.45
2.68
1
4.94
0.27
0.07
0.05
4.59
0.02
3.79
1.88
1.86
2.22
2.42
2.86
1.28
4.53
3.1
4.44
1.19
2.14
2.57
4.36
4.42
1.54
2.46
4.41
2.46
3.42
0.64
1.76
3.91
3.86
1.49
1.58
3.86
1.76
3.91
2.13
1.6
1.09
2.89
3.19
0.51
2.78
2.44
0.61
1.46
0.87
1.72
3.02
0.96
1.46
1.31
2.14
3.41
2.05
0.33
1.58
0.88
1.72
0.75
4.43
3.17
3.68
3.5
0.96
4.02
3.8
3.96
2.27
1.56
4.35
1.37
0.41
0.2
3.13
1.65
2.34
0.88
1.38
1.02
3.74
0.13
0.94
2.2
3.41
0.83
2.45
4.09
0.13
1.74
2.55
3.26
2.87
1.76
2.02
1.96
2.46
0.06
3.33
4.16
2.9
3.37
1.04
3.45
2.23
4.65
2.37
0.79
3.4
4.36
0.76
2.96
2.04
4.13
1.36
3.19
0.28
0.16
2.93
0.25
3.02
1.88
4.82
1.69
0.77
2.58
4.83
1.75
3.33
4.27
3.58
2.89
0.88
3.21
4.65
4.5
1.63
3.91
3.22
1.96
0.89
2.2
0.34
2.32
2.92
3.4
1.39
3.46
4.16
4.33
4.94
0.75
1.37
0.34
0.87
3.21
2
1.03
2.7
0.35
3.27
1.97
0.97
0.91
1.64
4.23
3.47
4.62
3.09
2.8
3.64
3.84
4.44
2.35
4.4
0.83
4.37
4.61
4.89
2.71
0.15
4.09
2.41
1.12
1.66
2.22
2.97
3.84
4.93
0.28
0.34
4.67
3.58
2.6
4.8
0.26
0.72
4.62
3.08
3.18
4.25
1.69
0.32
2.86
1.58
2.39
0.86
0.3
0.75
3.04
2.39
2.47
2.78
4.46
4.15
3.39
2.36
1.17
0.58
4.84
3.46
1.23
3.33
4.79
2.21
4.31
1.15
4.01
4.52
3.46
2.37
3.97
2.52
2.08
0.02
4.41
4.01
4.81
1.58
1.81
1.64
4.34
1.71
2.13
1.19
2.1
1.76
4.08
1.13
4.89
3.55
2.79
0.98
4.08
0.63
2.27
0.08
0.42
4.42
2.13
0.07
0.01
4.82
1.12
2.76
2.47
3.26
3.88
0.54
0.42
2.54
4.91
1.9
1.34
1.35
1.97
1.14
0.2
1.29
1.21
4.41
1.54
4.22
2.9
4.83
0.16
2.04
0.51
3.19
4.53
1.54
3.28
4.86
0.07
3.98
2.51
3.11
2.34
3.39
1.2
3.31
4.12
3.16
1.61
1.28
0.1
2.05
1.31
3.09
3.03
4.44
3.43
4.54
1.03
3.28
2.33
1.72
3.14
2.61
2.25
1.93
2.25
2.59
2.59
2.12
2.8
0.49
4.46
0.37
0.34
4.72
3.17
4.53
2.79
3.98
0.54
3.24
0.34
4.48
0.46
3.94
3.14
4.03
2.66
0.97
0.39
3.57
2.06
1.38
4.43
2.43
0.91
4.84
2.06
2.65
1.99
1.4
4.41
4.44
4.61
4.82
0.67
3.32
3.6
2.93
2.3
4.75
3.74
2.58
3.16
0.26
3.85
1.26
3.01
2.64
0.85
3.35
4.77
1.14
1.29
0.41
3.11
0.97
4.19
1.41
2.6
3.87
4.96
0.07
0.56
3.95
4.33
2.64
2.22
3.22
4.53
2.88
3.62
4.59
3.67
4.61
0.24
0.2
3.47
3.82
2.39
4.96
1.73
4.14
1.12
1.82
2.76
1.24
3.13
1.07
2.12
2.35
2.19
4.45
0.74
2.6
3.49
5
3.05
3
1.47
4.42
3.69
0.83
2.21
2.87
4.6
1.53
2.75
0.4
2.77
3.1
2.73
1.55
3.58
1.63
0.02
0.36
1.77
4.12
0.05
0.71
0.79
2.29
1.78
3.04
0.28
0.34
4.85
3.8
0.46
4.23
2.11
2.79
1.94
2.16
2.78
1.31
2.11
1.08
2.43
3.47
0.45
4.63
3.96
0.24
0.27
2.09
1.62
0.57
3.42
4
1.59
0.44
3.45
4.04
1.13
1.76
0.57
2.26
0.67
1.82
1.98
2.08
0.37
1.12
4.6
3.07
4.7
2.02
2.44
3.69
4.06
4.86
4.99
3.22
2.12
1.19
1.36
1.86
0.35
0.67
0.95
2.47
3.51
4.79
3.06
4.56
2.16
1.68
4.61
0.72
4.48
1.39
0.36
4.36
3.85
0.23
4.97
0.62
2.13
4.79
4.54
3.48
1.16
2
2.73
4.26
2.43
3.25
0.57
4.43
2.81
4.67
0.63
4.28
1.04
3.24
3.45
2.47
2.3
2.13
3.61
1
1.08
4.28
0.43
1.23
4.39
2.97
2.17
0.2
2.47
3.38
1.23
3.22
1.9
2.62
3.49
3.45
4.5
4.2
2.05
2.59
3.41
4.44
1.16
4.01
4.81
2.4
0.49
2.23
4.57
3.64
2.23
4.42
4.51
3.04
4.59
3.35
3.88
0.4
0.45
4.16
2.11
2.01
3.11
0.92
2.02
1.23
4.55
4.24
2.14
4.94
3.46
0.2
1.3
2.67
1.12
4
0.33
4.28
0.77
1.78
0.13
3.94
4.72
3.06
0.64
2.1
3.42
2.98
2.18
3.9
1.88
0.42
0.39
0.05
4.08
1.96
4.83
0.72
2.7
2.97
2.3
0.71
3.9
2.6
0.61
1.4
2.99
2.02
0.99
4.2
0.32
2.92
3.27
4.41
4.21
0.5
0.53
4.64
4.09
0.31
0.17
2.36
0.99
4.99
0.06
4.6
3.78
0.8
0.38
4.82
4.81
1.52
4.14
3.61
0.89
0.53
3.36
3.08
4.42
2.12
2.9
3.12
1.21
4.7
3.43
0.56
0.78
2.31
4.94
4.95
2.06
4.53
1.74
4.5
4.84
1.64
0.89
0.25
2.41
4.91
0.84
1.25
2.33
1.13
4.46
0.67
3.39
3.97
1.72
3.04
2.08
1.59
2.87
1.31
2.47
4.58
4.47
1.85
1.93
2.47
4.15
2.72
0.15
3.87
4.15
0.24
1.47
4.06
4.97
4.21
0.17
0.11
4.89
4.52
4.29
0.74
0.72
4.21
2.58
1.49
3.11
2.85
3.53
2
0.3
2.72
1.93
0.71
0.52
3.07
2.39
1.16
1.81
4.08
0.86
3.56
1.59
1.99
2.49
1.87
2.31
3.03
1.89
0.6
0.94
0.86
3.21
1.66
0.25
1.21
4.25
4.17
2.11
0.35
0.18
2.38
1.17
2.44
1.62
1.42
2.27
4.42
4.4
4.16
0.22
0.09
2.87
2.1
4.25
3.63
1.22
1.51
1.29
2.88
3.74
3.09
0.93
1.07
0.77
0.85
2.7
0.78
2.18
2.44
1.54
1.43
2.6
1.14
1.57
0.44
0.94
1.35
4.33
4.84
3.99
1.35
0.03
4.6
2.73
0.73
3.32
3.59
3.66
2.36
2.15
0.34
3.57
2.07
1.68
3.36
2.03
4.26
0.83
1.17
0.86
2.74
4.8
3.79
4.51
1.05
3.82
3.73
4.94
1.67
4.93
0.65
4.94
0.16
1.95
1.52
3.01
3
2.96
4.21
1.94
1.89
1.37
0.48
1.96
1.57
3.08
0.02
0.27
0.45
2.94
1.77
0.98
4.3
4.24
3.26
2.02
1.89
2.49
3.28
0.99
4.36
2.83
2.83
4.85
0.42
0.85
2.49
2.25
2.57
2.03
3.65
0.39
2.28
3.88
2.02
2.01
3.61
4.97
1.6
2.23
2.92
3.32
1.41
2.74
4.73
3.42
2.31
3.17
4.66
0.08
2.78
4.24
3.44
3.5
3.47
2.76
3.37
4.8
4.2
3.78
0.92
3.63
4.43
3.34
4.61
2.13
4.7
2.3
2.44
0.55
3.67
4.73
2.59
3.54
0.16
4.54
4.82
4.83
1.92
1.91
4.68
2.17
3.69
2.53
4.28
0.96
4.04
0.22
3.82
3.5
0.58
0.37
0.67
4.09
3.33
3.07
2.12
4.25
1.49
3.43
4.55
0.39
3.38
2.93
3.63
4.96
4.56
4.3
2.4
1.68
4.45
1.48
3.86
1.11
4.81
1.82
3.5
2.88
4.05
4.6
1.4
3.86
4.7
2.38
0.58
1.39
3.57
1.01
2.38
3.66
4.33
4.49
2.43
3.78
0.06
0.6
2.48
1.13
1.71
2.72
2.11
0.78
3.91
3.85
4.32
0.57
4.3
3.11
2.57
0.55
1.04
2.58
1.99
1.7
3.21
1.76
4.15
4.71
3.59
1.74
2.28
1.53
2.94
0.17
4.15
2.52
0.79
4.82
4.37
3.28
2.02
0.63
4.09
0.51
3.81
4.23
2.92
3.5
1.41
3.39
1.76
0.45
3.59
4.48
1.9
2.65
4.53
1.1
2.39
1.05
0.22
3.65
1.4
2.21
0.74
4.97
4.94
3.25
0.4
4.75
0.26
3.98
1.46
4.41
0.58
2.34
2.02
1.25
0.97
1.94
2.02
0.68
0.08
3.19
2.46
4
3.35
4
3.69
2.18
0.12
2.06
4.22
1.8
2.46
2.81
3.04
3.69
3.82
1.2
2.09
3.58
4.81
4.33
4.64
2.35
3.5
4.61
2.9
2.89
2.69
4.58
4.42
1.13
3.41
0.92
4.71
3.66
4.2
3.05
4.84
4.41
2.33
1.59
1.72
1.9
1.05
1.78
0.25
4.75
4.18
0.45
3.49
4.66
3.15
4.3
0.79
2.61
1.52
0.16
2.59
3.1
4.55
3
1.05
4.33
4.69
3.25
2.78
3.97
0.76
4.37
4.47
0.23
4.65
3.28
2.2
2.12
2.02
0.1
3.28
4.28
2.76
0.79
2.65
2.7
3.37
3.51
0.65
0.16
4.23
3.91
3.53
0.51
1.4
2.78
3.62
1.13
4.85
4.45
4.42
4.91
0.1
1.41
3.15
2.82
4.98
1.35
2.43
4.93
2.05
4.02
3.51
2.07
0.78
0.37
2.96
3.8
3.59
0.97
4.84
4.1
2.93
4.81
2.64
0.02
0.08
3.88
1.44
4.85
2.99
2.56
2.06
0.26
1.72
3.06
1.38
1.47
3.47
0.82
0.61
0.56
4.29
2.57
2.63
4.21
0.69
4.2
0.71
0.88
2.52
0.99
0.52
2.02
0.6
1.01
1.51
0.78
3.56
3.94
1.87
4.66
4.53
0.38
1.16
0.87
2.08
2.71
0.05
1.92
0.83
2.7
3.9
0.75
2.56
2.24
2.75
1.78
4.65
2.95
3.38
3.23
4.82
2.69
2.93
4.16
0.49
2.44
1.36
0.29
2.05
0.55
4.7
3.84
1.43
0.51
2.9
0.43
0.31
2.61
4.9
4.38
4.02
1.3
3.21
2.01
4.53
0.14
3.5
1.38
2.4
0.39
4.59
1.41
0.94
2.84
1.97
4.41
1.87
1.16
3.2
4
4.34
2.6
4.15
3.96
0.88
2.97
0.84
3.01
4.64
1.74
4.6
4.33
3.79
0.25
4.8
4.28
3.23
4.28
2.93
0.48
0.09
2.99
1.64
4.52
4.43
3.73
2.01
0.03
0.47
2.85
2.54
1.76
3.07
2.08
3.04
4.7
4.28
1.68
2.71
1.08
1.13
4.39
0.47
1.79
2.41
1.05
0.91
1.6
2.14
1.7
0.73
3.1
3.04
0.19
1.26
0.24
1.6
4.69
1.37
3.03
4.51
4.81
0.52
4.2
1.74
0.53
2.56
0.67
3.85
1.45
1.09
2.81
1.68
4.13
0.62
4.79
0.54
1.39
0.95
3.61
2.37
3.64
1.76
0.82
0.24
1.29
1.82
4.14
0.59
4.05
1.52
4.56
4.17
1.42
2.1
0.21
3.91
0.5
3.25
1.29
1.87
1.65
4.68
1.2
2.65
0.34
2.22
2.93
1.01
1.66
2.32
1.92
2.41
4.46
3.71
0.76
0.51
2.67
2.59
0.65
2.98
2.83
0.11
1.42
0.42
0.15
2.56
3.43
0.51
0.63
0.65
3.89
1.12
3.29
2.01
4.63
0.57
0.44
1.44
0.02
0.6
3.46
2.02
0.77
2.37
4.51
4.07
1.6
2.74
1.23
2.38
2.93
3.18
3.63
1.96
0.54
4.37
2.49
0.78
2
4.07
1.02
1.48
0.76
0.92
1.27
4.08
2.67
1.31
3.08
2.25
1.15
2.3
0.54
3.5
2.65
1.13
2.31
1.88
1.78
2.28
2.11
3
1.43
2.84
3.91
4.93
2.22
4.56
0.88
5
2.97
2.4
2.25
3.8
5
1.39
2.02
1.39
2.24
1.31
3.49
1.17
3.29
1.66
0.88
0.42
0.71
1.34
0.71
0.84
1.02
4.75
0.28
0.92
3.9
2.42
3.67
0.19
3.84
0.89
2.82
4.18
2.14
4.22
2.95
2.21
1.44
0.76
2.98
2.15
4.62
2.88
5
4.26
2.47
0.23
0.98
1.39
5
2.01
1.56
4
2.01
1.91
4.35
3.84
3.37
0.51
4.82
0.2
3.18
1.63
2.89
4.04
3.36
2.92
1.65
1.38
2.32
0.79
2.23
2.24
0.11
3.4
4.79
1.11
3.63
0.74
3.13
2.66
1.04
4.01
2.54
3.23
0.74
4.83
4.49
0.49
1.53
3.56
4.74
0.75
1.77
2.37
3.16
0.65
0.69
0.07
2.21
2.17
1.3
0.31
2.34
2.78
0.88
3.22
1.42
0.11
3.18
0.51
1.11
3.11
1.72
0.79
0.67
1.4
1.1
2.62
0.13
2.78
3.61
2.09
3.5
3.43
2.75
1.45
0.28
2.27
1.81
3.75
0.45
1.56
4.15
3.16
3.09
3.02
4.97
0.63
3.55
1.26
4.84
4.87
4.48
3
0.32
4.82
4.32
4.43
3.45
2.18
2.14
0.47
4.24
3.99
4.18
4.58
4.43
2.77
2.97
4.31
2.56
1.77
0.62
2.02
2.12
4.86
2.68
2.03
3.52
2.87
4.75
1.28
0.6
3.01
2.89
0.91
2.84
3.33
4.93
0.82
3.52
4.13
0.57
0.26
1.21
3.56
3.08
1.67
4.04
1.93
0.11
1.76
3.82
4.4
0.65
0.78
4.12
4.82
0.91
4.89
0.34
1.62
2.6
2.71
3.73
3.91
0.82
1.8
1.34
1.53
4.64
4.25
4.04
0.69
2.43
3.42
4.76
2.75
4.04
2.06
2.91
1.1
2.65
4
2.24
0.33
4.62
4.92
2.71
2.92
0.85
2.77
2.56
3.78
3.07
1.96
1.75
3.94
0.11
1.4
3.07
2.68
4.69
4.07
2.17
0.22
4.7
0.82
2.72
0.5
0.81
0.15
4.32
4.33
2.1
0.91
2.34
0.87
2.13
4.57
4.95
2.01
1.98
2.83
4.83
0.89
4.53
4.71
1.73
2.68
0.45
4.86
2.45
0.83
0.81
1.4
2.36
0.93
2.17
2.26
2.4
1.55
3.07
2.74
2.68
4.06
0.05
3.17
1.42
3.31
1.39
4.45
3.37
4.91
3.56
3.64
3.36
0.31
1.97
0.1
2.06
1.73
4.12
1.98
3.93
0.18
0.44
4.13
4.38
1.29
1.88
4.83
2.29
2.99
1.55
4.76
3.6
2.65
2.35
0.17
1.48
2.07
2.11
3.75
1.99
3.48
2.57
0.77
4.71
2.83
0.18
4.06
2.7
2.3
4.22
0.81
1.57
2.62
0.14
0.4
1.8
4.32
3.84
2.27
2.75
2.08
4.33
2.76
0.59
1.69
4.27
1.64
2.25
0.62
4.04
3.69
1.44
3.74
2.45
4.99
2.87
3.71
1.36
0.94
1.52
2.66
0.92
2.21
3.72
2.43
2.27
4.3
1.58
1.99
2.46
1.11
2.98
3.14
0.01
3.97
0.52
0.18
1.42
1.42
3.76
4.34
0.61
0.8
2.6
0.54
0.07
3.74
2.11
1.8
2.9
1.64
1.33
4.87
3.35
2.29
2.22
1.58
1.06
4.74
1
1.95
2.71
2.14
2.66
0.44
4.25
0.96
1.43
3.47
0.68
1.8
1.36
2.07
2.63
4.2
1.16
2.39
2.88
2.85
4.54
2.84
2.72
1.5
1.5
2.8
3
3.91
4.84
3.84
4.96
3.34
1.89
3.83
3.52
4.81
3.3
2.79
1.35
1.95
0.17
3.97
1.52
2.26
0.45
4.2
3.15
1.35
3.55
1.98
2
3.73
3.03
2.4
3.99
4.36
4.89
1.37
2.45
0.74
2.56
3.34
3.18
3.23
4.8
3.9
3.54
1.35
2.05
3.46
2.57
2.05
0.55
1.43
3.78
4.45
3.43
0.26
1.7
4.24
3.35
0.38
3.13
0.34
3.72
1
0.59
2.14
1.01
2.51
4.47
1.87
4.43
1.92
2.12
4.66
3.15
1.43
0.95
3.87
2.31
0.02
3.44
4.5
3.23
0.88
2.49
2.12
0.47
2.05
0.84
0.68
4.1
1.6
3.13
0.28
2.43
2.94
0.37
2.57
1.41
0.35
1.67
2.57
0.02
4.83
0.78
3.92
3.16
2.67
4.52
3.44
2.55
1.35
3.64
0.16
0.46
2.94
4.34
0.48
4.57
3.03
0.41
2.4
2.31
3.31
2.32
3.1
3.38
3.8
3.71
0.07
0.81
3.1
3.61
3.42
3.75
1.66
2.08
4.08
4.41
3.72
2.81
2.95
1.66
3.4
2.08
1.78
2.93
2.82
2.3
2.52
0.73
1.3
2.62
0.56
1.54
0.69
1.51
4.79
1.6
1.03
0.71
2.11
1.9
4.27
0.46
2.06
1.15
1.25
3.82
1.06
1.95
3.15
1.7
4.6
2.04
1.6
2.7
4.22
1.78
4.29
0.2
1.72
2.25
1.16
4.78
1.01
3.06
3.3
1.38
2.85
2.27
4.06
3.93
3.9
3.37
1.86
4.23
5
4.12
4.53
2.26
3
1.31
3.65
0.24
0.87
2.47
2.97
2.92
1.33
4.02
0.5
2.17
2.48
2
2.47
0.3
0.18
1.35
0.75
4.04
1.63
2.92
4.88
0.35
2.59
4.44
0.55
2.03
0.97
3.15
4.82
4.05
1.37
3.42
2.37
4.02
3.83
3.31
3.73
3.93
0.26
0.51
2.11
2.22
1.47
2.09
0.71
0.64
1.34
2.65
3.68
3.58
3.13
3.76
0.98
3.01
2.62
2.19
4.19
0.18
3.27
1.95
1.45
4.3
1.27
0.06
4.37
4.08
