4.07
3.47
2.38
3.05
4.61
2.32
3.09
3.23
3.53
2.35
3.75
3.28
3.07
4.36
0.37
2.78
4.38
1.34
3.03
2.53
2.48
0.2
4.44
2.91
3.03
4.48
3.28
4.04
3.43
0.6
0.83
0.88
0.54
0.76
3.7
2.72
3.83
4.38
1.18
3.51
2.75
1.11
3.99
1.08
3.43
1.87
1.06
4.82
1.61
1.92
0.79
3.85
0.11
3.87
4.24
2.65
1.49
1.17
4.56
2.29
1.12
4.44
4.07
3.87
3.9
4.69
3.18
4.86
4.09
4
1.11
4.68
1.85
0.82
4.05
4.43
3
4.38
1.62
3.66
1.53
0.72
2.07
3.76
1.09
1.1
1.17
4.93
3.39
3.34
3.62
1.26
4.25
1.88
2.74
1.09
0.58
0.65
3.7
1.28
0.98
1.01
0.35
2.47
3.26
4.33
2.68
2.5
4.43
4.61
0.74
2.96
0.97
1.53
1.42
0.37
4.33
1.84
4.32
1.87
2.7
4.47
3.95
3
4.13
4.05
2.44
4.59
1.87
2.92
0.39
1.9
0.71
4.58
1.13
4.21
3.8
1.83
1.41
4.19
3.52
3.19
3.48
4.75
3.93
4.84
4.76
3.81
3.06
1.71
2.33
1.51
3.86
3.95
3.48
4.14
2.94
4.83
3.18
1.3
3.71
0.79
4.74
2.5
1.21
2.64
3.02
3.44
3.3
0.77
3
3.36
0.27
2.26
1.28
2.42
0.79
2.58
0.77
1.99
3.18
3.67
2.05
0.57
4.54
1.61
4.81
3.28
2.35
2.38
2.12
3.86
4.58
2.24
2.9
2.85
4.26
4.48
1.88
1.47
3.41
3.03
2.64
4.17
4.61
0.28
2.72
3.12
2.37
1.75
1
1.15
0.91
2.46
0.49
3
2.95
1.76
4.87
4.13
2.93
2.05
4.13
4.57
3.61
1.19
2.07
1.92
1.44
2.88
0.35
4.56
1.06
4.35
0.31
1.31
2.91
2.69
0.94
3.32
3.75
1.53
3.45
2.21
4.12
2.18
0.96
1.44
1.22
3.58
1.58
2.26
2.96
2.23
4.82
2.75
2.93
1.64
3.63
4.46
3.09
1.9
3.25
3.88
3.33
2.07
3.83
3.04
1.91
1.53
1.57
1.64
1.94
4.5
0.43
0.28
3.65
3.99
1.37
1.41
4.8
1.7
0.84
3.37
0.93
1.33
3.2
1.09
2.92
1.2
3.06
1.34
1.93
1.21
0.61
2.65
1.72
0.07
0.02
4.56
1.38
3.51
1.51
0.5
1.85
2.7
2.06
1.41
4.11
0.03
4.01
0.55
0.92
3.86
0.23
2.39
0.01
2.54
2.61
3.02
4.16
1.79
2.6
1.58
2.75
2.49
3.41
3.75
4.3
1.49
2.06
4.42
1.74
2.79
3.79
4.36
3.74
4.1
0.43
3.47
0.37
1.07
2.58
0.88
3.87
0.16
4.13
3.27
2.12
4.44
2.11
0.34
2.01
4.32
2.23
3.28
4.04
3.27
1.81
4.1
1.4
2.9
1.51
3.53
2.7
0.94
1.77
4.68
3.24
1.95
1.8
0.13
4.34
3.5
1.36
2.81
2.23
1.34
3.78
1.44
2.85
3.45
2.02
0.33
1
1.44
1.23
0.07
1.21
2.36
0.38
3.46
4.83
0.57
2.3
2.36
4.62
3.16
2.81
0.77
0.03
4.11
0.85
0.26
2.01
1.57
3.64
4.63
1.85
3.08
3.54
0.67
2.02
1.38
0.94
3.94
4.39
2.81
0.38
2.84
3.14
2.69
4.53
3.36
3.38
2.23
3.99
1.99
2.02
3.93
4.64
3.42
0.29
1.25
4.02
3.33
1.63
3.04
1.82
3.3
3.7
2.88
3.88
0.92
1.15
3.04
2.03
4.83
2.56
4.65
0.22
2.65
1.31
0.87
3.91
1.94
2.89
0.66
3.16
2.5
0.96
2.75
4.26
2.31
3.97
0.05
3.66
1.57
4.68
4.18
1.2
1.41
1.8
3.83
2.01
1.96
1.33
0.86
2.33
1.46
4.49
3.86
2.51
2.56
3.93
1.22
4.59
0.68
4.2
4.22
0.9
3.48
2.77
4.86
2.67
4.65
3.5
1.59
4.97
0.94
1.11
2.75
2.64
3.67
3.63
0.51
3.57
4.37
1.16
2.28
1.01
4.12
2.67
2.38
3.06
2.29
4.93
0.56
2.31
2.3
3.01
3.58
0.45
0.82
4.76
4.07
1.13
2.35
4.48
0.7
0.42
0.63
3.02
0.61
0.81
3.41
4.37
0.58
1.07
2.29
2.27
4.75
0.88
1.87
2.08
0.23
0.73
2.39
2.07
3.74
1.58
4.4
1.87
0.63
3.99
1.34
0.21
4.74
3.2
1.15
4.56
1.31
4.56
3.03
1.09
0.7
4.71
4.16
2.55
2
2.41
2.89
2.51
3.51
2.91
2.76
3.45
4.51
0.1
2.88
1.94
4.55
1.27
2.02
4.17
1.62
3.12
4.39
3.04
0.47
3.55
0.59
0.99
2.48
4.21
1.04
1.99
4.63
3.43
2.57
3.44
4.53
1.52
2.64
4.36
1.81
2.17
1.02
3.97
2.04
3.66
1.22
4.1
2.79
2.51
2.23
3.47
4.93
2.96
0.03
1.9
1.87
3.36
0.23
1.22
4.1
2.45
4.94
1.19
0.01
4.76
1.59
3.1
1.14
1.07
0.61
2.13
2.33
1.59
1.28
2.95
4.26
4.89
2.68
1.06
2.93
1.35
4.35
0.47
2.35
0.22
1.7
1.03
1.27
3.07
1.26
3.37
2.46
4.22
0.11
2.1
4.41
4.5
1.52
3.01
1.76
1.34
2.63
0.08
3.59
4.52
1.77
0.11
3.23
1.38
0.65
1.32
2.19
3.71
1.13
0.86
2.69
2.4
3.63
2.07
4.06
0.15
0.25
1.7
1.76
0.65
4.85
0.71
4.82
3.4
2.01
4.68
0.64
3.36
4.59
2.08
1.96
3.53
0.27
4.7
1.88
4.67
4.34
3.98
4.7
4.68
3.19
4.16
1.8
2.12
4.49
0.42
0.8
0.57
0.08
0.14
1.01
4.4
2.67
0.3
1.79
0.62
2.61
3.35
4.52
1.96
4.54
0.18
2.56
0.11
0.68
4.26
3.77
4.18
1.1
3.38
2.09
0.51
0.57
0.79
2.28
2.45
3.56
3.75
3.9
0.77
4.28
0.48
1.93
4.8
3.8
4.38
2.47
2.2
3.34
3.99
1.47
0.71
4.03
4.89
4.71
0.87
4.3
0.3
0.31
0.45
2.72
3
3.75
4.55
2.98
4.53
2
2.91
0.97
3.24
4.66
4.57
3.22
4.32
2.05
1.95
0.75
2.5
0.43
0.55
0.18
1.43
3.34
2.49
2.82
3.51
4.78
2.41
0.47
2.63
1.4
3.41
4.73
4.05
1.91
4.76
4.64
2.16
4.15
2.89
3.05
1.1
3.16
3.12
4.54
3.77
3.59
0.57
0.37
4.47
0.23
4.54
4.14
0.65
3.59
4.49
3.14
1.13
3.3
3.07
1.68
3.42
4.71
4
2.45
1.64
1.16
3.64
1.05
1.29
4.95
2.27
0.25
1.29
2.59
3.8
3.03
4.44
1.06
1.16
2
2.58
3.51
4.85
2.97
4.97
0.43
2.36
4.39
3.96
3.94
1.07
0.46
4.94
0.86
0.39
0.68
3.99
4.03
4.99
3.25
3.81
2.03
1.61
4.43
5
2.74
0.88
1.47
0.7
4.84
2.33
3.78
2.03
0.36
2.42
2.48
4.69
0.84
4.83
4.97
3.68
3.54
2.72
3.5
2.11
0.62
1.92
1.16
2.71
0.87
0.23
4.28
1.24
3.02
1.78
1.85
1.35
1.89
3.29
2.35
2.93
3.29
0.54
3.02
4.27
2.65
2.64
4.35
1.66
4.41
4.96
3.65
0.23
2.95
1.74
3.72
2.6
0.84
1.65
1.03
4.69
2.68
4.36
1.27
4.86
3.1
1.66
1.44
0.75
0.1
2.06
2.99
0.18
3.67
0.42
4.56
2.06
0.76
4.98
4.33
4.02
4.15
3.57
1.16
3.24
1.18
3.83
2.27
2.74
4.68
3.65
4.48
4.33
4.25
2.78
0.04
1.3
0.09
1.67
2.78
3.8
2.2
3.23
1.23
3.99
1.64
2.35
4.29
1.09
0.58
4.41
4.27
4.9
2.42
0.76
3.19
0.19
2.61
2.1
2.8
3.32
2.36
2.96
3.06
0.98
4.8
0.1
1.89
3.61
3.22
4.73
5
4.87
4.13
1.2
1.95
4.7
3.13
5
1
1.4
2.33
4.7
3.91
3.74
2.54
1.94
0.99
3.77
4.79
3.96
3.97
3.28
0.64
2.27
2.32
0.63
2.98
1.61
1.2
3.3
4.22
0.46
0.68
1.26
0.07
0.12
0.78
2.67
3.85
1.97
0.66
3.46
2.05
3.29
3.64
0.55
0.29
4.8
2.98
2.51
4.41
0.83
3.72
1.51
4.28
1.84
3.04
0.01
0.66
3.95
4.83
0.96
4.2
2.76
0.98
4.28
0.66
3.32
1.28
4.16
2.94
1.94
3.85
3.82
4.56
4.54
0.86
4.5
1.08
1.1
0.33
1.66
2.48
4.31
3.15
1.02
3.64
2.67
1.78
1.25
0.27
3.18
2.66
3.24
2.31
1
3.72
1.39
4.65
3.94
3.62
0.35
2.88
1.42
4.32
2.05
1.44
4.74
4.22
0.66
2.99
0.63
3.05
3.77
2.27
0.09
3.08
1.43
0.96
4.79
4.27
0.29
0.92
0.35
2.19
3.1
2.73
1.93
0.5
1.63
2.62
2.89
3.08
2.16
1.85
4.71
1.27
4.03
1.61
2.08
4.04
2.03
4.08
3.02
0.19
1.01
3.18
4.66
0.86
0.27
0.72
1.75
1.63
4.76
4.92
3.38
3.92
3.23
1.4
1.2
4.44
4.37
2.55
0.59
1.9
0.03
2.62
3.51
3.62
4.26
0.62
2.58
0.76
4.23
1.66
2.4
2.45
4.38
0.24
0.4
3
2.12
0.68
4.82
2.92
0.21
0.19
3.19
1.39
3.72
3.92
3.77
4.37
4.44
1.38
1.77
1.53
2.86
1.8
0.71
0.78
1.46
0.54
1.59
0.11
4.49
4.85
1.29
3.9
3.52
1.9
2.08
3.74
3.59
3.66
4.48
3.59
1.42
3.4
0.8
1.49
2.38
2.88
3.04
0.35
0.26
2.23
0.27
4.06
0.49
2.16
2.93
1.03
2.98
4.99
0.42
3.2
0.97
1.17
4.35
1.45
2.55
4.16
2.29
4.46
3.08
1.68
0.59
2.08
2.1
0.15
4.1
1
1.71
0.48
4.14
1.86
1.8
0.4
4.24
0.64
2.73
2.55
3.59
2.96
4.78
1.64
2.79
1.12
3.63
3.8
3.42
1.25
3.4
2.18
3.22
2.86
0.52
2.36
2.42
4.83
2.83
3.03
0.08
0.44
4.02
4.77
0.96
1.9
3.86
2.45
1.98
1.79
2.39
3.82
2.75
0.23
0.09
2.78
0.08
0.68
0.31
3.74
2.88
0.63
0.91
1.89
1.56
3.91
4.12
0.7
0.71
4.92
0.61
0.96
2.96
0.01
0.88
0.8
2.02
3.17
0.07
4.29
0.89
3.28
3.49
0.41
2.63
0.75
1.22
1.21
2.8
1.94
4.35
3.16
3.52
1.37
1.92
1.44
0.33
4.08
2.84
4.76
1.37
1.67
1.43
1.19
2.92
1.82
1.05
2.88
0.27
0.02
2.64
2.74
2.43
4.66
1.12
3.47
0.35
4.74
4.12
4.9
0.49
3.99
2.87
4.29
3.46
2.92
0.96
2.9
2.24
0.92
3.53
1.56
3.64
1.26
4.42
1.21
0.85
2.51
1.8
0.51
3.88
2.92
3.85
0.58
1.01
3.15
4.75
3.86
0.17
0.36
4.23
3.14
4.92
1.6
3.89
1.74
0.46
1.65
2.82
3.81
1.52
2.53
3.44
2.65
4.91
4.5
3.25
3.5
0.34
0.26
2.1
3
0.26
2.46
3.83
1.29
3.99
1.11
0.55
3.22
3.61
3.13
1.14
0.16
0.08
1.47
2.74
1.26
1.48
4.54
0.24
0.26
4.12
2.15
3.48
4.77
3.36
2.91
2.17
1.44
0.94
0.21
4.57
1.76
0.44
0.89
0.28
3.15
0.77
0.9
2.59
2.34
3.79
5
0.86
1.98
3.88
1.11
3.1
3.35
3.13
4.63
3.74
4.48
3.71
2.43
0.86
0.43
0.36
4.33
4.9
2.44
3.48
2.64
4.86
1.01
4.6
4.34
2.44
0.37
0.3
0.34
1.69
0.93
0.73
2.79
1.16
1.58
0.85
2.03
3.12
1.82
3.61
4.95
1.77
4.75
2.11
4.72
4.4
2.12
1.28
0.8
1.86
3.99
2.8
2.61
1.88
2.81
4.25
2.68
2.35
1.63
2.65
4.36
2.21
0.52
2.82
3.43
1.74
1.67
4.51
0.01
2.16
3.34
0.85
4.98
1.41
0.62
0.49
3.45
0.16
4.54
1.15
3.51
4.67
3.32
4.86
4.03
0.07
3.36
4.82
2
1.42
2.94
2.69
4.82
1.28
4.9
3.25
3.51
4.79
1.11
2.56
2.27
0.69
2.31
0.58
4.72
1.49
1.4
3.68
1.92
1.69
3.78
0.82
4.75
4.26
0.64
3.57
3.3
1.11
3.24
4.08
3.06
0.2
3.2
4.52
0.47
1.8
0.69
1.72
1.77
4.33
2.61
2.26
4.4
0.28
3.99
2.88
2.8
2.07
0.9
0.71
3.11
1.93
0.78
1.95
2.48
4.24
3.49
1.07
2.64
4.52
0.66
2.44
4.31
2.29
0.33
1.19
4.12
2.39
3.43
4.56
4.62
4.38
4.69
3.29
0.93
0.59
2.07
0.58
1.54
4.3
4.89
3.22
3.54
3.08
0.44
3.98
2.01
2.86
4.49
0.56
2.66
3.87
0.98
2.49
3.16
3.52
3.13
4.61
4.56
2.15
2.87
0.58
2.9
2.58
0.59
4.48
3.29
4.06
3.15
0.4
0.61
3.56
4.03
4.78
0.4
4.85
2.29
4.63
1.96
1.12
2.85
4.49
4.92
0.49
4.36
3.79
0.71
3.36
4.76
0.36
3.49
4
0.59
2.32
0.85
0.74
0.91
0.58
4.55
4.12
2.19
2.95
0.6
4.64
0.79
0.63
3.46
3.24
3.62
0.97
1.51
4.13
2.64
4.93
0.18
4.85
0.18
2.4
0.97
4.35
2.31
4.26
1.7
3.79
3.38
1.78
3.04
3.25
3.6
1.15
3.88
2.16
2.3
2.82
0.24
3.92
1.8
3.64
4.43
2.89
2.32
4.65
0.61
2.18
3.06
4.45
0.88
1.03
4.5
1.45
4.25
2.78
0.78
0.9
0.56
3.25
3.57
2.46
0.17
2.34
1.74
4.09
4.65
1.06
4.68
3.07
3.61
1.88
1.89
4.97
4.87
0.04
1.04
3.41
2.81
2.55
4.02
1.83
0.18
4.59
1.73
0.66
3.38
0.38
0.58
3.31
4.85
2.98
4.28
4.17
1.24
2.26
1.01
1.48
2.91
3.99
4.49
3.38
1.48
0.7
3.41
2.75
2.3
2.07
4.62
0.43
1.38
2.95
2.35
2.33
1.33
4.65
3.14
3.76
1.19
4.98
4.92
0.25
1.15
1.27
1.89
0.31
0.34
4.33
2.44
0.28
0.95
4.79
0.07
4.64
1.31
2.5
4.36
0.36
0.49
4.11
2.46
2.47
3.04
2.22
0.52
1.78
4.3
4.1
2.77
0.16
3.89
0.65
3.35
3.86
0.52
3.92
0.7
2.55
4.46
1.89
4.47
4.97
2.35
2.34
3.92
4.13
3.55
4.96
2.62
0.23
2.43
3.42
4.42
1.56
2.2
4.87
2.93
1.95
4.85
1.43
2.48
0.65
0.77
3.82
0.21
1.25
3.54
4.04
4.97
3.99
1.64
3.01
3.29
4.54
2.4
2.43
0.53
4.15
2.1
1.54
4.4
0.03
4.87
3.87
3.26
3.42
4.51
4.1
0.91
3.82
2.71
3.05
2.91
3.35
2.83
2.54
1.89
2.82
3.94
3.2
2.88
0.8
2.6
1.76
0.28
2.08
4.66
0.65
1.74
1.02
0.09
2.17
0.74
0.15
0.8
1.21
3.24
2.86
2.81
4.36
1.11
2.43
0.16
4.7
2.98
1.3
2.17
1.34
0.13
0.79
4.43
3.65
3.05
2.34
1.21
0.08
3.31
2.7
0.8
2.27
0.44
3.64
4.26
1.88
2.4
1.28
1.21
4.6
4.87
0.06
4.2
3.37
0.85
1.45
0.93
2.22
1.47
3.72
4.28
3.98
0.29
0.19
2.97
1.63
4.32
1.25
1.93
1.87
1.16
3.98
0.53
2.79
3.86
2.14
4.76
2.81
2.23
1.63
3.19
3.09
4.2
4.48
1.67
4.46
0.51
4.18
1.19
0.84
2.9
2.4
1.77
2.76
1.34
1.5
1.17
1.73
0.76
1.99
1.56
0.1
2.76
3.6
1.67
3.97
1.9
2.13
1.17
0.06
2.19
4.92
0.84
3.18
4.68
0.49
3.72
3.81
2.01
1.85
2.36
1.75
1.45
4.64
4.82
1.74
3.09
1.54
1.79
2
0.19
0.57
3.45
1.15
3.77
1.45
1.2
3.83
1.23
5
2.95
3.67
2.91
1.27
4.74
3.64
3.51
2.22
2.75
4.08
3.34
3.61
1.65
4.64
0.49
0.66
2.26
0.33
1.39
0.2
2.78
3.02
0.38
4.74
0.62
2.42
3.16
4.39
3.47
1.73
1.37
2.57
4.25
3.06
4.34
1.1
5
0.31
0.77
1.36
4.83
0.64
0.01
0.47
2.94
1.34
0.01
2.94
2.17
2.41
1.12
1.98
3.34
0.5
1.43
4.68
3.62
4.89
0.56
4.12
1.12
5
4.06
2.41
2.29
3.5
0.16
0.25
0.36
4.2
3.89
0.78
3.3
2.82
0.13
1.6
4.08
4.66
1.58
0.78
4.23
0.56
1.16
1.21
0.1
4.3
4.1
4.77
0.74
0.7
0.61
0.41
1.19
2.82
0.13
0.73
1.42
4.23
3.82
3.65
1.04
1.65
3.35
1.89
4.54
3.74
1.45
0.33
3.27
2.66
0.52
1.34
3.21
4.85
0.35
3.55
0.11
2.67
1.72
2.3
0.52
1.37
2.45
1.96
3.32
3.32
1.75
3.21
2.59
0.64
4.5
3.67
1.08
4.08
3.93
4.71
4.2
2.91
2.32
0.6
1.61
3.48
2.04
0.51
3.65
0.64
1.35
3.42
1.43
0.44
0.89
0.31
4.06
4.68
1.35
4.39
3.98
3.94
2.98
3.7
3.22
4.47
3.58
4.19
1.24
0.37
1.04
0.88
1.08
1.83
4.84
2.35
4.59
1.34
1.22
1.71
0.21
3.22
3.34
4.34
2.37
0.78
3.4
1.5
0.44
2.31
0.25
3.17
0.29
2.52
0.87
4.07
4.03
4.57
0.47
1.23
1.87
2.83
3.5
1.78
2.31
1.5
0.13
0.73
3.17
3.34
2.39
1.13
1.85
3.39
1.67
3.19
3.28
3.65
2.38
0.03
4.29
2.73
4.01
3.51
1.5
3.62
3.31
3.11
1.27
0.63
4.55
4.4
3.6
1.48
4.6
0.86
4.4
4.7
3.59
4.4
4.46
1.97
2.06
0.13
0.3
3.85
4.21
4.05
0.41
2.38
0.59
1.02
1.89
3.98
0.64
1.27
2.75
4.82
2.74
0.11
2.33
2.16
3.98
2.81
2.75
4.33
0.32
4.8
3.89
2.14
2.36
2.9
1.7
2.9
1.44
4.22
3.26
3.16
2.5
2.9
1.81
3.62
3.78
4.27
1.25
3.45
0.67
3.34
2.17
4.82
3.25
0.99
3.03
0.77
0.85
4.09
0.41
2.73
3.41
3.89
1.06
2.65
3.62
4.13
2.33
2.19
1.84
1.96
3.28
1.21
0.84
4.47
2.84
1.25
3.37
4.88
3.24
2.17
3.52
0.24
3.65
4.9
4.08
0.27
4.75
3.48
2.12
3.4
4.15
0.81
1.91
2.16
4.15
3.08
1.98
2.03
0.61
4.09
4.22
2.53
0.2
4.43
4.21
3.71
1.84
1.19
1.87
3.44
3.96
3.1
4.24
4.8
3.02
5
1.07
3.13
3.16
0.68
0.65
1.6
2.08
1.49
3
4.45
2.86
4.07
3.94
2.78
2.1
3.09
3.91
3.65
3.83
1.8
4.79
0.76
1.27
3.05
1.95
3.05
1.43
1.89
2.02
4.8
1.15
3.36
2.84
3.93
0.05
4.77
2.71
4.56
0.9
4.28
1.2
0.42
3.49
3.33
0.5
2.94
1.44
3.65
3.82
3.31
1.69
4.22
0.94
1.6
2.07
0.47
1.3
0.56
0.74
2.52
3.36
0.46
2.16
2.48
2.64
3.95
1.98
2.09
1.38
3.28
0.11
1.82
4.78
4.06
3.93
2.34
1.65
3.01
3.1
2.66
0.41
0.52
5
1
0.65
3.64
1.16
1.91
4.9
1.03
2.31
3.21
1.69
0.5
2.82
3.9
1.93
3.95
2.44
2.2
0.77
4.88
3.57
2.45
2.51
4.66
3.78
