0.29
2.59
1.24
1.97
4.22
1.69
2.43
2.06
2.68
3.85
4.58
3.95
4.8
1.95
2.55
4.81
0.74
1.22
4.49
4.02
1.45
3.13
3.81
3.78
3.77
1.01
3.31
1.34
1.93
0.59
1.24
4.98
3.9
4.26
4.94
0.85
2.95
1.7
2.57
1.28
4.16
0.62
3.13
4.19
1.13
4.83
0.87
1.29
0.72
0.4
1.31
1.61
0.29
1.16
3.23
3.03
0.59
4.19
2.23
3.39
0.41
1.85
2.36
1.97
0.47
3.84
3.37
0.88
2.68
0.46
1.72
4.88
4.58
0.79
1.73
3.53
1.26
0.26
0.38
2.98
1.33
0.98
1
4.3
4.79
2.1
4.78
4.86
3.72
3.27
3.01
2.14
1.41
1.95
1.84
0.64
4.42
4.71
4.32
3.53
0.53
2.76
3.71
2.66
4.79
3.12
1.14
3.42
0.8
2.45
1.26
1.16
1.41
0.05
0.6
0.95
4.72
4.78
0.06
2.59
2.25
4.97
3.52
3.44
4.83
3.91
1.44
3.54
0.63
4.79
4.03
2.78
0.1
0.87
2.6
1
1.75
0.4
0.23
3.52
4.88
3.94
1.94
2.21
4.32
4.24
0.94
3.28
4.11
1.71
4.32
1.93
4.17
0.18
0.3
3.79
4.87
4.94
1.89
3.79
3.6
2.35
0.23
1.38
0.52
1.92
3.21
0.69
2.86
1.38
4.37
2.85
2.57
3.48
0.33
2.92
0.15
2.23
0.31
0.6
4.88
1.4
1.22
2.52
1.63
2.69
3.86
3.57
1.17
3.38
3.32
2.29
2.77
1.8
0.36
2.22
3.92
4.22
4.42
1.77
2.6
3.59
3.5
1
0.68
1.69
3.86
0.68
4.65
0.47
4.28
2.39
1.24
1.35
3.06
4.12
0.1
3.55
2.17
1.59
3.39
5
2.25
1.44
1.44
4.36
4.87
2.71
2.4
3.91
4.94
2.59
0.28
0.99
4.69
4.34
0.48
4.84
1.82
0.07
1.52
4.3
1.78
2.44
4.11
0.32
2.03
4.63
3.23
3.42
1.24
4.04
2.12
1.11
4.47
1.31
1.31
3.99
1.98
0.05
4.76
1.05
0.85
0.99
0.62
3.2
1.11
3.04
3.89
0.6
1.33
3.88
2.66
1.01
4.7
4.1
0.79
0.2
0.41
1.4
1.74
2.55
1.4
3.94
3.37
3.17
1.92
0.97
0.93
2.42
3.3
4.73
3.22
1.81
3.73
1.72
0.37
1.6
1.83
2.97
3.21
3.12
3.58
4.66
0.02
3.57
0.62
0.4
4.54
2.54
0.42
2.11
2.92
0.28
1.23
4.35
3.44
0.06
3.96
0.28
2.49
4.71
1.39
3.61
2.73
4.68
0.39
3.69
1.15
0.09
1.95
4.13
2.83
0.09
1.38
0.41
2.73
2.18
0.56
4.42
1.51
2.42
3.92
0.91
4.13
1.75
0.09
3.58
1.88
0.96
2.46
1.98
4.54
0.3
3.36
0.64
0.89
3.83
0.81
2.17
4.64
4.05
3.31
2.43
0.85
1.71
0.91
3.86
1.06
3.88
1.77
5
3.57
1.65
2.08
4.46
3.17
2.34
2.2
0.78
0.2
0.43
0.2
4.1
3.37
2.96
3.97
2.36
1.28
0.74
0.04
2.12
3.16
2.84
4.22
4.06
2.35
1.23
4.29
0.19
4.43
3.64
3.01
0.71
0.61
0.33
2.11
1.33
3.16
2.34
4.16
4.18
3.79
3.73
1.96
1.9
5
2.97
2.07
4.89
1.53
1.25
1.97
2.62
3.44
2.75
1.59
0.69
1.03
2.51
3.59
4.46
1.2
1.63
2.24
4.89
4.67
3.08
4.34
4.96
4.54
3.39
2.81
2.91
1
1.76
4.25
3.25
4.82
3.11
2.96
0.04
0.78
4.61
0.06
1.73
0.28
0.47
3.07
0.21
1.85
3.89
1.01
3.74
2.12
0.21
4.4
3.25
1.13
4.63
0.36
0.92
1
3.6
4.65
4.98
2.4
3.74
3.22
3.31
3.78
2.91
0.03
2.5
2.64
0.38
4.29
3.01
0.38
0.19
0.24
1.69
1.98
3.69
3.78
2.89
4.91
3.32
4.83
4.66
4.24
4.65
0.65
3.29
0.92
3.88
2.75
1.98
3.72
4.29
4.27
1.56
0.23
4.28
2.9
0.57
0.43
4.33
2.1
1.65
1.64
1.22
0.99
4.27
4.93
0.87
3.1
4.49
0.56
1.83
3.02
0.84
2.2
0.04
3.28
4.98
1.16
4.11
0.88
4.18
2.88
0.84
4.08
2.5
4.68
1.05
1.3
0.94
4
2.19
3.31
3.75
0.57
0.72
4.84
2.57
1.82
0.05
1.39
1.01
1.27
0.82
4.47
4.09
0.52
0.25
4.86
4.61
2.71
4.69
4.5
0.62
4.58
0.45
3.34
0.37
0.8
0.9
3.44
4.4
2.61
2.6
1.66
0.84
3.79
1.22
4.72
3.25
3.31
3.44
4.23
1.33
1.43
1.23
4.9
0.61
1.8
0.91
1.29
4.35
4.95
3.92
4.39
4.35
2.85
3.96
0.73
4.67
4.95
0.77
4.92
1.82
3.72
2.37
0.63
4.81
4.7
1.6
2.76
4.96
4.51
1.75
0.33
0.51
1.67
2.05
0.16
0.59
0.38
1.44
4.9
2.91
2.25
0.37
3.61
2.7
2.74
4.64
3.99
2.2
2.89
3.64
1.12
1.54
3.14
1.29
3.91
0.96
1.2
4.29
1.5
1.31
4.59
0.85
2.78
3.55
4.08
0.7
1.14
1.26
2.97
0.93
0.18
4.84
3.7
1.83
3.23
0.18
1.28
1.36
1.53
1.83
3.97
2.6
4.45
0.94
0.37
1.51
2.95
0.7
2.4
1.14
3.74
3.09
1.43
4.63
1.75
4.32
2.48
4.41
3.58
0.69
4.97
4.16
1.44
3.77
4.37
3.68
2.24
4.84
3.34
0.93
1.86
2.67
2.67
4.44
0.45
0.38
1.87
3.56
1.62
1.94
0.79
4.45
1.57
0.83
0.86
4.18
1.28
3.88
4.53
1.55
2.34
1.7
3.25
0.06
3.4
3.7
0.11
4.97
0.5
3.41
3.87
1.61
2.63
3.4
1.71
4.04
1.7
3.6
1.52
2.93
2.83
4.98
0.8
4.7
3.3
4.26
4.08
1.16
3.5
2.1
1.27
1.24
2.28
3.89
2.62
0.39
0.12
3.66
2.86
3.67
2.44
2.19
0.87
1.8
4.75
3.1
0.57
1.73
2.74
2.04
4.91
2.44
3.41
4.48
3.77
4.37
0.02
3.49
3.3
1.6
3.97
4.13
2.68
1.91
4.61
0.73
4.89
0.71
4.17
2.11
2.81
2
0.16
3.19
2.58
0.41
2.93
3.85
2.69
1.12
1.81
1.11
1.82
1.11
1.12
4.09
2.51
4.23
4.91
4.13
4.57
0.96
2.9
2.06
1.53
0.8
2.08
4.58
4.09
1.25
4.93
2.21
2.56
2.27
1.58
4.25
3.5
4.18
3.21
3.29
0.25
4.15
4.51
4.3
4.88
4.32
3.36
4.33
2.15
1.32
1.27
0.85
3.11
4.96
3.29
1.68
3.55
1.03
4.87
3.91
1.7
2.09
1.31
4.5
0.7
0.45
3.6
3.23
1.41
0.06
2.38
2.32
3.17
4.07
0.56
0.58
0.06
3.21
0.73
2.87
0.54
3.26
0.39
0.68
2.68
3.7
2.76
1.07
1.14
4.27
2.16
4.29
4.69
3.5
2.25
3.83
4.74
0.77
2.87
1.72
4.22
3.58
3.3
2.25
1.98
2.52
3.46
3.15
0.2
2.97
3.32
3.67
2.68
2.66
2.88
4.01
4.33
2.91
3.05
1.63
1.86
0.29
2.96
0.83
3.63
1.51
0.41
0.33
1.95
1.52
0.4
0.67
0.94
4.05
1.5
4.4
3.24
3.16
0.98
4.17
4.74
1.46
0.71
4.21
2.61
3.17
0.05
3.32
4.21
0.81
2.98
1.93
0.26
2.94
3.22
0.3
4.46
4.8
1.23
0.38
3.02
1.87
3.07
3.49
4.64
0.71
2.47
2.03
4.82
4.33
3.4
3.88
3.06
4.76
0.39
2.63
1.91
1.02
4.78
1.82
2.32
4.18
3.29
0.92
4.74
2.76
4.7
3.14
1.21
0.51
2.68
0.98
3.76
0.31
1.38
4.74
4.39
5
2.33
4.38
3.78
3.66
0.11
2.96
4.55
3.16
4.3
0.92
0.8
1.5
1.26
3.22
0.57
2.34
0.24
3.03
0.12
2.39
0.52
1.34
1.28
4.97
2.79
4.2
2.13
3.23
2.93
1.97
4.61
2.21
4.03
4.31
3.17
1.61
2.08
0.22
0.78
1.28
1.3
1.89
4.33
1.56
0.07
0.64
1.85
2.31
0.01
4.78
1.99
0.37
1.86
3.09
3.74
3.08
2.25
1.67
0.55
3.29
3.33
2.77
4.11
3.97
2.23
2.24
1.22
2.99
2.31
4.37
4.78
1.7
0.71
4.66
2.81
1.21
1.63
2.47
1.37
0.09
2.31
1.49
3.53
1.8
1.37
0.62
4.07
2.38
0.8
2.12
1.33
2.97
3.47
3.42
0.49
1.59
4.5
3.04
2.76
3.4
4.4
0.05
0.92
1.5
1.04
3.76
2.75
0.74
4.28
4.42
1.11
1.86
4.35
1.26
3.7
1.67
2.43
1.09
0.15
0.39
2.07
2.98
0.47
1
0.11
0.47
1.42
4.08
0.01
4.94
0.52
4.21
3.92
2.24
4.6
3.75
2.03
1.45
4.26
3.65
3.06
0.1
2
4.43
3.9
0.96
2.75
1
2.36
3.84
1.75
0.72
2.16
3.75
1.67
3.61
3.58
1.17
0.9
0.86
3.46
2.66
3.4
2.11
0.51
0.07
4.22
1.09
1.64
1.17
2.65
0.64
3.51
3.97
3.75
0.97
4.7
4.53
1.31
2.32
1.97
4.39
1.08
4.03
3.65
3.77
1.73
3.12
4.86
0.96
1.54
0.69
3.76
0.03
0.91
1.05
1.79
2.41
4.93
3.66
2.76
0.01
1.56
0.63
0.48
2.2
3.99
1.12
1.43
2.92
1.41
3.51
0.56
4.49
3.86
4.58
3.86
4.07
3.01
2.02
3.01
2.2
3.42
1.83
4.8
0.07
2.08
2.83
2.93
2.56
0.28
1.86
3.11
3.83
4.96
0.34
3.78
4.12
0.15
1.74
0.73
4.87
2.72
0.09
1.1
2.92
2.88
1.41
4.6
2.37
2.36
3.64
2.75
1.24
1.55
1.03
1.6
4.24
1.89
3.62
1.02
0.74
3.58
4.84
0.95
4.17
4.88
3.1
2.2
4.79
0.29
0.99
2.06
0.2
1.97
2.6
2.63
2.31
1.07
2.64
4.83
2.82
3.67
0.17
2.29
4.14
3.44
2.13
2.44
1.5
4.01
3.76
2.15
3.02
2.25
2.92
1.54
0.23
2.75
3.35
2.95
2.47
1.03
4.83
0.26
0.76
2.36
2.95
0.59
3.99
4.68
3.86
0.42
3.48
3.27
1.23
3.76
1.74
3.73
3.44
2.15
0.76
3.9
3.7
2.24
2.95
3.07
3.58
3
4.69
3.58
1.03
1.68
4.23
4.3
1.78
4.17
0.66
1.34
0.25
0.44
1.13
4.14
1.6
2.13
3.22
1.77
0.11
0.88
2.91
1.22
1.15
1.44
2.88
1.98
4.95
0.81
1.75
0.7
1.02
3.01
4.75
4.58
2.92
0.2
2.16
3.52
3.95
2.45
0.77
1.68
4.12
0.15
4.82
0.05
2.31
4.26
4.42
1.8
4.77
2.76
3.29
3.12
2.71
1.59
3.13
3.25
4.95
4.04
2.42
3.52
3.12
0.6
3.17
1.08
2.89
4.14
3.82
1.17
4.96
1.66
4.2
4.7
0.87
0.65
3.2
0.92
2.01
3.53
0.97
3.59
4.1
4.61
4.74
1.51
3.19
2.69
3.11
2.69
3.35
4.4
1.88
0.46
0.53
0.9
0.72
2.08
1.36
0.4
3.96
2.56
2.53
4.64
1.5
3.2
4.92
4.98
3.92
1.42
3.53
0.82
2.62
0.63
0.71
2.48
0.57
3.69
4.48
0.26
2.42
0.28
2.97
0.93
4.86
3.98
0.14
0.69
4.43
1.63
2.72
4.21
0.67
4.47
1.15
0.11
3.46
4.78
3.5
4.25
0.64
4.62
4.88
0.06
2.87
2.21
2.2
4.33
1.56
0.38
0.96
4.9
2.93
0.04
0.83
3.55
0.36
2.68
3.85
4.94
3.57
0.96
1.42
2.82
4.89
3.62
1.25
4.86
0.57
0.62
1.47
4.86
1.19
4.84
4.26
2.54
1.76
2.87
2.3
4.37
3.47
4.25
3.2
3.34
0.99
4.38
3.15
3.67
1.43
3.15
0.8
0.77
1.35
0.09
2.38
0.88
4.25
0.15
4.82
3.97
4.73
1.6
3.04
1.8
4.61
1.82
1.55
0.89
3.92
2.2
3.92
2.77
3.61
4.88
5
0.55
4.76
4.51
0.35
2.19
0.17
0.75
3.27
3.67
2.22
2.51
1.87
4.47
3.12
5
1.23
4.24
2.4
4.32
1.68
0.92
3.53
3.15
2.39
3.92
4.98
1.2
3.45
2.81
3.83
3.35
0.54
3.43
4.96
4.35
2.22
3.5
4.63
0.33
1.77
2.69
4.67
3.56
1.76
1.75
0.78
1.55
3.11
3.56
1.14
1.58
1.63
1.58
4.29
3.79
4.67
4.48
1
0.42
2.54
2.55
0.98
4.55
3.66
1.95
4.81
4.97
0.62
1.56
0.12
4.78
4.87
1.3
4.76
2.22
3.67
4.47
1.9
4.98
1.12
1.16
2.94
2.47
1.05
1.74
3.48
2.63
2.41
3.59
2.13
3.42
4.89
3.69
3.01
0.19
2.74
4.92
3.34
1.55
4.08
4.01
1.46
1.89
4.09
0.21
3.03
3.6
4.04
1.83
0.15
3.23
3
1.15
3.55
2.28
4.93
4.97
1.77
2.09
0.71
1.79
4.03
3.24
4.77
4.23
4.86
4.42
1.93
1.22
2.59
0.76
4.29
2.05
0.81
0.21
0.83
0.37
1.51
1.64
2.77
1.03
3.79
3.71
2.65
0.61
0.01
1.53
3.3
3.93
0.7
1.75
4.46
0.3
3.92
1.29
4.14
3.66
0.72
2.53
4.21
1.79
0.67
2.75
4.95
0.09
2.38
4.44
2.67
1.81
0.67
1.21
4.53
3.34
2.81
3.93
3.8
1.07
1.71
0.91
1.6
3.85
4.23
1.88
1.79
2.11
0.78
0.68
0.07
4.67
1.86
3.1
4.93
1.76
1.18
1.9
4.05
2.07
0.84
3.67
3.48
3.62
4.96
0.28
0.55
4.6
2.75
1.17
3.69
4.93
2.88
0.05
0.42
0.29
0.48
2.6
3.84
2.91
4.21
0.24
1.42
2.31
2.42
3.91
2.37
3.84
2.69
3.06
2.03
2.55
3.76
4.01
3.92
3.22
1.89
4.86
4.44
0.28
0.32
0.03
2.22
2.64
3.92
3.77
4.8
2.31
4.81
2.83
3.51
1.86
0.89
3.23
1
3.79
1.21
0.96
0.2
0.9
4.56
2.56
4.07
3.13
0.65
2.75
1.69
3.33
3.71
4.24
0.56
4.77
4.63
1.49
0.06
1.51
2.13
2.72
1.95
1.93
2.42
1.1
1.34
2.22
3.44
2.47
4.18
1.18
2.75
4.82
3.27
0.21
1.85
4.81
0.7
1.18
0.81
2.87
1.52
1.74
1.73
0.03
3.42
2.18
3.45
3.66
0.98
0.18
4.96
0.05
0.72
3.15
2.5
0.71
4.48
4.93
2.53
3.71
2.25
0.47
3.28
4.11
4.73
0.9
1.67
3.35
2.1
1.32
4
3.7
2.71
3.58
0.42
1.46
4.24
2.74
4.4
0.95
4.32
0.82
0.02
1.21
0.52
1.02
0.62
2.49
0.66
1.18
3.34
3.51
3.48
1.53
2.43
0.12
2.81
1.16
0.45
3.63
1.75
4.22
4.86
0.04
2.84
0.61
0.93
2.09
4.17
2.6
1.21
2.14
4.08
4.36
4.98
1.4
4.23
2.76
3.58
0.9
3.33
2.49
3.37
1.12
4.77
2.79
4.26
4.52
4.25
4.11
1.17
1.73
1.65
3.68
1.64
4.5
0.63
1.85
1.72
0.98
1.79
4.92
4.08
4.88
3.48
2.81
2.82
2.09
2.76
3.06
1.78
0.2
2.29
4.05
3.84
2.08
2.8
3.56
1.61
2.8
3.48
2.08
0.85
1.02
1.07
4.1
1.45
0.31
4.02
1.18
3.72
4.36
1.51
1.74
0.6
0.9
2.9
4.38
4.6
1.09
2.28
1.07
4.55
3.36
4.2
0.33
0.31
3.46
3.13
4.9
1.91
1.01
2.97
1.15
4.07
3.17
4.57
3.57
1.49
0.15
0.32
0.22
2.1
2.63
1.03
1.92
1.22
0.63
3.35
4.51
0.76
4.63
3.15
2.81
2.19
0.08
1.71
0.99
0.88
3.11
4.07
0.49
2.33
2.1
2.51
0.1
4.67
3.68
4.51
4.39
3.81
4.51
1.53
4.85
1.43
3.38
2.6
4.88
4.86
0.45
2.66
3.44
1.93
1.26
0.99
3.54
4.74
2.17
3.49
0.87
4.44
2.77
3.03
4.1
1.46
0.3
0.56
3.67
4.78
2
3.77
2.35
0.09
0.53
4.77
4.64
4.78
0.64
2.94
0.11
1.2
0.76
0.7
0.84
3.61
1.87
1.4
1.36
0.04
3.57
2.08
0.9
0.38
1.68
1.04
4.18
3.59
0.51
1.5
2.4
1.74
4.99
2.69
0.5
1.61
2.31
2.18
0.59
1.86
1.36
0.26
1.33
0.92
0.99
1.22
1.46
1.39
1.37
1.24
3.25
0.16
4.36
0.32
2.66
1.62
2.67
2.45
0.89
0.48
3.56
2.91
4.87
2.23
1.53
1.69
3.72
2.21
2.25
1.28
1.49
2.74
1.02
2.48
4.9
2.69
3.29
3.31
0.19
4.8
0.74
4.34
0.96
0.11
0.78
1.77
0.65
4.79
2.74
4.59
1.9
0.52
1.61
1.09
4.46
3.24
4.41
1.71
2.51
3.36
0.83
4.29
1.41
4.88
4.51
2.05
1.34
2.34
3.38
2.44
0.08
0.77
3.65
0.38
2.03
1.41
4.4
2.93
4.78
2.15
1.7
1.67
1.44
2.43
0.58
4.52
1.43
4.04
2.36
1.2
4.75
1.63
4.04
1.07
2.47
1.65
2.82
5
2.96
3.67
2.56
0.03
2.32
3.19
0.66
2.38
2.99
1.28
2.65
0.25
2.66
2.52
2.1
0.32
4.79
3.48
0.51
1.93
3.16
2.35
2.17
1.51
2.21
0.96
2.69
4.69
4.76
2.15
0.59
2.31
4.18
2.51
4.75
0.78
3
3.74
0.52
4.91
3.39
2.95
3.3
1.94
2.46
3.21
3.98
2.51
0.68
3.95
0.03
4.89
3.07
1.29
1.82
4.81
0.36
0.87
2.14
0.39
4.85
3.38
1.64
4.04
2.43
2.85
3.23
0.28
4.9
3.3
1.59
2.89
4.66
1.8
1.98
0.11
0.82
3.36
4.78
4.46
3.09
0.63
1.91
4.17
0.26
1.73
0.28
0.37
4.48
0.71
1.34
4.55
1.12
3.36
0.7
3.96
3.72
2.06
4.09
2.72
0.33
3.74
3.79
4.25
4.16
1.27
3.84
2.14
1.93
1.81
3.83
3.9
4.51
4.3
0.73
3.92
3.13
2.23
1.75
4.37
0.65
0.26
3.49
0.2
3.4
0.11
2.65
2.29
3.33
3.16
1.91
4.71
0.24
3.06
4.22
1.94
1.56
0.3
2.2
0.4
4.99
3.81
3.2
1.1
3.66
4.43
0.77
1.03
4.07
1.5
2.67
2.79
3.66
4.9
3.58
3.93
2.1
4.12
2.86
0.07
3.59
4.31
2.72
2.94
4.37
2.81
2.51
2.99
0.41
0.67
4.84
4.94
3.14
4.11
0.87
2.69
4.23
0.12
4.73
1.76
4.29
1.72
1.92
3.94
3.58
1.13
3.77
2.33
2.6
2.01
1.25
3.58
1.84
2.97
0.44
2.23
3.28
4.22
3.73
1.91
2.5
4.56
0.31
3.55
4.04
2.51
2.48
0.54
3.16
2.72
0.47
1.21
1.67
4.19
2.47
2.5
2.94
4.7
1.07
2.9
1.53
1.06
3.83
2.66
1.75
3.37
1.19
1.56
3.89
1.83
3.35
4.69
3.98
1.71
0.78
4.09
4.97
0.07
3.39
1.43
1.48
3.44
2.96
1.12
2.05
4.63
3.72
1.55
3.8
2.39
0.55
1.38
2.19
1.75
2.75
2.19
0.69
3.1
4.97
2.41
4.02
1.77
3.93
0.54
2.64
3.28
3.72
0.4
4.43
4.78
4.95
0.03
1.27
1.38
1.02
3.42
0.29
2.86
4.3
0.13
1.82
1.65
4.75
4.79
0.04
2.93
0.88
1.31
4.63
2.82
3.41
1.55
2.6
1.57
0.73
0.55
0.26
4.05
2.88
4.76
0.34
0.83
1.96
4.51
3.06
0.4
1.29
1.43
2.21
3.4
4.78
4.15
2.25
4.54
