0.12
4.39
4.28
0.36
3.64
0.28
4.92
0.37
3.03
2.68
3.77
4.73
2.52
1.07
1.21
4.08
1.62
4.23
4.71
1.23
1.39
0.33
3.86
0.34
1.6
1.87
1.44
3.92
2.09
1.12
0.05
3.63
3.3
3.66
3.57
4.42
0.09
2.96
1.52
2.85
1.3
4.13
2.94
2.1
3.26
2.57
3.56
4.2
1.74
2.32
1.01
2.85
4.88
2.02
1.18
1.59
1.01
0.73
2.85
2.59
0.18
4.65
4.08
1.28
0.93
2.37
2.55
1.76
4.22
3.52
4.92
4.59
4.62
2.59
4.22
4.89
2.84
2.41
0.65
0.38
4.57
3.25
3.88
0.95
1.79
0.36
3.59
0.77
0.01
1.66
1.64
0.56
3.19
0.07
4.94
0.34
3.2
0.52
0.48
2.09
4.81
3.91
3.14
3.37
0.17
2.81
1.7
3.82
3.47
2.73
0.38
2.18
2.73
0.24
4.81
3.35
1.84
2.72
4.53
2.66
0.74
3.28
2.83
3.5
1.6
3.84
4.81
3.48
1.3
2.97
2.71
3.35
3.38
4.03
3.56
5
3.87
4.33
3.71
1.31
3.38
0.24
2.76
4.75
4.79
2.23
1.26
2.59
3.03
4
4.09
4.85
1.87
3.6
0.44
4.03
1.01
0.4
0.44
0.93
1.07
3.4
1.84
1.99
2.51
1.05
3.64
0.41
4.66
3.12
3.3
2.46
4.35
1.42
0.3
0.27
0.46
0.55
2.61
2.48
3.11
0.75
1.51
2.04
1.05
1.85
4.32
1.7
0.47
2.96
2.19
2.43
4.19
3.29
0.51
0.83
2.05
0.31
2.53
1.08
0.09
0.88
4.84
4.24
2.74
0.26
3.84
3.04
1.97
3.54
1.75
4.63
4.01
0.61
2.38
2.4
3.35
1.89
1.53
1.15
1.52
2.28
0.71
4
3.68
4.93
1.11
0.44
4.26
3.29
1.75
2.04
4.29
1.08
2.88
1.36
3.17
3.69
1.34
2.21
0.79
3.03
3.88
0.5
2.9
0.21
3.26
1.11
3.2
3.37
3.16
2.93
1.81
4.11
2.33
3.49
2.97
2.25
4.23
0.98
2.31
4.21
3.47
0.29
4
3.53
1.24
0.59
0.49
2.64
0.07
3.2
4.75
1.93
4.37
2.49
2.42
3.57
2.43
3.52
0.33
2.27
1.85
4.43
1.64
4.85
4.2
1.96
4.63
0.02
2.55
2
4.91
2.68
4.26
1.82
1.05
4.5
0.3
4.53
3.32
1.33
4.95
4.88
1.55
4.15
2.98
0.32
2.89
1.66
1.82
1.31
3.07
4.23
4.89
1.42
1.89
4.55
4.68
1.76
2.39
1.39
2.38
0.99
3.53
2.7
2.44
0.23
1.4
4.69
0.5
2.61
4.97
0.57
3.11
4.17
2.13
0.39
1.44
3.35
3.96
2.97
0.64
1.47
4.63
4.87
2.21
2.49
2.62
2.83
4.37
2.97
4.62
2.15
3.18
1.4
3.6
3.25
1.48
0.37
0.05
3.23
3.7
1.85
4.57
4.35
2.77
0.15
3.41
4.93
0.7
1.48
2.33
3.04
0.15
4.38
1.31
2.08
2.04
4.92
3.59
1.99
3.62
0.34
4.96
1.29
0.13
3.39
0.61
2.67
0.85
1.98
2.83
4.13
4.64
0.07
2.49
4.94
0.03
4.36
3.4
1.73
2.63
0.57
0.38
3.22
3.91
2.08
4.49
2.17
4.09
4.31
2.37
4.24
0.99
2.49
3.54
2.14
3.82
0.79
4.16
0.31
3.35
1.39
4.63
4.94
2.2
3.86
0.69
3.88
0.74
0.13
3.29
1.53
1.8
3.46
0.23
0.36
2.18
4.27
3.71
0.23
3.48
0.25
0.95
3.44
3.92
4.59
0.23
1.97
2.07
4.81
0.58
2.09
0.81
0.29
3.97
3.88
1.18
1.52
2.58
3.55
4.15
0.18
1.11
4.96
3.8
4.37
3.63
0.11
3.75
3.79
3.4
1.23
3.5
2.25
1.83
2
2.32
1.73
1.79
2.28
0.41
3.7
3.35
2.59
4.36
3.98
2.85
2.73
0.54
0.21
4.41
2.79
4.64
4.41
1.35
1.24
3.73
1.41
3.85
4.8
4.82
3.58
3.98
4.13
1.9
0.11
1.72
0.33
3.74
1.47
2.82
2.75
2.47
2.63
1.58
3.49
0.28
3.42
2
2.24
0.48
2.77
0.21
1.48
1.72
2.88
4.72
4.54
0.33
1.97
0.71
1.79
2.93
1.64
3.3
1.7
0.01
0.49
2.05
3.52
0.2
4.93
1.09
4.34
1.43
2.36
4.09
3.01
2.55
0.52
4.2
4.68
2.89
2
0.28
1.47
1.54
3.87
4.77
1.61
4.9
2.56
0.8
2.73
3.44
1.83
2.13
3.14
2.85
3.41
0.74
1.89
1.49
4
1.1
0.8
1.32
4.82
3.19
1.72
3.59
3.67
4.8
3.09
2.86
4.57
4.9
3.27
0.99
0.04
0.93
0.6
1.15
2.82
0.76
1.47
0.48
1.26
1.36
0.66
2.25
1.27
3.17
0.41
3.44
4.98
4.75
3.28
0.24
4.91
4.9
4.23
3.48
2.95
3.66
0.92
3.18
2.34
4.26
4.66
1.92
1.81
3.72
0.8
4.44
3.04
0.83
2.64
1.02
4.67
4.2
3.34
4.94
4.22
4.62
2.22
2.17
3.62
4.7
2.23
1.94
1.31
3.91
4.23
2.21
4.99
2.73
1.77
2.47
0.14
3.58
3.95
2.87
3.34
4.35
1.05
0.11
1.17
4.47
0.9
0.79
3.37
3.39
1.05
4.5
2.5
1.2
2.13
4.71
0.67
0.66
3.96
1.13
4.55
1.5
3.11
4.67
2.45
1.79
3.22
4.79
1.38
4.5
4.91
2.02
4.15
0.03
4.35
4.57
3.04
1.59
2.5
3.46
2.82
3.08
1.55
2.57
1.22
1.69
0.81
0.57
0.19
1.75
2.81
2.24
4.05
2.4
0.84
3.2
1.82
4.03
3.27
4.16
4.14
2.92
2.25
0.46
0.16
1.73
1.68
2.34
3.68
4.32
3.45
2.76
1.66
3.65
3.33
4.86
0.32
0.64
3.54
1.76
0.19
4.65
3.17
4.17
0.11
3.75
1.64
3.88
2.25
1.77
3.87
0.18
2.98
2.56
3.87
0.21
0.45
2.13
2.48
4.91
1.78
4.11
3.6
3.94
1.1
3.6
2.3
2.89
0.92
3.62
0.57
3.5
1.26
3.9
2.53
4.98
4.19
1.63
4.71
1.39
4.73
0.62
3.5
4.3
1.51
4.94
2.22
3.29
3.75
4.59
3.93
3.45
2.87
0.71
2.37
3.17
0.24
1.41
2.49
0.59
1.68
1.95
0.4
0.73
4.55
1.8
2.09
3.55
2.53
3.14
4.74
4.05
4.85
2.6
0.17
4.52
0.66
3.93
2.45
2.37
4.44
1.47
2.3
3.7
2.09
4.8
3.58
2.46
1.58
0.6
1.18
0.13
4.59
2.29
4.13
4.58
1.5
0.28
0.21
2.58
0.3
4.37
2.15
4.29
3.11
2.2
0.69
0.1
1.81
4.44
1.72
3.56
1.12
1.27
4.92
2.45
1.76
2.45
3.31
3.03
4.83
0.82
1.36
1.71
4.65
0.83
0.12
0.18
0.13
4.69
2.66
2.45
4.57
4.38
3.38
1.96
3.91
3.56
2.25
0.7
3.47
2.36
1.76
3.96
3.15
0.15
3.78
2.37
2.39
4.27
3.5
4.54
1.22
4.9
3.47
3.77
4.21
2.16
4.66
3.85
3.05
4.56
4.26
4.43
3.15
3.53
1.05
4.04
3.22
4.16
0.94
4.97
4.62
4.4
4.9
0.36
1.86
3.16
4.29
4.28
2.08
2.4
4.94
1.85
1.24
4.62
4.8
3.21
1.37
4.8
1.3
4.91
0.95
1.27
2.2
4.04
3.84
3.89
2.72
3.27
1.15
1.62
4.19
1.3
0.04
1.52
4.31
2.42
0.5
1.26
2.37
2.78
4
3.66
1.51
4.89
1.66
2.32
3.16
0.06
3.45
2.02
4.4
0.55
0.77
2.39
2.63
3.84
3.13
1.95
0.02
3.36
1
2.38
4.34
0.07
2.84
1.99
2.39
4.9
2.97
0.13
0.57
0.69
3.08
4.56
3.71
0.26
2.86
0.09
1.19
3.51
1.11
1.24
2.67
4.23
1.61
4.05
2.65
3.37
2.75
4.5
4.95
3.38
4.34
1.64
1.63
4.24
4.22
1.65
2.41
2.88
0.13
2.24
1.9
3.39
2.07
3.94
2.25
1.64
0.75
1.82
4.61
3.07
0.89
2.83
2.94
3.22
1.27
1.13
1.62
3.88
0.07
2.1
2.66
1.97
1.3
2.95
0.17
4.1
0.17
3.99
0.43
0.94
4.23
1.78
3.16
1.61
1.85
1.14
2.71
0.67
3.58
4.42
2.49
3.63
4.99
3.31
2.22
0.09
2
2.92
0.21
0.14
1.65
1.63
4.15
0.44
3.65
2.82
1.43
2.4
0.67
1.35
2.86
3.64
4.78
2.28
1.16
3.26
3.44
4.71
4.06
0.08
2.07
1.99
4.18
1.26
1.04
4.83
1.3
1.49
2.62
0.34
2.36
3.63
0.53
1.56
2.77
2.57
4.38
3.67
2.67
3.17
1.47
2.16
2.39
1.81
3.56
2.85
3.45
3.17
3.05
1.18
0.9
2.42
1.23
1.08
2.52
2.57
0.44
4.82
2.22
0.43
0.48
1.96
3.75
0.41
2.12
5
3.48
2.25
1.12
2.64
1.6
1.89
3.22
4.99
0.27
4.74
4.67
3.32
2.01
0.1
1
3.18
1.48
2.79
1.49
1.33
2.81
0.56
0.12
1.31
3.49
2.58
2.93
2.25
2.13
0.47
4.77
4.68
4.8
0.15
0.08
1.35
1.24
3.57
1.31
0.1
4.04
1.33
4.94
1.45
1.19
1.46
4.82
0.56
4.91
4.88
2.56
2.19
0.17
3.43
0.51
0.43
4.43
1.58
1.14
2.89
4.29
3.51
2
0.8
0.84
1.97
2.57
1.6
3.36
2.06
4
0.35
1.86
1.18
0.32
4.3
2.78
1.28
4.82
0.84
4.44
4.47
2.73
2.96
0.43
1.21
4.33
2.49
3.82
3.44
4.41
1.81
3.58
2.82
1.47
1.89
4.24
4.81
4.82
1.83
2.16
3.05
4.09
0.65
0.67
0.94
4.72
3.86
3.3
1.2
0.33
4.27
2.96
0.13
2.78
0.89
4.82
0.38
0.05
3.55
3.98
3.47
2.88
4.17
0.78
4.48
4.33
3.81
3.96
4.33
1.75
4.5
1.32
2.14
2.27
0.83
3.35
3.73
0.05
4.27
0.35
4.3
2.09
3.6
1.55
1.61
3.23
4.11
0.37
2.44
2.91
3.88
2.62
2.67
0.91
1.05
2.29
3.46
2.58
3.09
1.17
3.26
1.12
1.66
2.44
4.1
2.44
2.37
0.01
1.81
1.57
0.71
1.55
2.74
4.36
3.14
0.92
0.88
2.99
0.98
4.56
1.11
2.69
2.11
0.68
2.74
3.54
0.91
3.01
2.87
3.25
4.03
0.31
1.46
0.52
2.39
4.56
0.6
3.16
4.99
3.14
4.68
1.93
2.4
0.93
3.7
2.67
0.08
3.1
4.3
0.65
0.61
2.09
4.85
1.76
1.09
3.01
0.62
2.33
3.63
1.06
2.88
3.23
1.82
4.75
1.03
3.18
3.38
4.33
0.2
2.42
0.75
4.3
1.22
1.44
4.17
1.51
2.75
4.79
0.41
4.04
2.76
0.29
2.47
4.33
3.92
3.59
0.93
2.97
0.58
4.31
3.34
4.13
2.62
4.77
5
4.64
1.81
1.96
2.13
0.78
2.38
0.21
2.43
2.63
3.84
4.03
3.14
4
3.72
3.4
0.45
4.78
2.02
0.3
1.74
1.41
0.51
2.03
1.47
2
3.43
3.08
4.81
4.32
0.76
0.91
4.02
3.9
3.62
0.29
1.6
1.71
1.61
0.07
1.76
0.92
0.27
4.27
3.52
0.19
3.79
2.96
4.54
3.11
0.97
4
1.09
4.42
4.76
1.22
0.91
4.58
1.27
1.79
1.78
3.05
3.73
0.32
1.07
1.95
2.41
0.86
0.98
0.99
2.28
2.54
1.42
2.46
0.58
4.93
1.16
0.37
0.29
3.64
4.95
1.12
3.84
2.33
3.34
2.76
3.16
4.51
1.86
2.28
1.67
2.85
4.98
3.43
1.55
3.45
0.75
4.87
3.09
0.84
2.54
4.2
4.94
4.93
0.41
4.23
3.24
1.7
3.93
4.14
3.4
1.97
4.93
4.09
3.39
1.05
1.12
1.12
3.51
0.56
4.26
0.79
2.15
3.93
3.44
1.17
3.58
1.04
4.15
3.04
0.8
4.98
0.66
2.26
4.77
1.16
4.82
4.97
1.02
2.66
2.24
1.22
0.12
0.46
2.46
0.72
0.84
0.38
4.07
1.95
4.13
4.56
1.68
1.77
2.89
2.97
0.52
2.83
3.46
3.63
4.89
0.13
4.42
3.87
4.5
0.26
4.96
3.44
3.49
2.22
2.44
0.07
1.94
3.7
0.92
0.66
4.2
4.26
4.87
1.32
0.99
1.34
2.59
4.55
2.47
3.45
0.86
1.92
4.08
0.85
0.69
0.3
3.73
0.44
1.01
1.29
4.9
4.06
4.4
2.72
1.68
1.46
3.33
0.06
4.66
3
1.57
4.95
0.71
0.93
2.08
3.47
1.03
1.34
4.21
4.94
0.27
0.49
0.13
2.48
2.96
2
4.38
2.7
0.44
0.21
0.63
3.35
3.64
3.15
2.47
0.37
3.63
3.99
4.45
1.26
4.81
0.76
3.8
4.12
1.04
1.16
3.94
2.25
2.84
1.37
0.33
1.99
2.26
1.68
1.36
1.03
0.81
1.55
0.17
2.02
2.58
3.02
3.35
4.15
0.97
3.48
2.44
4.97
1.92
1.3
2.8
2.25
4.26
0.97
0.78
1.44
2.89
3.06
0.66
0.62
4.8
1.17
2.92
3.34
3.76
0.5
4.55
4.49
3.61
4.2
4.22
3.05
3.57
3.52
3.79
0.91
0.23
0.55
2.42
0.8
2.15
4.89
2.89
0.77
3.44
3.33
4.09
3.17
3.81
2.96
3.22
3.68
3.45
2.31
4.07
4.35
4.93
3.4
2.98
0.59
1.64
1.18
2.76
2.09
2.16
3.49
4.51
1.24
2.74
1.21
2.5
4.78
0.54
2.93
2.85
4.66
4.86
3.35
0.33
2.79
1.02
4.51
1.63
1.79
0.79
2.3
3.45
2.14
0.24
2.34
3.18
0.04
0.32
0.95
3.31
3.36
0.76
0.82
3.98
4.1
4.95
3.32
2.84
1.2
1.55
4.53
2.92
4.92
0.3
2.01
4.56
4.08
3.94
1.48
1.82
2.64
0.91
0.94
4.15
3.51
0.79
1.81
3.9
1.58
3.9
3.98
4.9
4.92
2.53
4.83
2.06
3.16
3.48
2.36
3.7
2.29
1.61
2.53
3.18
4.37
3.25
1.21
4.96
2.82
0.14
0.11
0.04
3.56
0.96
0.3
1.21
3.77
2.98
2.38
0.31
4.64
3.24
2.55
0.61
0.28
1.36
0.95
0.26
2.76
1.01
2.55
2.09
3.02
3.02
3.22
4.81
3.5
3.89
4.14
4.87
1.1
3.25
2
3.1
1.77
1.39
2.73
3.25
2.17
4.8
1.48
0.88
1.41
2.44
0.76
1.21
2.44
1.67
1.92
3.41
2.99
2.17
1.69
3.76
3.91
2.46
1.7
3.96
0.23
3.15
4.81
3.63
2.62
2.16
1.96
2.22
5
0.59
4.08
3.24
1.82
2.95
1.91
1.28
0.29
3.17
2.18
4.34
2.86
1.22
3.91
0.21
3.44
0.72
0.18
0.12
4.54
1.86
0.98
1.48
0.97
2.84
4.08
0.57
0.93
2.53
2.74
0.75
4.86
0.91
1.78
2.62
0.41
3.17
2.37
4.89
0.7
4.42
3.07
2.75
0.92
3.41
0.51
3.45
2.46
2.35
1
4.81
0.6
4.77
4.96
2.02
2.75
2.93
0.4
0.04
1.15
2.57
2.97
3.68
4.55
3.79
1.29
2.94
4.3
2.13
4.88
0.84
0.64
0.86
2.53
2.6
1.32
0.09
2.17
1.96
2.34
3.9
3.17
1.48
0.68
3.56
0.8
1.16
4.1
3.51
0.21
2.72
3.08
3.17
4.45
3.9
4.37
1.11
1.67
4.13
3.14
4.49
0.58
4.26
0.09
0.31
3.46
3.33
1.74
2.58
4.71
3.21
4.73
4.82
0.89
0.88
2.45
3.43
4.4
2.75
2.02
3.19
3.24
3.22
4.96
1.12
2.15
4.36
3.55
4.55
4.1
0.94
3.92
2.22
2.14
4.62
3.69
1.17
4.87
1.67
2.6
4.28
0.59
3.39
1.57
1.04
0.32
3.88
2.42
3.31
3.26
3.18
1.29
1.76
2.9
3.28
0.34
1.69
1.62
2.98
3.9
1.71
4.32
4.01
2.27
3.5
1.08
4.31
3.87
0.41
1.09
0.62
3.94
0.12
2.4
3.79
4.54
0.28
4.4
1.92
4.38
1.24
1.58
0.02
4.63
4.41
4.02
4.58
2.83
4.55
2.03
3.81
1.28
1.04
3.22
0.85
0.48
0.82
3.8
2.84
3.87
4.47
4.93
4.16
0.04
1.82
3.63
1.89
0.53
2.09
3.21
0.34
0.23
1.21
4.08
2.52
3.98
2.27
1.84
1.85
4.6
3.14
0.75
4.62
2.66
4.69
0.69
4.34
0.6
4.6
4.16
0.06
2.91
4.3
4.14
4.73
1.72
0.29
0.5
3.49
1.8
3.93
4.85
0.7
2.93
4.5
3.47
0.91
2.17
4.78
1.03
3.8
3.5
3.75
3.55
2.05
3.42
3.42
3.92
3.81
2.99
4.98
4.02
1.77
1.64
1.86
1.12
3.06
1.41
3.56
1.12
2.9
1.12
4.9
4.94
4.96
3.62
2.56
2.16
2.45
4.73
3.74
3.1
4.26
3.42
2.01
3.57
3.27
4.43
1.69
3.12
3.06
0.24
2.7
0.75
2.2
1.12
1.87
4.99
2.15
1.57
3.54
4.83
4.33
2.67
4.96
3.83
1.26
1.2
3.11
4.3
0.04
1.64
2.89
0.16
4.15
0.9
0.01
3.18
4.66
4.25
2.05
1.8
0.23
0.69
2.12
0.77
1.19
0.73
4.04
1.12
1.62
4.87
2.23
2.55
2.76
4.21
4.4
2.73
3.17
3.63
2.55
1.08
0.83
1.96
3.02
4.74
1.53
4.76
1.85
3.32
4.15
4.86
2.91
0.35
1.17
0.11
3.21
2.67
0.35
1.09
0.27
3.31
1.38
4.8
1.81
4.31
1.67
0.67
4.48
2.66
1.62
4.47
2.63
2.08
1.54
2.81
2.21
1.72
2.28
4.01
3.73
2.86
0.4
2.49
3.88
1.03
0.12
0.4
0.25
0.8
0.58
4.77
4.11
2.38
3.21
2.5
0.18
3.03
0.29
1.26
1.64
1.64
0.46
4.75
0.95
1.7
1.55
3.59
1.52
1.71
2.65
2.1
4.78
0.68
4.86
4.97
0.24
0.8
3.06
4.37
1.97
1.14
1.22
0.09
2.27
1.12
2.17
3.42
3.05
3.33
0.06
1.88
0.98
1.54
2.03
2.09
4.95
0.66
4.12
3.05
1.08
2.06
2.11
1.89
0.78
0.14
4.07
1.18
1.77
2.43
1.16
2.86
0.72
4.25
2.64
1.5
1.08
3.99
0.77
2.61
3.63
0.64
3.54
1.74
3.38
2.94
1.78
1.9
1.86
2.83
1.56
3.21
3.54
4.04
1.29
2.18
0.71
0.5
2.97
2.16
0.52
3.35
0.94
3.56
2.79
2.66
2.62
0.21
4.65
1.82
1.64
0.87
3.86
3.6
3.57
3.68
0.68
0.87
1.48
4.43
0.26
4.49
1.98
1.44
1.62
1.85
3.32
2.47
1.44
4.12
2.06
4.88
4.54
2.19
0.88
2.67
4.7
3.95
0.45
3.35
0.32
0.3
0.44
2.6
4.39
3.3
1.74
4.29
1.49
4.98
3.55
3.8
4.81
1.99
2.14
3.62
2.17
2.44
0.59
0.67
3.59
1.34
0.17
0.78
0.31
2.62
0.72
3.52
3.53
3.75
2.85
2.47
4.06
3.87
0.71
4.27
3.17
4.5
2.61
2.93
0.52
4.25
2.47
1.89
0.4
1.6
2.27
3.28
4.03
3.02
4.02
0.65
2.76
2.1
1.75
0.67
4.75
4.41
0.93
3.95
1.46
1.48
3.28
3.68
2.9
1.25
2.1
3.65
1.79
0.15
0.22
2.62
2.64
1.97
1.77
1.2
3.36
3.27
4.61
3.06
3.49
3.11
0.23
1.26
4.91
1.27
3.57
4.13
0.38
1.47
0.34
4.25
4.63
0.07
4.15
4.16
4.03
1.95
0.15
3.34
0.36
1.61
2.07
4.72
2.46
3.99
1.04
3.04
4.04
4.15
1.1
0.25
3.38
3.9
1.01
3.69
0.96
3.78
4.1
2.37
0.01
1.02
1.34
4.29
0.6
0.19
0.94
2.12
2.4
3.66
0.16
0.55
