1.47
0.68
2.55
1.99
0.61
1.19
4.05
2.1
2.79
4.99
2.8
1.61
3.46
4.24
1.89
1.45
2.18
1.5
3.69
2.98
0.96
2.86
2.2
0.39
2.61
4.67
4.08
4.5
1.51
3
4.82
1.16
1.32
4.88
0.16
3.29
0.13
0.61
2.85
1.33
0.09
0.78
0.09
0.72
0.17
2.99
2.25
2.75
0.8
1.09
4.21
0.38
4.33
4.05
1.14
1.7
0.02
4.92
2.24
1.56
0.9
2.06
0.98
1.29
0.33
1.64
4.25
2.11
4.57
3.1
3.48
2.03
1.3
1.52
0.5
0.54
3.59
4.16
1.79
1.4
4.51
2.88
2.26
4.29
3.76
1.41
4.45
0.56
1.18
2.56
1.44
2.43
4.82
1.84
1.03
0.06
0.66
0.82
1.08
0.9
4.87
4.83
0.14
0.92
4.21
3.26
0.12
3.63
2.19
2.67
3.68
1.16
0.94
3.75
4.76
3.14
3.18
3.96
0.38
1.34
3.38
3.55
2.09
1.69
2.73
1.63
3.26
1.61
2.11
3.52
3.67
3.82
1.73
2.09
0.11
2.3
1.77
3.37
0.92
1.97
2.33
3.28
2.07
4.5
3.7
0.36
2.03
4.16
2.46
4.6
0.33
0.51
0.77
3.24
1.96
0.73
0.74
1.59
3.93
3.18
0.22
3.58
1.09
1.92
4.82
4.82
4.43
0.55
0.41
0.31
2.46
4.26
4.45
4.33
3.81
1.57
3.44
3.68
3.67
1.6
1.85
1.24
1.46
2.53
0.04
3.7
2.43
3.62
0.47
4.78
1.92
3.65
3.48
0.6
3.85
0.39
3.42
3.8
1.42
2.85
2.04
3.65
4.73
2.04
1.68
0.23
2.62
0.47
1.9
0.06
2.82
2.15
0.97
1.22
0.51
2.41
1.24
2.03
1.26
3.17
2.26
3.13
2.81
3.1
4.4
1.49
2.38
2.49
1.5
3.65
0.52
3.51
0.93
3.2
1.92
3.3
1.25
2.65
1.02
1.39
2.36
4.56
1.63
2.36
0.86
0.93
2.8
2.32
3.99
2.11
3.1
4.7
3.48
4.17
4.59
3.24
4.67
2.12
1.3
1.89
2.02
1.52
2.86
3.96
4.66
3.16
2.71
3.9
3.55
1.2
0.62
3.19
3.31
3.11
1.83
3.22
2.63
2.59
3.63
3.01
3.41
4.66
3.68
0.84
0.71
4.64
3.33
2.01
0.37
0.86
4.31
1.03
3.8
3.19
0.31
1.31
3.37
4.76
3.23
4.23
0.07
3.61
1.78
3.29
2.33
3.99
3.38
1.51
3.26
2.16
4.49
3.82
4.36
2.36
4
1.93
3.23
0.54
0.31
3.24
0.05
4.37
0.06
2.32
1.84
3.85
1.87
2.23
2.71
2.71
4.54
3.94
2.04
2.21
2.56
3.15
0.02
4.5
2.06
4.89
2.27
1.94
2.48
1.22
2.1
4.44
0.75
0.38
3.52
4.68
0.6
4.09
1.86
0.76
0.56
4.82
3.22
3.15
4.66
3.29
4.58
0.12
4.04
1.15
3.11
0.21
4.35
2.08
2.89
1.76
1.54
3.39
3.46
3.5
2.13
2.23
0.48
3.6
1.47
4.82
1.39
1.07
2.14
2.07
1.96
0.47
4.87
4.29
1.84
3.93
0.55
3.08
2.65
3.81
2.51
0.18
1.76
4.14
0.22
0.4
4.1
1.36
4.04
3.31
2.99
1.49
2.6
2.18
0.78
1.2
4.23
2.63
1.88
4.57
1.14
4.11
0.62
3.42
4.9
3.83
2.85
1.22
4.54
0.28
2.62
3.3
0.12
2.45
0.63
3.53
1.5
1.35
2.12
4.89
0.54
1.18
4.1
1.91
3.01
3.95
3.77
4.11
2.9
2.36
0.65
1.49
0.27
3.32
3.43
0.35
1.72
3.32
0.1
0.75
2.79
1.33
3.24
2.36
1.26
0.65
3.06
4.06
0.16
4.11
4.06
3.18
0.94
2.98
0.81
0.63
4.9
2.53
1.47
0.52
2.11
3.01
4.78
1.45
4.79
4.08
2.95
0.53
3.98
4.82
1.84
2.69
1.36
0.31
4.55
0.77
1.7
0.17
1.43
2.34
2.45
0.76
2.45
3.56
2.42
4.82
1.06
4.89
4.28
1.02
4.72
0.74
4.88
0.6
3.25
1.14
1.52
2.04
4.61
2.04
3.01
2.23
3.1
4.77
1.19
2.66
4.76
1.25
0.39
0.92
3.4
2.22
4.5
1.02
1.81
0.16
2.78
1.17
2.73
0.77
0.18
1.72
3.2
0.02
3.8
4.52
3.87
4.72
3.21
2.73
1.3
0.82
3.48
0.57
4.76
4.5
0.83
3.6
3.03
1.29
2.19
4.57
1.11
3.02
2.88
2.37
2.93
2.88
3.17
1.17
0.04
4.74
3.33
1.01
0.23
1.93
3.76
3.8
0.95
0.73
1.07
1.82
3.15
2.34
2.62
5
3.98
3.5
1.68
4.62
4.84
3.65
3.21
4.1
2.11
0.83
2.07
2.85
4.51
1.67
0.96
4.23
2.24
3.87
4.36
2.15
3.7
0.42
0.06
2.04
2.68
1.99
1.77
1.27
2.68
3.66
0.55
1.81
4.31
0.84
2.06
3.75
4.69
3.86
0.58
0.13
1.27
2.66
0.6
0.78
0.81
3.48
1.05
4.82
3.91
0.25
2.2
0.94
1.14
2.67
1.72
2.64
0.67
3.11
1.97
4.1
4.65
1.09
4.47
0.15
1.5
4.32
2.63
2.12
3.39
4.46
3.95
4.1
1.91
4.19
3.09
1.68
3.38
1.18
0.68
3.66
1.7
2.99
4.67
3.19
1.25
1.53
3.19
4.68
1.42
3.21
4.93
1.32
2.75
2.13
0.72
3.01
0.46
2.46
4.75
1.62
4.53
4.42
4.64
2.09
2.88
3.9
1.64
0.53
0.81
2.68
4.55
1.69
4.51
4.39
4.67
4.11
3.23
2.49
3.5
4.76
0.08
1.39
2.23
2.74
4.67
0.94
1.1
0.98
1.36
0.68
0.14
4.6
1.39
2.44
4.75
2.83
2.45
4.78
2.23
4.95
0.15
1.86
2.39
0.24
4.76
0.32
1.5
3.31
3.95
3.04
4.09
2.7
3.04
2.14
0.97
3.46
0.69
3.75
2.92
0.57
4.91
3.81
3.93
1.31
0.81
2.73
4.26
2.59
0.86
4.84
0.28
1.84
4.1
4.2
3.39
1.82
4.77
2.5
3.65
2.6
3.23
3.32
1.73
2.37
2.63
0.63
1.29
4.68
2.5
4.34
4.27
3.61
2.17
1.09
3.59
3.83
0.7
3.51
3.74
4.86
2.02
3.23
1.16
4.58
0.08
2.47
4.91
4.86
3.86
1.12
4.04
3.96
1.36
4.43
3.15
0.57
1.67
1.33
1.86
2.86
0.47
3.49
2.99
0.46
3.79
3.71
4.93
3.84
3.55
0.56
4.42
2.02
2.42
1.04
4.28
1.18
2.83
1.08
1.91
3.34
3.61
0.11
3.59
3.47
2.35
4.02
3.55
3.27
0.53
3.63
3.88
3.79
1.51
4.87
3.53
3.01
2.56
0.41
4.62
1.99
0.45
4.58
3.17
1.26
1.28
0.26
2.64
4.68
4.59
4.98
2.48
2.23
2
1.58
1.22
1.76
1.07
1.6
3
1.32
2.97
4.37
1.22
0.77
3.55
1.13
1.66
1.06
4.21
1.73
4.61
3.17
1.99
4.47
0.81
4.29
1.85
0.91
0.02
3.78
2.09
0.27
0.25
2.39
1.87
4.84
0.62
4.6
1.52
3.79
2.44
2.67
0.78
3.92
3.1
3.62
3.87
4.29
3.23
1.95
1.2
0.56
3.33
0.28
4.86
3.24
1.07
0.41
0.9
4.01
2.31
1
4.99
3.72
2.03
0.49
2.05
4.24
2.35
3.66
3.51
4.54
0.45
3.31
2.21
2.86
1.16
4.81
0.08
3.96
2.6
3.34
1.84
2.68
1.81
1.36
3.25
2.14
1.35
2
1.81
1.91
1.56
3.92
0.55
0.13
1.72
0.1
2.7
0.43
3.87
0.12
3.8
0.88
3.83
4
1.03
3.86
4.02
4.2
1.43
4.11
0.84
1.95
4.09
3.31
1.97
4.53
4.33
0.57
0.03
2.12
0.12
3.21
1.99
0.25
3.78
4.02
1.08
2.33
2.64
0.68
2.97
0.7
3.01
2.1
2.65
2.16
4.83
1.87
3.23
3.55
0.16
2.6
2.11
0.94
2.38
3.3
0.63
0.03
4.47
1.48
1.37
1.94
2.62
4.71
1.47
2.9
4.66
0.54
2.89
0.14
3.39
4.2
1.68
1.02
2.09
2.33
2.62
3.46
3.24
2.92
0.2
0.62
2.26
1.17
2.09
2.84
0.8
2.43
0.46
4.88
3.41
1.38
2.08
1.13
0.2
4.5
1.76
2.6
4.37
2.12
2.76
1.89
2.91
3.38
0.41
4.86
2.58
2.29
4.68
2.18
4.7
4.93
3.99
1.46
2.3
5
4.13
3.87
0.68
2.07
4.64
0.06
0.27
1.5
2.15
3.84
0.8
2.72
4.27
4.99
3.63
0.49
0.12
3.16
4.21
2.2
0.12
1.6
1.49
1.14
4.73
0.14
2.62
2.42
3.99
0.19
4.09
4.17
1.08
2.71
2.02
1.69
3.3
3.85
2.62
4.67
1.55
0.56
1.84
4.4
1.19
2.06
0.75
0.9
4.76
1.31
1.77
0.45
0.3
2.73
1.75
4.6
3.97
1.75
0.87
0.38
1.66
1.6
0.33
0.69
2.86
2.23
2.49
2.14
3.18
1.98
4.64
2.67
3.79
0.43
1.87
2.02
0.15
0.03
1.72
1.67
0.61
4.19
1.12
0.25
4.17
2.94
0.31
4.69
1.6
1.55
2.79
4.22
1.64
1.1
0.01
0.64
0.36
3.59
4.45
3.94
3.57
0.76
1.01
4.87
0.94
1.37
3.72
1.24
3.59
1.48
1.67
0.77
1.81
0.32
2.34
3.37
2.95
4.02
1.89
4.34
4.06
4.97
1.32
3.44
4.31
1.16
1.84
0.38
3.95
4.76
2.99
2.44
2.05
2.46
2.93
0.63
2.3
0.7
1.96
1.32
1.04
2.73
4.49
2.78
1.43
0.7
4.07
4.03
2.5
2.36
3.71
1.6
4.26
3.54
1.98
1.68
1.78
0.12
1.39
4.51
4.89
3.18
3.46
2.52
0.09
3.36
4.54
0.72
3.22
4.29
2.84
1.98
1.52
3.71
1.42
0.09
2.53
2.8
0.7
4.66
0.53
2.63
1.63
2.53
1.99
3.71
1.84
3.5
1.04
4.49
1.46
3.15
4.02
1
3.68
4.27
3.18
0.71
0.26
0.44
0.26
4.71
0.92
4.51
0.3
4.71
2.67
0.62
3
3.24
0.34
3.92
1.99
1.75
0.06
2.58
4.39
2.75
1.54
4.05
1.79
3.95
4
4.22
4.33
0.89
4.6
3.33
4.7
2.7
2.97
4.51
0.34
0.6
1.51
0.65
2.69
2.43
2.7
1.09
2
4.2
4.18
2.6
2.91
3.3
2
1.19
0.64
4.36
2.83
4.38
4.82
1.14
1.55
0.71
3.82
4.9
4.47
3.12
0.75
0.86
4.84
1.84
1.07
0.02
2.36
0.62
1.17
4.83
0.15
2.15
0.84
1.15
3.45
2.06
1.41
4.25
3.71
2.28
2.45
4.87
0.43
1.25
2.51
2.66
4.71
4.33
3.61
4.28
2.87
4.5
0.69
1.09
4.63
1.63
1.34
3.12
4.16
2.4
4.21
0.66
0.19
3.54
2.72
2.28
1.76
1
1
0.46
3.14
1.18
2.5
3.92
0.18
4.85
1.02
1.07
3.87
1.04
0.06
2.39
1.95
1.3
3.91
0.26
2.3
2.42
2.65
4.34
0.67
0.1
3.04
3.56
2.51
2.72
2.94
2.87
4.75
3.16
4.04
2.13
1.37
3.11
4.55
3.97
0.96
1.11
2.74
4.51
3.88
2.74
2.29
2.74
0.15
2
3.47
3.69
1.31
3.5
3.04
0.97
3.61
3.6
0.26
3.53
4.1
2.95
3.58
1.79
2.45
2.44
2.64
1.37
0.38
1.48
3.81
0.47
4.89
4.03
2.47
1.62
0.29
1.94
3.84
0.74
2.34
2.18
4.66
2.56
0.23
2.84
2.94
3.82
1.4
3.62
0.5
3.66
1.42
0.17
2.22
2.42
3.73
0.9
0.47
2.04
1.52
4.69
3.35
4.29
0.44
3.41
4.05
4.33
2.51
0.09
2.72
1.24
2.69
0.04
2.91
1.23
4.84
0.65
3.88
1.2
4.8
4.54
4.24
2.87
4
1.4
0.18
4.19
0.16
4.01
4.44
2.42
4.38
1.1
1.77
4.44
2.7
0.11
2.05
0.56
1.34
2.47
3.75
3.23
0.34
4.16
3.16
2.76
1.53
4.14
1.09
3.33
2.4
4.02
2.56
2.28
1.66
1.87
0.95
1.65
1.3
4.5
0.13
4.51
0.04
2.29
2.61
4.79
4.89
0.86
3.29
1.6
1.97
4.04
2.13
4.01
2.69
3.82
4.4
1.06
2.77
4.6
3.76
4.96
3.03
0.28
4.64
0.47
3.12
3.39
0.4
0.04
2.67
0.32
0.6
0.94
2.09
3.2
4.16
4.14
4.66
1.14
2.02
1.28
2.57
3.08
1.52
0.1
2.02
4.08
2.3
3.14
3.8
2.2
4.35
3.35
4.53
4.32
3.78
0.84
4.6
4.03
1.04
0.54
0.76
3.91
3.04
2.27
4.51
4.28
4.86
0.77
3.72
0.85
1.06
2.83
4.27
0.78
2.05
0.97
1.69
3.76
2
3.4
4.54
2.39
0.91
3.83
4.3
3.57
3.12
3.34
2.76
3.33
0.23
1.96
3.52
4.76
2.52
1.75
2.63
2.65
1.83
4.94
2.76
3.59
2.14
1.9
1.19
4.7
4.76
1.4
3.33
4.21
0.76
1.45
3.11
1.42
2.12
1.26
1.63
0.3
0.43
1.94
3.6
2.58
3.28
1.53
4.31
2.66
0.05
2.09
0.24
4.18
4.37
1.01
3.34
4.34
0.16
3.87
4.16
1.47
2.66
2.35
4.44
1.74
0.6
0.69
0.15
3.35
3.19
0.22
0.28
0.03
1.85
1.08
3.41
0.78
4.76
2.93
0.52
0.89
0.74
1.14
3.07
1.06
1.56
3.51
4.1
0.32
3.34
3.15
1.11
3.37
0.13
4.16
1.17
0.7
2.56
1.19
3.73
0.98
1.23
4.54
4.9
2.64
4.17
2.21
0.78
4.24
1.16
1.76
2.36
3.84
2.19
1.35
0.81
1.36
0.33
3.24
3.46
0.34
3.24
2.71
0.5
1.24
4.61
0.56
5
4.36
4.61
2.28
0.36
0.34
4.23
1.75
4.25
0.2
4.97
3.49
1.85
2.2
3.26
4.17
2.32
4.81
0.84
3.85
0.69
0.2
2.16
2.06
3.1
2.08
3.88
3.47
3.09
4.03
1.93
4.85
3.43
3.21
3.17
1.6
2.08
4.7
4.43
4.45
3.84
3.94
1.93
1.46
1.37
3.21
0.15
3.71
0.88
4.11
2.45
3.11
3.78
3.7
1.04
3.19
0.34
2.44
0.58
0.84
3.7
4.72
1.66
0.19
1
0.36
0.68
3.11
1.16
4.76
0.5
0.44
2.76
2.2
0.95
2.71
2.77
2.08
0.06
2.77
4.9
1.91
3.25
0.03
4.76
1.62
4.45
1.27
0.32
3.9
2.11
4.94
4.63
3.57
0.92
2.76
1.56
0.14
0.72
3.01
1.22
3.94
0.59
2.98
1.71
3.99
4.06
1.69
1.27
4.18
1.6
0.84
0.35
0.34
1.01
1.29
1.12
0.89
2.08
1.17
3.33
1.73
2.46
4.64
3.71
2.56
0.4
3.18
1.38
2.49
4.62
3.05
3.56
4.61
2.23
3.8
1.83
1.81
0.76
1.33
4.45
3.81
4.93
1.4
0.02
2.93
0.37
1.81
3.35
4.13
0.54
0.06
1.71
1.98
4.34
0.32
1.89
3.99
3.29
2.93
1.01
0.24
3.77
1.24
4.69
1.53
0.11
1.26
1.97
1.47
2.09
3.76
4.85
0.6
1.33
3.25
3.22
3.48
3.07
1.16
1.54
2.01
4.95
1.86
3.05
4.38
1.3
1.89
2.14
0.39
4.54
4.53
0.62
3.92
3.54
2.05
0.21
1.64
1.86
4.84
1.87
0.87
4.76
3.4
3.27
1.53
1.8
1.41
2.87
3.65
2.34
1.88
4.57
1.4
2.25
1.93
2.22
2.59
0.87
1.29
3.27
4.72
0.12
3.72
4.16
4.12
2.29
3.23
3.41
0.86
2.05
3.53
3.39
1.43
3.08
1.14
1.59
0.27
4.97
3.22
1.86
1.77
2.39
1.63
3.75
3.56
3.86
0.48
1.41
3.14
3.62
0.52
1.34
2.38
3.95
1.67
0.04
1.59
0.78
0.31
4.58
2.1
4.71
3.77
4.54
0.54
2.95
2.14
2.77
3.56
3.1
4.99
2.31
0.39
3.27
1.96
1.38
3.37
1.69
0.47
2.66
1.96
1.21
2.62
4.61
3.6
1.57
4.51
2.61
2.84
0.15
3.2
2.71
4.11
4.94
2.46
2.4
2.88
1.46
3.14
4.75
0.72
4.25
3.64
4.99
1.34
2.23
4.22
3.84
1.96
0.6
2.26
0.55
3.27
1.5
3.43
0.04
2.01
3
3.27
3.25
0.54
2.26
1.62
1.13
0.61
0.59
0.43
3.02
3.78
0.33
0.03
2.07
0.93
1.5
0.3
4.92
1.88
4.79
4.8
3.41
3.92
3.26
0.9
3.32
4.01
0.07
1.01
0.64
1.13
0.11
1.68
3.98
0.94
3.73
4.81
2.66
3.24
3.78
0.66
1.61
2.97
3.89
3.14
3.99
4.47
1.88
4.7
4.38
3.22
0.79
3.5
2.19
0.69
4.84
2.86
4.26
4.53
0.7
4.74
0.01
3.92
2.16
2.25
2.43
1
0.32
2.4
4.11
1.65
4.57
3.24
0.25
0.71
1.34
0.12
0.4
2.25
4.17
1.21
0.58
2.84
4.64
1.29
0.83
0.86
3.63
1.33
4.02
4.79
1.11
1.46
4.59
4.32
4.09
2.26
4.3
3.9
4.5
3.97
1.29
3.69
2.77
3.27
4.33
1.28
4.47
0.41
4.98
0.08
2.97
4.81
3.32
4.18
0.02
0.76
1.33
4.95
3.15
3.79
3.55
4.26
0.01
2.58
4.1
1.06
1.69
1.01
4.37
0.67
2.86
1.38
3.53
2.48
2.26
3.62
0.61
0.62
1.47
2.92
3.5
3.38
2.16
4.35
3.63
4.58
3.45
3.9
4.58
1.69
3.84
2.22
0.23
2.29
0.75
0.34
0.43
3.33
2.2
1.78
0.53
0.76
3.78
0.11
4.65
4.7
0.2
1.44
2.36
2.6
3.01
3.05
1.13
0.91
3.96
3.1
3.14
4.68
3.79
3.78
0.26
1.33
0.4
3.51
0.73
3.12
2.35
3.06
3.43
2.06
3.25
0.98
1.04
3.42
1.86
0.41
3.59
3.6
1.62
4.88
2.93
4.2
0.74
1.33
3.91
2.39
4.7
2.49
1.91
3.76
1.65
4.3
2.01
2.8
4.53
0.58
2.3
2.51
3.09
4.14
2.79
0.67
3.79
2.58
2.12
0.54
3.75
4.57
1.56
1.58
1.49
0.58
4.83
3.8
0.61
1.06
2.22
0.39
2.29
4.69
4
4.46
0.2
3.51
2.79
1.68
1.2
1.19
1.03
4.72
2.12
4.72
0.73
2.87
3.64
2.81
4.99
2.8
3.67
1.28
0.48
4.95
1.71
1.16
1.3
0.21
1.31
0.25
1.58
4.24
4.82
4.22
3.24
1.88
2.7
0.13
2.77
1.45
0.92
0.49
0.83
4.24
0.39
1.67
3.18
4.23
0.53
1.85
0.55
4.27
2.06
4.95
5
4
0.76
0.33
3.02
4.58
0.08
0.94
0.35
3.57
0.8
4.19
1.56
4.01
4.23
3.5
4.09
3.03
4.55
4.83
0.29
0.36
2.5
4.93
0.65
4.19
3.97
1.89
3.94
2.79
2.33
3.98
0.51
1.27
3.29
2.94
5
0.74
3.43
0.33
0.51
2.91
2.63
1.24
2.59
0.92
2.05
1
4.88
2.06
3.81
4.19
2.32
0.1
3.17
1.73
1.52
2.85
3.9
1.24
2.3
4.72
0.33
0.75
3.28
4.36
2.92
4.03
2.15
2.6
4.3
4.2
2.07
3.56
4.66
4.41
0.48
1.04
2.3
3.44
3.75
4.16
0.79
4.36
4.68
4.76
4.47
1.84
4
3.32
1.93
4.8
3.31
3.03
1.18
3.72
4.39
2.95
0.49
1.33
4.92
3.74
3.26
4.42
0.49
3.98
3.53
2.78
3.9
1.26
3.81
4.77
4.95
2.17
2.84
3.28
2.87
2.38
1.99
1.81
4.02
0.21
3.6
1.33
2.38
0.36
0.65
1.97
3.19
1.64
1.57
1.1
1.14
4.59
1.81
1.36
4.89
3.02
0.42
3.92
2.38
4.45
3.4
0.08
1.82
1.49
2.15
3.59
1.16
1.49
4.16
0.14
3.48
1.1
3.99
1.8
