1.59
0.02
2.47
2.23
2.57
3.45
3.07
4.59
1.52
0.2
0.89
4.27
4.06
1.03
0.16
0.02
4.95
2.51
2.42
4.62
1.59
0.85
4.4
0.51
1.42
2.05
3.65
1.58
4.64
2.57
2.43
0.89
3.35
3.52
0.35
3.97
0.32
1.89
3.04
1.02
2.3
1.07
3.17
0.79
0.72
4.89
4.69
4.91
2.54
0.52
4.16
0.12
4.51
3.35
2.57
0.77
0.74
0.55
2.93
4.52
4.11
3.66
4.34
0.55
1.78
1.61
2.89
4.9
4.36
1.57
0.4
3.58
0.14
2.98
1.76
4.7
3.62
0.03
0.19
0.77
3.44
1.18
2.19
3.44
2.55
1.21
2.36
1.33
4.48
1.63
0.32
2.47
0.58
3.53
0.08
0.35
1.21
0.17
3.77
4.58
3.61
4.14
3.71
1.84
1.38
1.89
0.26
0.87
3.79
2.11
0.16
4.98
4.47
2.71
3.93
3.85
4.11
2.95
1.09
1.32
2.8
4.78
4.96
3.42
3.5
3.98
4.04
2.35
4.32
2.43
4.73
4.18
3.68
3.66
3.95
1.34
0.77
1.46
1
0.09
1.32
3.29
3.23
2.74
2.93
2.71
1.75
1.31
1.08
4.18
4.01
0.57
1.23
3.35
4.31
3.09
4.92
4.22
0.88
4.56
2.28
1.79
2.19
0.07
3.79
4.09
4.59
2.4
4
0.3
3.75
3.07
4.2
3.17
1.11
2.06
0.7
1.06
3.71
2.95
0.23
2.19
1.54
3.39
3.3
1
3.99
4.47
3.9
0.57
2.3
3.7
2.3
4.27
3.79
3.03
2.92
0.49
0.75
4.34
0.92
1.12
1.93
0.63
0.6
2.53
0.48
2.95
0.7
2.86
0.88
2.84
4.77
4.54
4.98
3.83
0.9
4.8
1.06
0.06
3.2
3.1
2.73
0.35
0.47
4.65
2.35
3.26
2.01
0.38
3.79
2
0.2
3.4
4.32
4.12
3.27
1.79
1.19
1.06
4.56
0.96
0.53
0.14
2.83
0.52
4.62
0.44
3.69
0.53
2.44
3.04
0.77
2.05
1.79
3.03
0.92
2.11
4.76
1.76
4.92
2.52
1.08
1.46
3.07
4.23
1.6
1.28
3.86
0.82
4.82
4.13
2.54
4.81
2.18
0.68
4.69
3.53
3.37
1.83
4.57
4.04
3.61
1.87
4.47
2.06
3.2
0.99
4.9
0.16
1.23
2.89
4.79
1.64
4
4.78
4.98
1.23
4.01
0.59
3.04
3.95
4.3
0.53
4.27
3.35
1.01
0.83
2.65
1.9
2.54
1.37
2.64
0.63
0.47
1.83
0.94
1.32
2.29
2.69
1.36
4.95
0.62
0.49
4.25
0.89
4.85
5
2.82
1.61
3.87
1.17
0.63
2.83
1.53
4.46
1.31
2.54
4.49
4.75
2.67
1.05
0.15
1.44
1.8
1.12
0.28
4.97
0.07
1.23
1.53
3.13
2.43
3.25
3.17
4.29
3.1
2.98
3.15
0.63
4.76
0.52
1.88
1.6
1.4
0.28
2.11
1.57
0.67
2.94
4.48
4.76
3.15
2.2
4.03
3
4.38
0.73
4.35
3.94
1.93
4.17
1.7
3.6
3.43
0.31
1
1.29
1.16
2.24
0.71
1.63
0.73
4.21
4.95
4.57
2.48
2.6
3.86
1.44
4.78
3.61
4.49
2.85
2.18
2.55
2.1
2.96
4.29
2.74
0.18
1.1
0.39
1.31
1.36
4.98
4.16
1.57
2.38
4.41
0.86
0.85
4.38
4.73
4.33
4.66
4.44
2.52
1.13
3.23
2.2
3.38
0.64
0.9
2.08
4.18
1.27
0.92
2.45
0.24
0.57
2.21
3.95
4.81
2.88
2.4
0.54
1.79
3.56
4.44
3.13
0.44
2.03
3.18
1.3
0.5
4.25
1.79
3.65
3.1
2.8
4.18
1.31
2.23
0.31
4.08
2.91
4.25
1.79
4.42
2.94
1.05
3.24
3.64
0.67
4.38
2.44
1.57
3.53
3.23
4.81
0.13
0.42
4.45
1.24
2.29
4.45
0.2
1.6
4.33
0.49
1.35
1
2.13
2.31
3.96
1.63
1.13
2.99
4.43
3.68
4.35
2.47
4.78
3.84
0.43
3.83
1.1
0.07
3.67
2.84
0.8
4.88
2.7
1.84
1.85
0.3
4.05
4.34
4.75
3.51
2.52
2.6
3.75
4.44
4.35
3.14
4.5
4.66
2.24
3.19
0.57
3.48
1.31
2.73
3.68
2.3
0.98
3.84
2.47
1.53
4.05
3.63
4.34
1.21
2.11
3.61
4.09
4.09
3.68
0.44
2.56
2.67
2.74
1.11
3.09
1.31
1.13
1.87
1.75
0.48
2.98
1.65
0.65
2.42
0.58
1.28
0.26
4.63
3.1
3.14
2.88
0.36
1.04
4.41
3.21
3.81
4.6
4.17
2.61
0.09
1.08
1.72
1.99
0.07
1.9
2.11
4.25
2.75
4.34
1.61
2.1
5
1.18
0.9
2.92
4.99
2.98
0.77
3.71
1.19
4.03
4.28
0.75
2.54
3.38
4.36
2.31
4
1.96
3.94
0.93
1.7
1.7
4.93
4.95
3.49
4.24
4.43
3.71
3.9
0.04
2.02
3.85
3.87
4.08
2.47
2.6
1.49
1.47
2.97
2.07
0.69
2.33
3.89
1.68
3.82
1.98
4.79
4.19
4.41
0.29
3.12
3.57
2.63
0.82
4.56
2.52
2.47
2.01
2.51
3.24
0.7
0.13
4.47
2.53
4.15
1.37
1.07
4.35
4.12
1.35
4.16
3.01
1.05
3.72
3.21
3.33
2.17
4.41
2.47
3.72
4.7
1.85
4.61
2.01
4
4.44
3.24
1.61
2.55
1.47
1.99
2.89
3.41
2.35
4.94
4.87
2.84
2.69
3.34
2.97
3.15
1.42
3.63
4.31
4.98
2.4
0.61
3.06
4.09
1.88
0.74
3.18
0.7
1.09
4.04
3.53
1.19
3.71
1.36
2.96
2.45
0.81
1.77
1.06
4.05
1.48
3
1.52
0.39
4.32
1.72
3.68
4.38
2.26
0.52
3.34
3.38
3.79
4.31
1.74
4.46
0.55
4.61
2.93
1.96
1.84
0.71
2.85
0.81
3.8
3.66
2.64
0.63
3.38
1.83
1.62
2.65
4.62
1.8
0.5
1.23
3.48
3.28
1.41
4.55
1.32
1.41
1.28
3.71
2.78
1.8
1.54
2.18
2.35
0.23
3.05
3.8
3.02
0.18
3.46
3.46
4.31
0.88
1.95
4.93
3.75
2.74
2.9
4.5
1.72
2.49
3.04
2.67
4.51
0.54
2.25
4.35
2.93
4.92
2.82
2.17
3.63
2.95
0.22
2.14
1.16
1.47
2.55
0.75
2.48
4.8
3.62
1.94
0.26
0.58
1.71
0.19
1.18
3.85
1.2
3.01
2.58
2.94
4
0.47
0.39
3.35
2.54
3.95
0.36
2.99
0.52
3.03
3.49
0.06
0.65
3.74
4.58
1.9
2.3
2.89
4.5
3.91
3.64
0.96
0.77
1.69
4.17
2.25
2.74
0.91
3.85
1.63
4.72
0.46
4.71
1.19
0.66
3.36
2.06
4.64
1.56
0.43
0.18
2.19
4.56
0.71
0.79
0.96
0.69
0.36
4.72
0.31
1.53
4.27
4.57
2.62
4.95
2.97
3.14
4.86
4.39
4.88
0.3
1.97
3.92
3.7
0.1
4.97
1.1
1.92
4.1
2.05
2.98
0.57
3.38
2.02
3.2
4.13
1.8
0.55
2.4
3.43
0.77
3.68
3.47
3.01
3.57
2.1
1.64
1.65
4.42
0.91
0.31
1.63
0.95
0.91
1.78
1.72
2.06
2.1
1.17
4.92
1.28
0.7
0.35
4.11
2.15
1.4
0.91
2
3.01
4.87
3.31
0.62
2.38
2.57
1.43
3.7
4.37
3.77
2.87
1.31
1.37
4.12
4.4
2.79
0.03
1.53
4.06
3.05
4.42
0.82
1.28
1.21
4.16
0.87
3.31
0.98
0.36
2.29
3.22
0.85
0.67
3.86
1.48
1.23
1.15
2.18
2.25
4.42
1.9
3.64
2.08
0.04
2.2
2.6
4.62
3.78
3.85
4.84
1.47
4.93
4.9
1.79
4.24
4.54
4.57
4.97
4.87
4.44
3.36
3.25
2.63
2.02
0.58
1.51
4.34
1.86
0.9
1.89
3.64
2.31
1.9
2.3
4.42
0.61
3.79
4.26
0.89
4.82
0.62
2.41
1.17
4.32
1.93
4.85
2.24
1.08
4.6
3.7
3.07
0.44
1.13
0.69
3.87
0.36
3.12
4.85
0.31
3.4
3.17
0.38
1.14
4.45
2.18
1.27
2.57
0.48
2.91
2.44
0.81
1.91
0.43
3.38
0.27
0.48
2.51
3.42
3.52
4.63
4.29
0.21
0.88
0.68
0.86
0.27
2.91
3.94
3.04
4.81
2.87
3
4.68
3.46
4.46
4.37
1.66
1.1
4.7
1.75
2.68
4.43
3.36
3.76
4.27
2.3
1.89
4.15
1.05
2.87
1.48
1.68
1.39
3.01
4.86
1.36
2.37
1.83
3.24
2.32
1.52
1.45
0.78
0.54
4.96
4.22
2.25
3.87
1.54
1.71
4.75
2.01
0.89
1.09
2.53
1.51
4.17
0.58
2.56
4.8
2.99
4.15
0.66
4.25
4.14
1.48
0.51
1.72
1.89
4.29
3.08
2.07
3.74
2.27
4.73
2.32
1.57
2.28
1.17
4.28
1.25
1.05
4.99
4.85
4.72
4.02
3.36
5
3.28
0.44
0.37
0.7
1.35
1.04
3.92
4.36
3.89
0.61
4.14
0.97
3.32
4.59
0.16
3.65
1.24
2.71
3.41
2.25
0.54
4.97
2.86
0.76
3.55
4.81
4.74
0.14
3.66
3.99
0.22
3.04
4.9
0.42
0.26
1.67
1.91
3.28
4.69
4.6
2.27
1.11
3.72
1.6
2.49
0.49
1.78
0.71
2.84
2.65
0.56
4.56
1.23
3.43
3.35
0.3
0.57
3.6
0.74
0.57
2.84
3.86
3.66
4.41
2.58
4.83
0.05
0.84
3.35
3.96
3.87
2.48
4.21
1.48
3.46
1.07
2.07
0.5
3.02
1.18
1.11
4.17
4.64
0.84
3.61
2.05
0.81
3.94
1.38
4.82
0.42
2.95
2.93
3.17
2.39
0.5
4.14
1.66
0.08
0.82
1.08
0.02
2.11
3.36
1.65
2.04
2.04
2.48
0.86
2.47
2.21
4.57
4.44
2.22
0.37
0.83
2.86
0.03
4.09
1.37
1.76
2.32
1.89
1.05
3.28
2.26
0.34
2.11
0.34
1.42
1.1
2.73
3.59
4.89
0.85
3.9
1.08
1.97
3.34
4.7
0.89
0.04
3.46
0.19
3.07
1.65
1.56
0.93
2.22
4.29
4
1.01
2.41
0.71
4.17
3.72
1.02
4.38
2.75
3.83
0.91
3.83
3.17
2.77
2.11
4.44
4.85
1.75
1.33
2.33
0.05
2.52
3.31
2.55
1.53
0.12
4.06
3.15
3.36
0.44
4.46
0.94
1.16
3.44
4.13
4.89
4.86
4.75
4.36
2.34
3.32
1.58
0.38
2.83
0.11
2.97
2.49
4.76
0.1
4.04
4.86
3.02
3.8
4.31
1.07
4.33
4.55
2.64
0.95
4.16
4.33
4.01
2.52
2.14
2.73
1.52
3.99
4.11
4.27
3.77
4.32
3.49
2.23
4.13
3.81
2.79
4.25
0.64
2.17
4.46
1.5
4.27
1.36
2.63
1.71
2.89
1.93
0.12
1.2
4
2.69
3.82
0.35
0.36
3.41
4.64
0.33
4.86
1.49
0.33
2.56
4.54
4.32
4.25
4.09
0.52
1.22
2.21
0.17
4.09
1.64
3
2.04
0.22
4.25
2.21
0.3
2.23
1.41
1.19
2.03
4.15
4.88
2.23
3.54
4.74
3.08
0.91
2.65
0.41
1.56
4.12
0.23
2.51
3.71
0.47
0.62
2.77
1.9
2.75
1.2
4.76
4.74
1.55
4.1
4.18
4.62
3.15
3.12
4.23
2.14
1.11
0.44
2.01
4.15
2.95
2.48
3.94
1.87
3.96
1.48
0.32
4.1
1.39
4.03
0.82
1.45
3.31
1.79
4.85
1.03
4.29
2.63
1.16
4.29
2.47
3.93
1.06
4.87
0.66
0.92
1.76
0.8
3.99
3.82
1.6
4.33
1.39
2.79
1.42
4.31
2.93
2.2
4.28
2.63
3.23
0.52
0.33
2.31
0.03
0.28
3.81
3.01
4.34
2.49
2.08
3.2
4
4.7
4.86
0.66
0.5
2.83
1.38
2.73
4.98
0.46
4.48
2.52
1.28
1.8
2.49
4.6
4.59
0.96
3.42
2.7
2.29
2.27
0.39
4.91
1.07
3.49
0.93
2.15
0.64
1.03
4.78
4.89
4.1
0.97
3.83
0.91
2.25
4.48
0.34
4.67
1.99
3.07
4.82
0.97
1.99
2.68
1.55
1.03
0.11
1.81
2.84
1.86
0.23
1.71
0.91
1.01
2.68
4
0.58
2.78
0.38
0.8
1.84
1.86
4.13
1.19
0.29
3.22
1.01
4.28
4.81
0.68
1.65
1.9
2.07
3.46
3.04
4.81
3.14
2.64
4.39
3.68
3.53
1.93
1.28
0.71
2.35
0.33
2.69
3.23
4.71
1.16
3.41
0.44
2.6
1.78
3.12
3.23
0.62
1.14
4.53
0.66
4.26
0.56
3.22
1.24
2.66
2.98
0.98
0.33
4.5
5
2.84
4.13
0.32
2.51
0.36
0.56
1.58
0.41
2.53
5
1.27
1.24
0.07
0.02
4.2
1.91
1.55
2.08
3.07
1.99
1.71
1.65
1.44
0.95
3.01
3.19
1.85
1.61
2.03
2.47
4.05
1.39
1.45
2.75
2.41
0.94
0.03
0.88
3.98
1.11
2.65
1.82
0.92
4.68
2.28
0.93
3.09
1.44
1.23
0.35
2.22
1.33
2.14
3.38
1.46
4.92
1.59
4.23
4.63
2.96
3.56
4.8
2.05
2.31
4.55
4.1
0.17
4.15
4.09
0.79
0.51
2.7
4.13
4.98
1.33
4.63
1.04
4.19
3.04
1.07
3.25
3.71
4.25
1.93
1.76
0.27
0.05
2.23
3.07
4.66
1.74
1.55
1.02
4.57
1.32
4.29
4.21
2.17
2.31
3.09
3.77
3.77
1.75
2.77
0.41
3.86
4.72
3.66
2.45
1.65
2.2
0.9
0.37
3.42
4
1.23
4.54
4.52
2.68
4.12
2.28
2.38
4.36
1.15
4.75
1.55
0.75
1.5
2.15
3.3
0.43
0.21
4.58
1.63
4.84
3.04
4.79
4.48
2.19
0.04
3.97
1.07
3.67
1.58
4.92
0.14
0.93
0.01
0.65
3.52
3.35
4.78
3.26
2.18
4.31
4.35
4.9
3.87
2.9
3.21
3.96
0.29
0.41
2.42
0.36
1.82
0.29
3.67
2.93
4.62
1.5
1.4
4.66
4.38
0.45
4.51
1.54
3.59
2.67
0.41
2.69
2.28
4.25
2.5
2.27
1.79
1.71
4.6
4.47
0.86
1.34
4.41
1.72
4.74
3.92
2.8
3.73
0.29
0.63
4.82
2.86
3.79
3.36
3.62
0.13
4.69
2.93
3.8
1.98
0.56
3.68
4.22
2.35
3.78
4.88
3.04
3.41
0.69
0.97
1.45
4.84
4.24
3.37
2.15
3.95
4.42
2.5
2.2
1.63
4.09
1.3
2.91
3.93
4.7
3.47
4.85
3.04
0.01
3.21
2.39
2.5
2.3
2.37
2.56
3.41
3.75
2.69
3.73
0.46
3.98
3.88
1.51
0.52
2.44
1.95
2.78
4.14
0.21
4.85
4.28
0.47
3.45
4.16
3.99
4.17
1.29
0.49
3.56
2.51
1.22
1.92
3.19
3.46
1.58
0.01
2.94
4.06
2.95
0.61
3.4
2.34
4.34
0.64
0.57
1.01
4.43
0.84
4.71
0.77
1.56
4.9
4.97
1.62
0.54
3.03
3.28
1.61
1.08
0.22
2.68
0.51
3.28
0.58
3.85
4.38
2.95
2.57
1.45
3.67
0.27
3.3
1.56
2.17
2.37
4.51
2.68
2.56
2.85
4.89
3.37
3.98
1.53
4.39
1.32
0.72
0.35
0.98
1.61
2.14
1.2
3.56
0.73
1.58
1.32
2.25
0.37
0.48
1.08
4.78
3.02
2.45
3.94
2.27
4.32
4.3
1.18
4.76
3.04
3.95
1.02
4.12
3.85
4.45
3.37
0.57
4.01
2.8
1.47
4.75
4.2
1.71
4.21
0.08
2.57
4.38
4.5
2.27
1.68
1.42
3.4
1.36
4.87
0.85
4.36
2.62
4.72
4.79
1.69
2.96
4.61
0.02
5
2.02
4.76
2.35
4.03
2.59
3.83
1.74
3.85
1.35
3.66
4.62
3.16
0.38
0.77
4.75
4.68
1.36
4.33
1.63
1.45
0.6
4.1
0.75
2.9
4.52
2.64
0.03
4.95
1.51
3.34
2.4
1.59
4.1
1.02
2.58
2.34
0.37
2.99
1.33
3.92
2.61
1.09
2.05
2.35
4.57
3.01
1.67
1.51
3.09
0.09
4.47
0.76
1.94
1.78
1.14
0.99
3.65
4.12
4.56
0.17
0.26
2.42
4.02
2.01
3.78
0.11
2.8
4.61
3.07
1.61
3.55
2.75
1.23
2.48
1.82
3.55
1.44
2.54
3.3
3.75
2.1
2.59
2.05
1.47
1.57
0.69
0.94
1.68
0.14
1.79
0.55
0.85
0.51
4.78
4.66
3.77
0.67
3.61
3.22
4.3
1.64
1.14
2.27
2.72
1.27
0.85
1.46
1.24
3.16
1.45
1.93
3.6
0.74
2
2.58
3.87
0.25
3.01
0.25
4.01
0.59
3.23
3.78
2.97
3.43
4.9
3.76
4.01
2.17
2.17
4.59
3.13
4.96
1.67
1.98
2.03
4.87
4.34
3.88
1.85
2.17
4.38
3.85
3.4
1.4
3.79
1.41
4.75
0.21
0.85
2.58
0.22
1.18
4.98
0.39
0.45
4.99
1.96
3.87
2.62
3.7
1.12
2.74
3.32
0.37
4.34
1.04
3.22
3.13
0.29
2.65
2.46
3.86
1.8
3.72
1.72
3.64
4.9
2.27
3.11
3.98
1.22
2.4
0.43
0.73
0.62
0.94
4.92
3.1
0.01
2.23
4.36
2.09
0.57
2.69
2.72
2.13
0.15
3
3.44
3.85
0.2
1.94
0.92
4.68
2.59
0.92
0.29
2.06
3.46
2.96
2.26
3.46
3.5
0.18
2.61
0.41
0.55
4.04
2.68
4.73
1.83
3.66
3.25
0.32
4.94
1.45
1.22
1.84
2.16
4.03
3.08
3.86
1.79
2.01
1.3
2.07
4.83
2.94
1.26
1.1
2.77
1.86
3.67
2.53
4.04
0.19
1.75
3.86
2.02
0.45
0.75
2.27
2.55
3.09
2.75
4.53
2.18
2.96
4.3
1.26
4.14
1.58
0.09
0.33
1.43
2.3
4.39
2.11
4.46
2.12
1.04
4.69
3.26
4.89
1.07
2.96
3.48
3.37
1.78
0.74
3.5
0.73
0.06
0.28
2.18
3.44
3.23
2.66
3
1.8
4.25
0.24
1.68
4.88
4.85
4.58
2.95
0.77
1.16
3.15
4.78
2.97
4.52
3.03
2.79
2.71
1.44
2.53
4.11
4.39
0.05
1.01
3.63
4.06
2.71
0.83
4.24
3.81
3.72
4.37
3.46
4.93
1.59
3.88
1.69
1.69
4.66
2.81
3.24
0.08
2.86
4.11
0.21
0.76
3.48
2.31
4.91
2.9
0.13
4.91
2
3.03
1.76
2.57
4.66
3.38
3.84
3.56
1.85
4.78
4.32
0.01
4.68
2.11
3.54
3.03
2.47
4.3
1.79
1.43
0.52
4.04
4.59
0.69
0.56
2.47
4.95
3.48
3.06
3.56
4.9
0.65
0.17
1.5
3.68
1.83
2.72
1.25
0.71
1.68
3.82
0.22
4.25
4.07
2.48
0.18
3.22
1.6
0.01
0.58
3.52
1.85
3.79
4.21
4.33
2.27
0.99
3.07
0.76
1.31
4.81
1.6
1.53
1.83
2
2.44
1.41
2.62
3.69
1.42
4.67
3.61
0.97
2.23
0.63
1.73
4.81
0.74
3.39
4.56
1.72
3.4
4.09
1.35
1.6
0.8
0.64
4.2
2.27
0.45
4.18
2.07
4.31
4.66
0.62
1.42
0.18
2.44
3.64
4.29
4.28
0.75
4.65
2.96
0.41
0.79
3.4
3.22
4.13
4.64
3.03
4.78
0.61
0.56
1.89
0.97
1.15
2.1
0.43
3.24
4.5
0.11
0.56
0.21
2.26
3.31
0.32
4.88
2.36
1.46
4.34
1.25
2.85
2.41
2.78
0.61
1.65
1.36
0.3
4.47
3.77
1.68
4.26
2.29
2.83
0.71
0.07
3.69
2.76
0.16
3.36
1.79
3.16
1.49
0.17
2.5
2.85
3.91
4.51
4.41
2.14
3.05
4.56
2.08
1.15
2.94
1.8
0.15
4.61
3.72
0.17
4.46
1.18
4.67
4.3
2.76
2.99
