0.34
1.92
1.26
3.56
3.72
0.57
2.82
1.46
0.91
1.11
3.26
0.76
4.76
0.36
0.27
3.13
4.9
1.24
3.75
1.57
0.39
4
1.6
0.44
0.55
3.63
1.64
1.23
3.3
4.54
1.12
1.15
0.87
3.65
3.35
0.3
3
0.53
2.29
1.01
0.86
2.5
2.8
4.04
2.96
0.08
3.75
3.16
4.36
2.01
2.09
3.04
3.63
1.28
2.93
0.12
2.98
1.67
0.1
3.78
3.77
1.11
3.74
3.66
3.22
4.35
3.17
2.73
0.42
0.9
3.22
1.75
2.09
3.08
4.17
3.51
4.62
4.92
0.2
0.1
0.13
1.91
1.16
1.36
0.21
1.26
3.8
1.71
0.62
4.43
2.5
4.33
2.04
4.23
2.94
1.94
0.25
2.76
3.81
0.51
3.32
3.42
0.23
1.92
1.89
3.11
3.97
2.5
3.68
4.12
2.47
3.15
2.93
0.67
1.71
4.74
2.72
0.06
3.2
4.28
4.48
4.75
3.62
4.92
4.33
4.35
4.66
2.01
4.11
1.17
5
2.99
0.26
1.12
1.79
3.46
0.32
0.79
2.9
4.55
0.64
3.9
3.45
4.26
3.55
2.4
4.59
3.13
0.88
0.78
2.9
1.92
4.27
4.57
1.76
2.26
1.82
4
3.39
2.68
1.28
2.56
2.26
0.04
0.29
3.55
0.05
3.12
3.41
0.67
0.04
2.35
4.04
2.06
3.54
1.32
2.95
3.56
1.02
3.98
4.01
3.4
2.38
2.69
0.17
2.04
2.13
1.88
0.3
4.12
2.53
0.33
4.73
3.19
1.32
4.61
4.72
4.98
0.03
3.85
1.23
3.39
3.72
0.52
2.98
4.1
2.34
1.44
0.78
3.4
4.47
0.93
2.42
2.34
2.22
0.29
3.78
2.7
4.37
2.3
2.13
2.61
0.09
4.38
3.27
2.79
1.82
3.39
0.13
4.11
0.37
2.5
1.84
3.95
4.69
0.22
0.41
3.44
1.31
3.21
2.49
0.1
2.66
4.64
3.34
4.64
2.09
2.13
2.25
4.11
3.21
4.44
0.47
4.14
1
4.17
4.92
0.78
1.75
4.9
1.58
4.53
2.02
0.31
1.61
0.88
2.06
3.69
2.04
1.05
4.26
0.42
0.44
4.83
2.84
2.32
1.56
4.09
1.11
2.44
4.01
4.18
4.25
4.72
3.38
4.16
1.14
0.13
4.9
3.48
0.72
0.13
1.08
2.58
0.89
4.23
1.94
3.64
0.55
5
1.1
1.6
1.91
4.24
0.51
2.07
0.2
3.05
2.35
3.93
3.41
4
4.69
1.05
3.42
0.17
0.79
3.45
3.72
1.88
4.29
1.51
1.45
0.29
2.66
4.17
0.76
3.02
3.49
2.99
3.86
0.24
1.26
1.43
3.45
4.76
3.83
1.83
0.05
1.58
2.62
0.86
2.05
4.67
2.74
2.54
4.84
3.47
1.71
4.17
3.06
4.48
4.35
2.43
0.85
0.73
4.29
3.82
1.52
3.54
3.76
1.8
0.29
3.43
3.11
1.7
2.08
4.13
1.55
2.95
1.97
3.03
1.24
0.14
3.88
0.94
1.88
2.49
3.07
0.5
3.53
3.22
4.12
3.59
0.98
1.52
4.36
4.56
3.47
1.59
1.97
0.4
3.01
1.22
4.85
3.07
2.76
2.76
4.28
1.46
1.14
4.6
4.89
3.34
0.04
3.38
0.67
3.99
0.91
2.92
4.34
1.29
4.03
3.22
1.54
2.37
1.97
2.83
4.76
0.86
0.26
2.78
3.05
2.35
3.08
0.35
4.04
4.4
0.91
4.26
4.37
4.79
4.23
1.86
4.3
0.32
1.27
0.54
3.75
4.77
3.02
3.13
0.67
0.16
3.15
3.76
3.07
3.19
4.72
3.82
5
3.59
1.48
2.21
1.96
4.48
2.78
2.13
3.07
2.22
2.52
2.33
3.11
1.81
4.43
4.59
2.47
0.47
3.66
3.34
4.72
3.77
2.87
3.9
3.32
1.11
4.73
4.48
0.79
2.08
1.28
3.08
1.22
0.61
2.74
3.24
3.07
1.22
0.49
0.61
0.84
0.68
4.17
2.33
4.14
4.06
4.36
0.28
3.31
2.46
3.15
3.63
4.83
1.53
2.36
3.86
2.59
2.98
4.68
4.03
0.44
4.72
2.64
2.28
4.33
2.06
2.01
0.53
0.16
4.82
2.44
0.58
0.05
2.71
3.03
1.41
1.37
3.66
3.36
1.94
4.12
0.65
1.89
4.96
3.56
3.27
2.93
3.36
0.28
0.22
4.09
4.23
3.29
2.62
3.18
4.73
0.98
3.68
3.18
1.87
0.78
0.18
4.29
2.12
4.44
3.01
1.64
4.18
4.28
4.49
1.5
1.9
2.38
0.14
4.89
3.78
3.92
1.38
1.49
4
3.11
3.22
1.48
2.83
3.1
1.05
4.2
1.99
1.91
0.19
1.86
2.33
0.17
1.77
0.05
4.95
1.04
2.8
4.54
3.24
3.42
0.53
3.42
3.56
1.48
1.41
2.82
2.04
2.57
4.04
3.66
2.11
3.66
3.06
2.33
2.12
3.82
3.29
4.4
2.71
1
4.14
1.8
3.53
3.36
0.07
4.83
3.52
1.27
2.14
2.06
1.72
0.14
2.78
2.31
4.56
1.05
1.28
4.72
3.2
3.26
1.56
4.32
0.85
1.9
1.74
4.93
4.57
3.09
1.75
4.49
3.75
4.18
0.08
0.3
4.23
0.51
4.26
2.89
3.65
3.45
4.22
0.14
1.09
2.59
2.08
2.44
2.87
3.41
4.07
1.71
0.46
3.74
0.04
4.21
1.75
3.88
2.69
1.86
4.59
2.06
2.79
3.83
4.9
1.81
0.74
3.32
0.58
0.71
3.2
3.76
2.43
1.18
4.42
4.97
1.63
1.06
4.84
1.62
1.31
0.94
3.71
4.5
2.95
4.84
1.73
0.76
4.75
2.9
0.03
2.66
4.07
2.31
0.26
2.39
3.24
3.76
2.89
0.86
1.47
0.27
2.03
3.83
2.24
0.4
3.46
3.67
2.66
1.56
2.49
0.5
3.98
1.37
1.04
0.92
2.29
4.06
3.54
1.29
3.51
1.76
4.33
0.1
3.2
0.25
3.02
0.32
4.4
4.99
1.78
4.42
1.96
3.4
2.4
2.55
1.27
1.66
3.2
2.15
4.31
3.88
4.8
1.17
4.92
4.28
0.36
2.34
1.99
3.89
1.43
2.97
0.63
1.18
0.72
0.68
1.12
1.55
1.06
2.56
1.53
0.94
4.18
1.24
2.86
2
0.42
4.88
4.06
1.81
0.3
4.59
3.21
2.67
3.09
4.56
1.11
1.51
1.67
2.66
0.95
3.79
0.36
4.28
3.55
2.2
1.38
2.62
4.76
2.98
4.18
4.4
4.77
1.08
0.34
1.7
0.57
4.92
1.12
4.77
2.26
1.72
4.12
4.28
1.57
5
2.14
3.91
2.76
3.69
2.53
3.09
2.42
4.51
3.63
3.71
2.71
3.69
0.77
2.54
0.05
2.64
4.02
3.01
4.14
2.5
4.15
4.16
4.5
2.26
4.18
2.66
3.09
3.45
3.98
4.12
3.3
0.24
0.43
4.6
1.05
3.95
3.99
3.53
4.9
4.95
3.9
4.59
1
2.52
4.49
1.48
0.58
0.56
4.13
2.36
3.75
3.84
2.99
0.37
3.3
4.71
0.93
3.36
0.58
4.22
1.04
2.56
3.14
0.29
2.25
4.01
3.21
1.99
0.36
4.21
3.7
1.77
4.07
0.98
3.06
1.24
2.73
3.76
1.34
3.06
4.32
4.51
4.36
0.94
2.19
3.66
3.45
4.9
4.81
1.91
4.32
0.79
1.45
0.38
1.26
3.07
4.34
3.02
2.74
1.57
3.7
3.86
2.06
3.7
4.21
4.34
1.56
4.66
0.59
2.52
3.28
3.73
2.8
4.09
0.45
0.53
1.24
3.47
0.94
1.98
4.88
4.97
1.49
1.92
4.58
0.92
0.89
4.04
1.12
4.81
4.1
3.04
3.61
0.75
0.57
2.88
2.74
2.25
0.47
4.71
2.03
2.64
1.6
2.71
3.97
1.97
3.39
1.37
0.09
0.44
2.3
3.62
4.99
1.4
2.8
2.39
3.86
0.67
4.74
3.07
1.7
2.98
2.78
2.47
2.84
1.89
1.26
2.9
4.73
2.83
1.15
3.9
0.69
0.14
0.93
4.59
0.78
3.55
3.41
4.17
1.47
2.35
1.68
4.39
3.77
3.13
4.62
0.03
1.17
3.25
4.51
1.83
1.73
1.92
2.11
4.22
0.4
3.85
2.26
1.08
1.55
1.21
1.1
4.23
3.42
0.17
4.88
3.54
4.6
4.13
1.55
4.01
1.26
1.14
4.9
0.93
3.62
2.9
0.72
3.7
4.92
2.5
3
4.42
1.21
3.96
1.39
0.66
2.84
4.97
2.37
0.07
2.85
1.6
1.85
1.46
4.73
3.07
1.4
2.18
1.52
3.67
3.2
2.62
3.98
1.21
3.84
2.85
2.49
3.12
1.52
3.03
4.7
3.89
0.96
3.2
0.34
1.41
0.37
0.01
4.66
1.13
1.08
3.47
0.69
1.46
3.17
0.66
1.74
3
1.96
0.99
2.03
0.69
0.87
3.38
2.85
2.95
0.3
3
0.48
4.22
0.04
2.21
3.95
0.76
3.46
2.32
2.7
0.85
1.34
1.1
0.35
4.09
3.83
2.93
3.63
2.78
2.65
0.57
3.15
3.92
0.02
1.41
3.5
2.87
2.04
1.06
0.7
1.49
4.26
1.09
1.38
1.32
2.09
3.54
0.94
0.17
2.6
3.67
2.91
2.13
3.61
0.86
3.86
1.52
4.27
1.99
2.27
3.94
5
4.65
2.76
2.21
3.25
2.46
4.38
0.45
3.73
3.19
3.88
0.22
2.09
4.03
4.99
0.23
1.29
1.28
0.75
4.42
0.6
3.58
2.75
2.59
1.71
0.21
4.07
0.67
3.76
4.78
0.87
0.59
4.95
3.13
2.71
1.82
2.59
4.66
2.32
0.04
0.01
0.73
4.72
2.12
0.53
2.54
0.78
3.1
1.65
0.87
4.37
4.51
0.65
0.62
1.83
4.6
0.7
3.9
1.72
1.44
4.8
4.22
0.93
4.89
4.53
4.32
2.06
3.33
0.55
0.9
0.28
2.48
4.29
1.45
1.94
2.83
3.67
2.6
1.75
2.05
1.88
0.37
3.53
2.68
2.49
4.72
0.65
3.67
2.7
1.14
2.18
2.69
3.64
4.08
0.81
1.92
0.18
4.12
4.5
3.42
2.44
1.89
0.49
2.99
0.51
3.15
0.66
4.14
4.41
1.58
0.95
4.67
4.09
0.72
4.94
1.27
2.47
2.21
3.84
1.66
0.74
0.23
1.82
3.75
0.35
3.54
1.79
3.64
2.86
4.43
2.44
0.67
2.88
4.11
1.25
2.63
4.57
0.58
0.76
2.15
3.02
3.98
2.09
0.79
4.58
1.96
1.69
3.8
2.28
1
2.52
1.68
4.4
0.08
0.13
4.69
0.53
0.69
0.92
0.52
3.06
2.76
1.49
4.4
0.09
2.52
2.5
0.86
0.97
4.11
1.69
0.23
3.92
4.49
4.06
2.69
1.88
4.49
2.84
2.96
2.4
4.78
0.17
4.18
4.46
3.68
4.9
3.97
2.17
0.59
1.07
4.76
3.22
2.79
4.12
3.14
2
0.96
4.01
1.56
3.5
4.19
0.24
1.18
3.7
2.96
3.45
1.73
2.44
0.14
4.86
3.56
1.41
1.85
1.11
0.78
2.62
2.05
0.8
1.79
1.25
1.58
4.29
4.2
4.9
4.56
2.27
0.9
2.29
2.07
2.27
3.1
0.23
4.95
1.04
1.7
1.73
4.52
3.26
2.89
1.98
0.33
5
2.36
3.31
0.98
2.25
1.34
1.54
2.19
0.2
3.01
1.61
3.89
0.39
0.58
2.1
1.81
2.27
1.07
2.25
4.9
0.87
0.79
1.49
1.75
0.68
1.96
0.84
0.62
0.83
3.74
3.6
3.93
4.93
0.23
3.26
3.59
4.86
0.11
0.87
2.28
4.7
3.06
0.44
0.31
2.93
0.35
2.26
0.42
4.12
0.4
4.11
2.42
2.11
2.06
2.8
1.78
0.13
3.02
1.06
2.17
1.33
2.74
3.45
2.27
2.67
0.08
3.56
2.23
0.62
1.69
0.63
4.31
0.81
4.32
3.86
1.34
1.28
2.29
2.41
1.78
0.08
2.18
1.56
3.08
3.06
4.64
5
0.85
2.67
0.85
2.09
0.54
1.22
4.86
2.08
3.11
3.95
4.26
1.07
3.78
1.38
0.1
3.03
2.46
0.31
0.61
4.01
0.93
3.95
1.76
3.46
3.12
0.68
0.52
4.93
2.07
1.25
3.99
1.05
2.76
0.82
4.31
4.18
3.09
1.24
3.15
0.1
2.8
0.67
4.17
1.54
0.23
3.52
4.22
1.25
3.16
1.83
1.45
0.1
0.24
2.6
4.59
0.35
5
4.94
2.16
2.45
0.95
1.81
2.16
4.97
3.47
0.68
1.26
1.36
4.55
0.89
4.66
0.13
4.8
4.16
2.75
1.39
0.73
2.73
4.66
3.97
2.15
2.15
0.82
1.42
0.54
1.76
0.23
4.41
2.28
3.2
0.56
0.15
2.43
4.49
4.04
0.18
4.45
0.24
3
2.56
2.15
4.48
0.86
0.36
1.87
3.22
4.74
3
4.91
4.39
4.2
4.64
3.11
4.99
3.55
2.83
4.23
0.52
4.8
3.3
1.69
1.44
1.33
3.51
0.27
4.79
3.31
3.89
0.13
0.52
4.66
0.86
4.83
4.77
1.91
3.4
0.48
2.48
3.6
4.49
4.46
4.43
2.63
2.07
1.96
4.54
0.26
4.14
1.21
4.57
0.78
4.9
4.68
3.3
1.75
2.82
2.9
0.86
4.84
3.57
4.39
1.33
4.27
3.38
2.03
0.11
2.19
0.02
1.28
0.78
3.68
1.85
0.53
4.44
4.85
3.83
2.46
1.37
1.27
2.87
2.15
1.13
1.04
3.89
0.89
4.39
1.8
3.42
0.55
1.16
4.45
0.03
3.02
3.5
1.73
4.43
3.8
1.3
0.53
4.47
3.19
3.04
1.83
0.2
3.17
1.26
1.57
4.98
0.46
0.28
3.78
2.63
1.83
0.12
1.91
0.83
0.98
0.97
1.64
1.86
1.17
4.28
3.34
1.47
4.47
2.19
3.74
1.15
0.72
1.85
1.9
1.89
3.07
1.57
2.57
0.05
4.48
3.1
3.34
2.8
0.98
3.15
1.78
1.88
1.96
1.05
0.15
4.02
1.78
0.22
1.47
2.17
2.61
0.66
3.73
0.83
2.76
0.09
3.44
0.75
1.72
3.74
1.8
4.17
3.64
4.92
1.89
2.12
0.93
3.02
3.41
0.18
0.54
0.2
0.92
2.97
2.23
3.28
1.84
4.44
1.57
4.46
0.44
1.23
1.88
3.21
3.26
2.26
4.06
2.31
2.9
3.31
3.93
3.46
1.11
1.04
3.51
1.23
3.63
0.7
3.14
4.92
0.34
2.7
4.93
4.23
1.1
2.24
1.06
1.99
4.58
0.07
1.24
4.81
0.2
4.71
3.06
1.68
3.11
1.19
0.55
1.01
3.33
1.7
0.33
3.65
1.3
4.94
4.88
4.93
0.62
0.4
2.93
1.81
4.62
1.6
1.04
4.78
4.95
4.52
0.07
2.63
3.92
2.22
1.62
1.08
3
4.01
0.66
1.05
4.37
3.67
3.94
4.07
4.41
2.87
3.64
0.14
3.22
2.58
3.77
0.94
2.5
1.46
2.28
3.69
2.7
4.45
3.12
4.15
4.7
4.68
0.66
2.44
0.88
2.62
1.2
3.3
0.11
4.76
4.79
3.94
2.14
0.74
3.61
2.92
0.61
3.99
1.45
4.78
0.23
2.62
1.47
0.01
2.58
1.74
1.34
1.08
4.07
1.13
0.43
2.45
3.77
3.32
3.99
1.1
2.46
2.79
1.15
1.37
3.22
0.91
0.34
1.94
3.94
0.57
2.88
1.04
1.74
4.72
2.3
1.97
1.34
2.48
0.21
3.36
2.57
0.16
0.05
4.94
1.28
4.26
3.48
3.34
2.57
3.63
4.15
3.69
2.42
0.36
4.28
4.19
3.42
1.77
1.21
0.26
2.18
1.82
3.53
1.44
3.68
4.43
0.93
1.75
2.58
3.73
4.88
2.02
2.99
4.71
1.26
3.81
0.23
1.88
0.72
4.34
0.45
4.66
4.99
3.26
2.89
3.04
0.32
3.28
2.65
1.39
3.37
4.52
3.13
2.87
3.82
1.41
2.43
4.18
0.4
1.65
1.46
1.16
1.51
2.8
2.18
0.1
4.45
4.61
4.68
3.11
4.46
4.34
4.45
2.1
4.15
3.82
2.95
0.83
0.89
2.52
0.68
3.87
0.55
3.35
4.85
0.02
1.93
1.68
3.36
3.25
2.83
3.19
3.1
2.79
1.19
1.42
4.3
2.5
0.28
2.51
3.67
3.73
3.35
0.83
2.18
2.69
3.64
1.18
4.73
4.72
1.29
5
3.4
1.59
3.84
1.12
4.21
3.98
3.27
4.51
3.86
3.8
3.55
4.78
1.34
3.65
2.26
4.61
3.02
3.12
4.37
4.76
3.29
3.74
0.13
2.69
3.34
2.33
2.05
3.48
2.97
4.33
0.52
0.01
2.62
4.66
4.46
1.03
4.18
1.51
0.75
3.72
3.62
1.52
3.61
1.47
2.9
2.52
1.02
3.68
2.06
0.74
0.82
1.11
1.53
4.98
0.65
3.37
0.54
3.49
4.76
2.75
1.93
0.03
0.85
0.59
0.76
3.15
2.1
3.13
3.18
4.03
1.21
0.04
0.03
0.37
4.54
2.22
0.17
3.78
1.37
4.22
1.36
3.58
2.98
0.93
0.97
2.52
0.48
4.28
4.87
1.87
0.14
4.67
3.69
4.11
4.42
3.77
4.33
3.98
0.34
0.04
2.36
1.03
1.04
3.83
1.03
2.9
0.6
2.44
2.5
3.24
4.51
4.44
1.44
1.62
3.17
4.77
3.75
4.01
2.45
1.87
4.15
1.2
1.48
0.27
4.75
2.28
2.29
3.12
2.81
1.48
0.67
3.24
0.51
4.17
1.7
4.45
2.47
0.51
3.01
1.2
4.06
2.12
4.8
4.44
2.3
3.13
4.02
4.79
2.9
0.22
4.27
2.56
2.53
3.06
1.53
4.92
2.56
3.71
0.48
4.11
1.52
4.83
4.8
4.76
4.4
0.54
2.26
4.89
3.91
2.28
3.29
3.32
2.66
3.96
1.81
0.22
1.56
2.3
2.18
4.47
0.93
4.72
1.83
2.42
4.49
3.33
4.93
3.16
2.9
1.85
3.1
3.31
4.74
1.73
4.81
0.32
1.62
4.61
3.82
3.4
3.7
2.72
4.66
3.24
0.75
2.65
2.76
0.33
0.05
4.93
3.16
4.3
3.27
1.51
0.67
2.1
3.46
2.72
1.69
1.98
2.22
4.08
0.51
4.53
3.88
0.21
0.24
0.38
2.18
3.38
2.68
4.15
0.06
2.89
4.96
2.02
2.26
0.08
4.37
0.54
3.87
0.48
1.07
1.51
4.34
3.83
0.84
2
3.01
2.25
1.93
1.86
2.39
0.52
0.28
3.47
3.46
1.61
0.96
4.67
0.3
2.13
0.89
4.32
0.01
0.93
0.25
0.36
1.62
4.04
0.44
2.47
1.78
2.46
0.18
3.38
2.12
3.01
3.65
1.68
4.44
4.08
2
4.66
1.71
1.5
3.83
4.97
0.35
4.51
2.78
2.69
0.11
3.56
1.61
1.72
3.02
1.89
4.51
1.81
2.01
2.2
1.26
0.62
4.63
0.62
1
1.81
4.32
1.97
0.68
2.74
1.8
1.72
3.89
0.31
4.93
0.14
2.3
2.17
4.23
1.2
2.15
0.43
0.94
4.65
1.03
2.82
1.28
3.29
1.48
2.15
3.67
3.89
0.47
2.95
2.95
2.33
4.27
2.07
3.25
2.72
4.86
1.16
1.68
1.13
4.77
3.86
0.99
4.67
3.07
2.13
0.12
0.73
2.38
4.6
1.79
3.96
1.89
0.65
0.56
0.32
0.09
1.98
2.73
4.19
4.45
0.85
0.06
0.34
0.55
3.27
4.12
2.35
2.53
3.18
3.03
3.04
4.22
3.58
1.83
4.19
3.25
3.97
1.92
0.54
4.78
4.01
4.24
1.38
2.51
3.5
1.32
1.11
0.18
4.44
0.16
0.48
4.75
3.77
1.28
3.12
4.29
1.42
2.49
3.61
1.9
1.41
2.22
4.89
1
0.14
1.95
1.11
0.17
0.98
0.61
3.22
2.06
4.75
1.09
0.19
2.99
1.22
0.67
1.67
4.98
0.42
2.34
4.84
4.96
1.74
2.87
3.39
2.45
0.86
2.92
4.06
2.78
1.69
1.36
4.89
3.18
2.32
3.87
3.54
4.15
0.44
1.59
0.15
1.32
4.55
0.23
0.67
1.84
2.53
1.87
1.48
0.06
3.87
2.18
2.46
0.1
2.17
1.49
3.96
2.48
0.24
1.68
4.12
2.84
4.83
1.22
0.93
4.65
2.7
2.48
3.75
4.49
4.85
0.58
2.07
1.89
0.7
1.09
3.77
3.03
1.03
