2.52
3.64
4.29
0.9
1.98
2.48
0.54
1.22
2.43
0.91
4.38
3.07
4.75
3.42
0.41
3.49
1.9
2.83
4.97
4.96
0.38
2.91
2.45
4
2.94
0.07
3.95
3.17
1.53
3.91
3.02
4.37
4.52
0.03
2.49
4.23
4.28
3.72
4.86
2.26
0.95
1.58
0.93
3.03
2.56
0.82
0.06
4.6
3.09
4.52
1.71
3.77
4.94
3.31
3.17
0.49
0.45
2.49
0.71
2.93
1.06
3.1
0.26
1.16
4.58
1.7
3.22
0.58
2.27
0.27
3.38
3.02
3.8
4.04
2.66
0.69
0.44
0.44
1.44
2.87
1.44
4.01
1.37
3.82
2.83
0.67
1.45
4.75
3.66
2.61
2.23
2.33
3.45
4.54
1.36
2.34
4.35
2.6
2.3
3.08
1.71
1.89
3.23
1.19
1.89
1
3.37
0.43
3.35
0.87
1.03
1.37
4.73
3.58
2.3
0.59
2.26
3.98
4.41
3.63
2.39
4.49
1.22
0.43
0.9
0.27
2.42
0.48
2.75
0.88
0.24
2.57
1.25
2.51
3.45
2.02
0.62
4.69
3.62
4.91
0.85
1.43
2.75
0.8
3.03
4.02
2.38
4.67
3.77
2.34
0.36
1.61
2.27
5
2.28
0.66
0.12
0.15
3.68
0.43
1.96
4.79
4.36
0.88
3.53
1.94
2.79
3.48
1.26
3.3
0.65
3.37
0.48
1.99
2.5
1.11
1.52
0.41
1.47
4.28
2.27
3.86
1.1
2.91
1.8
3.18
4.52
4.17
2.49
0.56
4.23
4.4
2.18
4.83
2.99
1.07
2.08
3.04
0.92
3.86
0.45
3.79
1.09
0.37
4.71
0.8
4.76
0.63
0.83
1.44
1.32
1.93
1.95
1.58
0.75
2.87
1.41
4.29
4.73
4.22
4.08
4.1
4
3.57
4.27
2.81
4.59
3.28
2.82
1.82
4.04
2.13
2.56
0.01
1.89
0.18
1.99
4.83
1.12
0.51
4.09
4.53
1.35
3.9
4.15
0.94
4.83
4.85
1.48
2.5
1.18
3.06
0.01
2.19
2.87
1.6
1.57
4.51
2.48
4.2
2.09
0.15
3.51
1.55
2.29
4.1
2.65
1.46
1.23
2.84
2.17
1.78
1.39
0.66
0.49
3.22
4.46
4.3
1.75
1.01
3.65
3.36
3.16
0.38
2.12
1.9
1.86
1.34
4.73
1.33
0.26
2.79
2.7
2.37
4.34
1.1
0.27
2.07
0.29
1.98
2.54
0.43
4.04
1.97
0.57
4.7
2.12
2.72
0.34
1.57
4.74
1.97
1.73
2.38
4.55
3.33
4.5
2.57
2.09
0.38
1.04
4.61
0.37
2.57
4.53
1.06
0.14
0.98
4.52
0.71
0.9
4.17
4.79
1.59
0.77
1.91
0.46
3.3
1.64
1.35
0.73
2.67
2.63
2.82
4.09
0.11
3.28
4.6
3.92
2.41
1.74
2.77
2.49
0.43
1.86
2.79
4.54
4.63
2.27
3.45
1.96
4.37
4.21
2.72
4.6
2.21
4.32
1.5
4.6
1.37
0.52
3.37
2.41
4.28
4.77
1.5
0.38
1.96
1.55
0.67
4.16
1.91
0.57
1.68
3.84
4.61
0.64
0.44
4.59
4.95
1.37
2.25
3.92
0.46
1.96
3.76
3.69
4.08
0.79
0.56
2.58
2.36
2.68
2.03
2.73
2.67
4.41
0.16
0.98
1.1
4.61
0.25
3.81
1.14
0.25
3.94
2.36
0.96
2.93
2.12
0.02
0.64
2.52
1.42
2.41
3.58
4.7
3.28
4.72
0.57
2.36
1.37
4.47
1.17
1.44
0.54
1.81
3.44
0.74
1.16
0.33
1.44
2.34
1.88
3.31
1.39
4.82
1.37
3
3.66
3.31
3.72
4.74
3.12
1.03
0.82
3.47
2.49
3.31
1.05
5
3.46
1.57
2.33
4.85
0.44
1.48
1.04
1.97
0.7
0.03
2.49
3.95
0.99
0.81
0.33
2.16
0.14
2.78
1.66
0.06
4.46
2.44
0.71
3.63
1.43
4.54
0.48
0.13
4.58
0.94
0.78
2.68
4.46
0.35
4.38
0.41
2.18
2.45
4.07
1.04
3.93
1.79
4.3
2.21
0.64
4.06
1.6
3.22
3.74
3.68
3.48
4.58
0.69
3.88
0.73
2.36
0.89
4.8
3.6
4.06
3.99
2.35
2.71
1.69
4.6
2.35
4.3
0.84
1.98
2.67
2.76
4.92
4.63
0.04
4.48
1.71
0.8
4.28
1.56
0.42
4.5
0.96
2.34
2.22
0.33
0.27
1.19
4.78
3.22
1.33
0.45
2.64
1.2
3.33
4.12
3.46
0.92
2.77
2.97
2.92
3.31
4.37
2.48
3.23
4.45
0.76
4.91
0.6
3.56
2.72
0.56
4.05
3.29
4.09
1.23
1.28
1.3
0.11
2.33
2.77
2.12
4.74
2.17
2.63
0.22
3.48
4.21
3.33
1.97
2.44
3.94
2.84
4.84
2.66
4.43
3.85
0.91
1.4
3.38
3.53
0.05
4.28
3.57
3.5
4.48
3.55
0.99
0.02
3.38
3.17
1.04
4.57
2.89
3.45
1.85
0.8
4.91
4.2
1.43
3.73
1.75
1.76
0.81
1.65
4.76
0.58
1.87
4.84
1.31
2.92
1.09
1.65
0.81
1.1
0.27
4.35
3.69
0.82
0.57
0.38
2.55
1.67
1.55
0.72
4.01
4.44
0.4
4.08
1.64
4.92
3.77
4.34
0.4
3.4
2.03
4.64
1.03
2.78
4.69
3.48
0.18
0.88
0.74
4.12
3
2.73
4.61
1.51
2.37
2.56
0.16
0.62
2.77
0.99
2.32
4.06
3.05
3.88
4.59
3.81
2.62
4.77
4.31
2.27
0.68
1.28
3.87
3.05
2.34
3.51
4.03
0.46
1.3
2.39
4.43
4.77
3.69
3.61
0.01
3.18
2.72
0.84
4.79
2.71
1.72
1.73
2.03
1.4
2.49
1.85
4.92
3.16
3.32
3.86
4.37
1.95
0.68
0.2
3.66
3.08
0.19
4.86
0.57
1.13
3.3
1.45
2.79
2.46
0.26
3.22
0.17
0.39
2.31
2.56
1.9
2.13
3.17
4.22
4.48
1.04
0.6
1.05
0.66
1.9
3.49
2.38
3.58
4.95
0.76
4.49
0.42
3.45
3.78
1.06
0.11
0.7
3.08
4.72
2.4
4.69
0.26
4.89
1.62
1.17
0.23
2.98
4.62
4.51
1.95
2.78
2.49
4.47
0.64
0.58
0.63
2.58
4.44
0.87
3.41
2.8
4.82
0.4
1.29
4
1.57
1.07
3.14
1.87
2.39
0.64
0.97
2.88
2.62
2.9
3.11
3.14
3.08
4.43
4.3
1.78
1.55
3.08
2.76
1.16
3.62
1.78
2.76
3.97
2.62
0.3
0.51
0.83
0.8
4.65
0.63
4.91
2.65
3.46
1.39
2.22
0.32
2.8
1.68
4.95
3.18
4.32
1.78
1.76
3.66
3.19
1.34
0.71
4.43
1.83
1.27
3.65
4.86
4.01
3.05
0.75
4.7
2.12
3.22
2.14
1.43
4.07
4.8
3.17
1.09
4.75
0.5
0.93
0.1
2.66
2.4
0.85
1.7
1.53
3.76
3.09
0.69
2.36
4.39
3.84
2.18
4.47
4.82
0.3
3.2
3.3
3.08
0.31
2.9
1.31
1.67
1.72
0.31
1.48
2.95
1.35
0.67
4.56
3.79
3.08
1.03
4.91
2.08
2.01
0.57
3.29
1.56
4.41
0.72
3.96
3.9
2.19
4.93
1.49
1.94
1.18
0.05
1.12
3.38
2.43
0.07
2.33
0.84
0.47
3.83
1.29
3.41
3.01
0.98
4.62
0.98
3.31
0.28
3.08
0.6
1.2
0.64
3.5
1.7
0.83
3.97
1.03
4.5
2.86
2.75
2.38
1.66
4.75
1.07
3.59
0.34
0.93
4.92
1.66
1.16
4.31
4.68
0.77
4.94
2.14
2.29
4.99
4.73
3.97
0.46
4.67
4
3.95
4.01
0.22
1.53
1.24
0.3
2.07
3.1
3.9
0.74
0.34
2.2
2.47
4.39
0.64
4.74
2.4
1.49
2.78
3.75
4.94
0.55
3.03
0.8
1.22
2.47
3.48
2.45
2.91
2.51
4.02
2.23
3.26
0.23
4.11
1.44
1.86
0.55
3.57
4.61
3.78
2.79
2.39
3.08
4.76
3.38
3.51
3.08
4.37
2.17
1.28
0.83
1.37
3.32
4.7
1.34
0.27
2.59
1.06
3.33
1.9
2.32
3.72
0.02
1.19
2.38
2.84
1.66
3.75
3.85
1.38
4.17
2.06
3.24
0.6
1.34
0.68
0.99
0.26
3.36
3.66
0.26
2.61
1.48
2.45
0.93
1.01
0.69
2.14
0.93
0.58
0.68
0.21
4.98
3.54
3.93
0.51
1.03
1.78
2.3
4.83
4.56
4.82
3.04
3.79
0.86
0.33
1.65
1.55
1.86
1.1
2.34
0.89
3.85
3.22
1.62
1.62
1.11
3.49
4.8
0.12
1.96
0.39
0.68
4.14
3.61
1.95
1.39
2.48
1.6
2.55
1.59
4.31
3.81
4.44
2.87
1.54
3.9
2.23
4.46
0.54
1.01
3.32
4.84
3.63
3.73
1.38
1.08
1.26
0.82
1.72
4.38
2.22
4.71
3.67
1.84
3.9
4.29
1.83
1.02
2.86
3.29
3.37
3.34
0.02
1.74
4.07
4.28
4.43
3.99
2.97
2.66
3.84
2.36
3.3
2.77
1.44
3.23
2.26
4.54
4.21
3.02
4.04
4.77
1.89
2.87
3.85
1.91
1.75
0.6
1.1
0.5
3.6
1.43
0.58
3.99
2.91
3.37
1.9
3.15
2.32
3.32
3.49
5
4.64
4.17
0.82
3.29
3.09
1.84
2.38
1.8
3.87
0.29
2.68
1.36
1.69
3.76
0.23
3.54
1.6
1.14
4.22
4.28
2.83
1.51
4.83
3.51
4.15
4.35
0.52
0.17
1.19
1.25
0.04
1.45
4.35
4.79
4.44
0.51
2.67
2.65
1.85
4.79
2.67
2.39
3.33
1.51
0.32
2.81
2.15
3.52
2.59
4.99
3.76
2.92
3.77
1.38
3.31
4.09
3.89
2.9
2.19
0.44
0.03
1.66
2.07
2.75
2.68
0.32
4.87
0.07
4.53
2.79
3.35
1.47
2.4
4.24
2.97
0.39
1.43
2.05
3.88
2.73
1.38
0.21
0.38
4.02
2.85
2.12
3.87
3.96
1.53
1.42
1.63
0.65
1.53
3.64
3.95
1.28
4.97
2.81
3.84
3.53
1.06
1.21
0.6
4.56
3.41
2.43
3.09
2.19
1.19
0.5
1.44
3.4
2.37
2.08
4.27
1.88
1.38
1.56
1.81
0.94
1.61
0.38
2.95
0.32
3.49
1.3
1.02
0.43
2.86
2.58
3.42
4.51
2.96
0.31
1.69
1.88
4.66
4.34
3.49
2.93
4.72
2.37
0.39
0.93
3.76
4.36
4.24
1.1
1.06
3.86
4.7
4.78
1.37
1.63
1.49
1.1
1.95
3.12
3.13
4.8
3.93
4.76
3.54
4.78
2.04
1.49
4.75
4.71
4.41
0.04
1.47
4.11
3.51
0.83
3.2
1.42
3.66
2.77
0.27
3.88
2.1
0.06
2.06
3.71
0.62
0.49
4.23
2.58
0.86
0.53
4.57
0.16
0.34
2.33
1.4
0.76
0.51
3.38
3.18
0.2
3.28
4.44
0.3
0.9
4.41
4.96
4.81
3.91
2.19
2.24
0.37
4.53
0.02
0.08
2.23
3.6
2.19
3.84
2.27
1.88
0.44
4.8
1.56
3.96
2.52
3.41
1.03
4.62
0.65
0.7
1.83
2.06
4.51
0.62
4.43
3.66
1.97
3.94
4.01
3.88
0.39
3.93
3.89
3.75
4.76
0.67
1.83
2.68
1.94
4.69
1.5
1.8
1.13
0.86
3.18
0.11
0.48
3.01
3.6
1.62
3.83
1.4
4.02
2.55
2.52
4.64
2.27
3.13
3.24
2.74
3.16
3.59
1.78
2.4
4.75
1.18
2.52
4.67
4
0.52
0.92
1.48
3.58
0.82
3.29
4.38
4.35
4.37
2.41
3.3
0.65
3.96
0.35
3.61
2.99
1.15
1.42
3.02
1.43
0.49
2.3
2.72
1.99
3.4
3.28
3.85
3.79
2.77
2.01
0.17
4.37
4.14
0.65
2.87
0.66
0.87
0.73
2.86
4.5
0.22
1.51
0.99
1.12
1.62
1.97
4.52
4.48
2.13
3.68
3.05
2.45
0.66
2.99
3.73
3.9
2.59
0.27
4.08
3.21
4.63
0.13
0.35
0.8
2.19
2.77
0.7
1.68
0.98
2.96
3.64
2.28
4.63
0.04
1.34
0.85
4.92
0.13
0.37
2.34
2.86
3.82
4.03
2.4
2.54
4.91
3
1.27
2.19
4.69
2.77
4.28
0.92
0.08
4.2
4.34
2.01
3.5
2.48
3
1
3.82
2.66
0.07
1.44
2.28
1.37
4.18
0.85
4.8
1.18
3.35
4.71
1.03
0.38
1.67
3.18
0.25
4.16
0.19
4.09
0.18
0.44
3.82
3.33
4.13
3.77
4.49
2.69
4.88
1.75
4.43
4.69
0.04
3.68
4.37
4.12
3.58
4.33
3.11
4.03
3.54
4.1
3.26
2.75
3.55
2
2.8
4.45
4.82
4.84
1.13
3.92
2.46
2.45
4.92
3.86
1.59
3.56
4.35
4.65
0.54
3.88
4.02
2.45
3.37
4.75
1.98
0.39
1.55
3.75
2.85
2.16
0.02
3.92
3.29
0.09
2.55
1.28
3.22
3.41
3.18
3.26
1.23
2.54
3.88
2.81
2.2
4.51
3.02
3.4
0.32
4.82
4.66
1.89
2.82
3.89
4.25
2.83
3.3
3.9
2.24
3.55
0.61
1.67
1.39
0.62
0.97
2.51
0.02
1.84
4.81
3.47
0.82
4.07
4.39
2.89
2.46
2.64
0.03
2.18
4.02
4.52
0.7
3.28
3.41
2.38
1.83
0.79
0.53
2.02
4.47
3.51
1.28
0.9
1.47
1.42
4.27
1.94
0.23
2.85
1.93
4.09
2.28
2.14
1.98
2.13
2.93
4.93
1.15
0.44
4.87
4.73
0.06
0.41
4.72
4.27
1.09
4.62
0.96
0.64
4.9
3.62
2.14
1.65
1.44
2.29
2.31
2.97
1.01
1.66
1.96
2.07
0.48
1.3
0.26
3.72
0.75
2.49
2.32
4.44
2.59
3.56
0.41
2.46
3.42
0.21
1.76
2.41
1.22
1.24
4.6
4.39
1.59
0.78
2.67
4.38
1.53
1.44
1.74
4.12
0.43
5
2.45
1.54
3.03
3.94
0.32
0.27
2.05
3.98
4.5
4.4
0.27
0.08
0.2
1.61
3.35
3.32
3.99
0.22
2.25
1.46
2.27
3.44
0.08
3.84
2.65
3.93
3.6
4.68
3.57
0.05
1.95
0.88
1.62
3.39
0.18
4.55
2.81
2.05
1.97
0.27
3.02
4.02
3.96
0.04
1.37
3.18
2.48
4.05
1.88
1.09
3.91
3.62
3.84
3.63
4.8
3.55
0.53
3.11
2.14
1.13
3.06
0.75
3.48
2.5
2.02
0.89
1.9
0.03
3.74
2.34
3.03
3.63
2.74
1
2.55
5
4.83
2.79
3.09
4.99
2.83
3.59
2.56
3.49
4.13
2.11
4.9
1.41
2.6
4.72
3.38
3.56
4.82
4.94
0.03
2.38
2.43
4.95
3.4
0.23
2.21
3.87
4.7
4.23
3.29
2.7
4.35
3.81
2.89
4.01
4.29
2.2
2.01
0.4
1.04
2.01
4.77
0.24
1.44
0.17
3.91
2.64
4.45
4.52
0.42
0.25
1.27
1.18
1.22
4.58
2.33
1.9
3.48
2.41
2.66
0.14
3.6
2.49
2.02
0.44
2.06
0.4
4.44
0.85
0.22
4.89
4.19
3.81
1.24
3.19
3.98
4.5
4.71
1.8
2.09
0.91
2.35
4.51
4.08
1.79
0.76
4.66
3.31
4.23
3.05
2.96
4.72
0.27
5
2.43
2.37
4.91
5
0.48
2.15
2.7
3.42
1.46
1.12
3.42
3.96
3.45
4.35
3.58
4.81
4.47
4.67
4.06
1.39
2.11
4.25
1.75
1.58
1.1
4.74
2.73
1.35
2.15
0.25
2.65
2.31
0.1
3.61
0.63
2.32
2.55
1.25
1.26
2.69
0.74
0.23
2.76
0.04
4.28
4.42
4.7
2.78
0.51
1.38
2.26
4.04
1.65
2.61
3.35
3.06
2.87
3.01
2.73
2.79
3.9
1.29
1.31
4.96
3.23
2.36
3.74
0.62
3.77
2.33
3.21
2.41
4.31
1.5
3.92
2.21
2.33
2.02
4.61
2.5
4.71
1.22
4.63
0.39
1.79
2.57
2.73
0.27
0.33
4.55
2.83
1.51
3.84
1.27
2.89
4.42
3.9
4.28
0.4
1.45
1.81
2.03
1.91
1.31
2.8
0.51
3.59
3.65
0.1
0.26
1.46
1.49
0.69
2.28
2.59
3.88
1.18
1.42
4.71
2.59
2.76
2.1
1.29
0.06
2.56
2.84
3.54
1.61
1.58
2.66
0.06
1.54
3.41
3.07
4.89
4.54
1.85
3.29
5
4.27
2.48
4.93
1.05
0.75
4.88
1.89
4.85
2.9
2.44
3.31
4.16
2.43
2.24
1.44
1.17
3.37
1.23
2.09
0.13
2.17
0.02
2.21
0.27
4.52
1.45
3.61
1.3
2.26
2.67
2.57
0.45
4.48
4.23
2
1.17
4.88
3.22
1.09
3.09
1.4
0.45
3.5
3.33
4.45
2.74
3.27
1.24
2.45
4.67
0.16
1.53
2.68
3.07
4.79
0.74
2.96
2.57
4.39
0.83
2.17
3.98
2.48
4.52
4.06
2.1
3.66
4.8
3.26
0.52
3.83
4.52
4.51
3.19
2.96
4.84
1.46
2.16
2.86
4.39
1.55
0.67
0.96
4.02
3.39
0.69
1.19
3.45
2.25
0.24
4.68
0.26
3.38
2.5
2.8
4.15
4.56
4.28
0.53
1.87
1.91
0.34
2.25
1.49
3.88
2.66
1.51
4.08
3.87
4.76
1.46
1.73
3.25
1.12
4.12
3.66
4.76
2.85
3.69
2.95
4.94
0.91
4.05
1.96
1.01
4.53
2.39
1.15
4.33
2.04
4.35
0.75
1.96
3.75
4.8
2.45
2.74
2.71
2.41
0.91
4.35
4.18
3.39
4.64
3.83
4.23
0.82
1.26
4.31
0.11
4.75
1.65
1.53
4.68
1.28
2.25
1.35
2.26
3.79
2.63
3.63
0.11
0.34
3.38
2.62
1.72
4.86
2.34
1.66
3.95
1.45
1.7
0.29
4.7
0.2
2.26
4.82
4.32
3.33
2.93
1.47
4.37
0.86
2.5
0.24
4.71
3.23
3.8
1.88
0.86
4.12
0.34
2.34
2.55
1.12
2.5
1.97
2.26
3.88
1.99
3.03
2.52
0.21
4.71
0.33
4.52
1.76
0.63
2.73
3.17
3.05
0.18
0.74
3.71
1.68
4.08
0.55
4
4.13
2.46
1.68
4.32
1.03
1.11
4.9
1.9
1.26
4.84
1.06
1.69
2.11
4.12
4.58
0.07
4.51
4.46
2.09
0.19
0.42
0.81
0.71
4.04
0.87
1.53
0.09
0.97
0.16
2.91
4.37
4.09
2.68
1.23
0.26
3.07
4.33
0.72
2.54
4.43
1.86
1.51
0.32
0.93
1.95
4.95
1.33
1.74
4.26
1.89
2.45
0.33
2.55
0.35
4.51
0.13
4.94
1.03
1.88
2.28
2.47
0.63
0.19
0.95
4.82
2.98
2.89
1.79
2.84
2.95
0.37
0.79
2
0.09
4.49
0.14
1.2
2.32
3.79
1.52
4.82
1.22
2
4.04
2.24
0.55
4.28
3.4
0.37
4.23
3.39
4.79
2.94
0.58
2.93
2.03
1.6
4.83
2.89
1.98
1.42
0.9
0.32
3.75
2.74
0.42
2.75
3.82
0.19
4.28
1.45
2.93
4.5
0.73
4.24
2.78
2.94
2.66
3.36
3
3.62
4.78
2.92
4.07
2.01
1.04
4.06
4.83
3.88
2.7
1.86
3.83
2.98
1.09
2.6
3.16
2.52
2.66
2.46
2.4
3.92
2.21
3.53
4.4
0.95
3.61
3.03
0.05
3.11
0.96
1.61
3.63
4.88
2.8
1.03
3.23
1.13
1.07
3.22
1.15
3.73
2.06
2.25
3.49
1.13
1.85
3.66
0.48
1.39
3.67
1.86
3.26
3.15
1.76
3.46
3.71
2.78
4.96
4.12
2.7
4.75
2.93
3.27
2.86
0.83
4.87
4.81
4.49
2.77
4.92
3.76
4.82
2.49
4.72
4.86
3.71
1.54
2.17
3.05
3.35
0.98
1.81
4.99
3.92
3.75
1.45
2.77
0.23
4.39
3.23
0.88
3.63
1.59
3.82
0.74
2.75
2.89
3.76
3.24
4.22
2.1
4.82
3.16
3
0.39
0.89
2.41
0.71
0.28
2.86
3.79
0.71
0.91
2.43
1.05
0.7
