2.85
3.47
0.06
0.04
3.25
1.47
4.69
0.5
1.32
4.8
1
1.16
4.06
3.87
3.7
4.68
4.15
2.81
3.3
3.95
0.5
0.41
3.31
1.79
2.74
1.67
4.44
4.56
4.76
4.36
1.94
4.65
0.62
4.16
4.08
3.09
4.76
4.96
0.62
4.38
1.19
3.05
3.93
3.76
4.76
0.93
2.05
1.62
4.02
1.28
3.41
0.71
1.78
4.25
2.84
1.95
2.16
0.14
3.09
0.52
4
0.15
4.33
2.6
0.72
0.32
2.06
2.82
1.11
3.32
0.04
4.88
4.25
1.96
2.06
3.75
3.71
2.89
4.13
0.49
0.88
2.24
4.15
2.03
3.56
1.49
3.58
4.2
1.01
0.42
0.11
4.82
1.16
4.34
4.74
1.4
1.61
0.23
3.38
3.92
1.3
1.41
0.43
4.08
1.38
0.08
2.61
4.71
3.44
4.75
2.33
1.93
0.97
4.01
1.57
0.24
2.45
1.52
2.73
2.07
3.54
4.45
3.18
1.85
0.61
4.81
4.4
0.32
2.07
3.68
0.16
0.28
3.09
3.66
3.82
0.99
2.17
4.11
0.53
2.5
1.38
3.89
3.9
4.35
4.42
1.9
2.38
2.9
1.86
0.68
0.41
0.84
4.51
4.69
0.45
3.4
2.75
4.39
2.85
1.77
2.08
4.16
4.77
5
1.41
2.84
4.25
1.92
0.94
3.24
4.23
4.9
2.06
2.02
3.64
0.49
2.21
2.6
3.79
2.75
1.75
2.95
1.05
4.35
4.98
0.6
1.3
3.36
2.56
2.63
3.28
2.8
1.16
3.8
2.62
3.83
2.35
4.75
2.58
2.62
4.86
1.04
1.46
2.25
1.61
4.12
4.45
1.75
2.48
4.97
0.47
0.68
0.33
2
0.03
1.72
3.6
4.52
1.57
4.53
0.23
0.41
0.03
3.82
0.25
4.66
4.55
2.78
1.51
0.99
0.93
0.63
4.21
2.33
2.58
2.44
4.48
4.72
3.94
2.29
0.21
3.06
2.08
3.23
0.12
2.33
1.58
3.04
3.29
3.97
3.39
1.14
1.33
2.65
1.91
3.79
2.9
4.2
4.89
0.22
4.47
0.87
1.81
2.09
0.7
2.94
3.04
4.52
3.79
1.47
0.73
3.24
4.81
1.07
3.56
4.03
3.98
0.17
0.85
1.99
4.69
0.33
0.49
0.03
4.27
0.8
2.14
0.59
2.93
1.89
4.99
3.45
0.14
1.44
1.98
1.03
4.65
0.79
3.13
3.8
3.55
3.8
0.31
1.02
2.75
3.22
1.32
4.63
2.76
2.79
2.34
0.52
0.82
3.26
3.71
4.51
1.11
2.06
4.51
2.82
2.36
4.53
4.46
1.89
3.13
0.75
0.96
4.3
0.23
2.62
2.46
3.78
4.77
0.15
3.47
1.72
4.88
1.99
4.48
5
4.8
1.4
0.25
2.85
3.16
2.36
1.14
4.6
1.45
3.7
1.94
0.91
0.59
1.29
2.59
0.51
2.9
4.88
1.63
1.41
0.45
3.18
2.2
1.89
3.07
4.54
2.36
4.5
2.49
4.65
2.94
4
2.94
2.73
4.02
0.34
4.02
2.83
2.21
4.03
4.69
1.53
3.17
4.68
0.62
3.08
1.83
2.42
2.65
1.9
0.76
3.22
1.63
0.56
1.98
1.67
1.99
0.53
3.25
0.98
1.91
0.27
2.23
3.22
1.35
3.39
2.19
2.88
2.73
4.17
4.23
3.37
4.02
3.19
1.68
3.19
2.77
2.14
4.23
2.86
3.83
4.53
0.43
1.84
4.8
1.31
0.72
2.48
4.62
3.09
0.35
1.12
1.03
1.99
3.06
1.83
4.33
1.41
1.74
2.23
3.19
1.47
4.71
0.71
0.88
3.73
1.44
1.38
3.24
1.93
2.67
3.63
1.77
3.46
2.04
0.62
0.5
1.3
4.71
2.76
1.55
3.05
0.1
4.67
0.8
4.57
2.66
3.18
0.82
2.01
2.59
0.86
2.41
2.54
0.18
0.72
1.49
0.92
2.5
2.87
2.66
2.7
0.65
4.37
3.74
2.64
4.49
3.78
1.33
1.32
2.55
3.29
4.94
4.44
3.93
2.19
1.97
0.53
3.64
0.22
4.62
3.63
3.88
4.24
1.85
3.89
2.15
4.35
2.94
2.35
2.32
4.16
4.77
1.72
1.38
2.67
0.21
0.89
2.82
1.79
4.65
4.94
4.57
2.26
3.7
0.98
2.26
3.28
1
3.59
4.62
0.18
0.09
2.09
1.5
1.58
0.38
3.98
3.93
3.14
3.05
4.77
3.8
3.66
1.11
1.5
3.91
3.48
0.91
0.13
4.65
4.03
0.15
0.26
3.14
0.53
1.64
4.29
4.32
2.62
4.22
0.4
4.53
3.28
1.69
3.86
0.49
1.89
0.81
4.97
0.37
3.22
3.34
0.82
0.26
2.39
2.26
1.91
1.58
1.63
1.2
1.83
2.67
0.11
2.95
2.53
0.25
0.63
2.56
4.47
0.92
1.71
1.58
2.4
2.33
0.93
4.94
2.85
4.47
1.7
3.26
1.75
2.88
0.97
3.67
2.15
4.73
4.27
3.7
3.12
0.23
4.53
4.26
3.68
2.8
1.44
1.4
2.94
1.76
0.75
4.48
0.51
0.08
1
2.59
0.7
1.45
3
0.22
1.57
4.07
1.55
3.72
2.27
4.79
1.74
1.94
1.9
1.57
0.41
1.54
1.16
1.87
3.57
0.95
0.11
3.25
2.47
2.84
3.11
0.62
2.77
4.96
3.08
0.19
0.02
0.76
0.77
2.99
3.05
2.56
0.08
4.48
1.86
3.53
3.78
2.19
3.65
0.17
0.78
1.64
2.79
0.08
4.54
2.64
2.55
2.98
2.12
3.98
3.69
0.2
1.09
2.63
4.94
1.02
4.69
2.91
2.17
2.73
3.99
0.26
2.19
4.79
0.05
0.21
2.65
1.19
0.92
4.75
3.63
0.64
3.3
3.55
0.79
1.91
1.3
4.74
4.51
0.3
1.66
0.89
4.38
2.86
0.94
4.4
2.8
0.83
0.88
1.24
0.2
0.38
0.77
4.69
1.69
0.96
1.63
3.27
3.16
3.05
1.72
1.13
3.67
1.48
2.98
4.66
1.58
3.9
0.85
3.84
2.77
4.23
1.3
4.82
1.24
2.56
1.71
2.13
1.84
4.23
3.14
3.41
3.85
4.77
1.67
0.04
1.04
1
1.85
0.86
1.97
3.78
0.54
3.6
4.01
1.2
1.72
0.72
3.15
1.75
3.36
1.48
0.15
2.55
3.45
2.04
1.7
2.04
0.19
3.04
3.44
2.89
1.1
3.66
4.7
2.73
2.96
2.99
3.01
3.27
4.96
0.84
2.82
1.96
2.2
2.47
3.18
4.94
0.84
2.04
1.76
0.73
2.17
3.3
1.92
4.61
2.77
4.31
3.18
1.41
3
4.52
1.99
1.55
2.51
2.17
4.54
2.71
3.11
1.6
4.1
0.68
0.08
2.47
4.75
2.57
1.44
3.4
3.6
4.66
3.79
1.59
0.77
2.96
3.63
4.04
1.47
3.57
1.84
3.19
0.65
0.61
2.46
1.65
2.31
3.85
2.67
0.67
1.5
0.44
2.55
0.65
1.94
0.27
1.43
1.26
3.01
4.94
0.47
3.17
3.81
1.07
4.06
1.45
2.07
0.9
4.49
1.55
4.49
3.82
0.71
1.54
1.85
4.61
1.51
3.16
1.55
1.44
4.75
0.37
1.7
0.37
4.09
4.5
4.8
3.21
0.66
1.4
1.46
0.48
3.26
2.44
3.53
4.39
3.26
3.2
1.99
2.41
2.22
2.93
4.37
2.46
4.97
3.24
0.22
3.58
2.55
3.38
4.01
3.87
0.83
1.01
1.17
0.06
1.73
2.28
1.71
2
1.79
0.37
1.73
4.55
0.1
1.69
0.54
1.77
2.53
1.95
4.76
4.12
4.13
4.58
0.62
0.09
3.5
2.69
0.42
4.79
4.3
1.52
1.19
3.66
0.5
1.25
1.85
3.58
0.93
1.07
1.18
3.25
3.05
3.9
3.98
3.83
4.48
3.36
2.93
1.5
0.23
2.57
1.97
3.46
1.07
1.26
4.03
3.62
1.92
4.05
4.12
2.99
0.35
3.12
0.05
0.97
2.78
0.33
1.2
3.96
2.64
1.18
3.92
3.03
1.35
1.92
1.09
0.69
4.77
3.64
3.77
4.03
3.46
2.7
0.3
1.86
0.1
2.32
1.21
1.84
3.43
4.94
3.39
1.02
3.62
4.35
3.02
3.99
1.58
2.54
3.56
0.83
1.86
2.27
3.43
3.81
3.63
3.45
0.93
0.69
4.13
0.15
1.25
2.47
0.48
1.76
3.04
4.81
3.24
4.87
0.83
4.39
0.78
2.25
4.41
0.79
1.26
4.11
3.18
4.28
0.96
1.65
0.73
2.83
4.98
2.93
3.78
3.78
4.44
4.09
4.45
2.66
0.74
0.29
4.53
3.91
2.91
0.04
3.22
3.07
4.18
1.51
0.79
4.96
2.22
1
3.42
4.66
1.39
0.13
3.72
4.27
1.82
2.92
0.49
0.59
1.42
1.96
1.88
3.97
0.55
2.7
0.77
3.89
2.79
2.5
3.35
0.06
3.98
1.45
3.29
4.92
0.48
0.86
3.97
1.94
4.56
4.17
2
0.96
0.03
3.87
0.25
3.6
2.61
3.8
3.98
1.42
3.22
3.31
2.45
3.25
0.98
4.86
4.3
3.47
0.81
4.38
3.12
0.66
0.04
4.07
3.4
4.64
4.34
3.84
3.91
1.44
0.75
0.71
4.98
4.64
1.07
0.27
2.79
3.24
0.8
2.2
4.1
0.92
0.25
2.47
4.34
1.49
4.75
2.72
4.79
0.88
3.63
1.48
4.99
1.26
4.85
4.91
2.02
4.98
0.34
2.94
2.62
1.12
1.89
1.17
4.17
0.54
0.92
3.44
1.17
2.25
1.83
3.36
1.34
4.15
2.94
2.73
0.23
0.84
3.95
4.96
4.25
2.38
1.08
0.91
3.15
2.64
4.03
0.93
3.41
4.71
1.26
2.23
3.48
4.95
2.52
0.92
1.05
0.59
4.23
2.16
4.87
2.17
3.19
3.07
0.33
3.15
0.7
2.1
0.34
1.43
1.25
2.15
1.88
1.09
4.86
1.79
1.68
4
3.69
1.06
2.14
1.42
0.54
4.73
2.18
0.86
3.21
0.9
2.85
3.26
2.44
2.37
3.73
1.47
2.6
4.24
3.36
0.71
1.05
3.53
2.04
3.43
2.15
2.22
0.67
2.51
0.17
3.08
3.87
4.82
4.4
2.65
3.5
2.71
3.08
1.31
2.64
2.58
0.01
3.82
4.73
0.1
0.23
0.5
2.45
1.83
3.26
0.59
4.19
2.27
4.24
1.49
2.66
2.76
1.71
4.64
1.33
2.87
4.36
1.31
0.53
0.92
4.78
2.3
2.18
4.2
2.24
0.53
2.27
1.23
3.84
3.56
1.39
1.14
0.09
4.33
4.93
3.35
2.16
3.1
2.93
0.81
1.67
3.89
4.27
0.63
1.74
2.57
3.35
3.08
2.03
4.9
2.14
2.97
0.54
4.64
1.81
0.14
2.12
1.34
2.68
3.49
0.26
3.48
0.33
3.08
2.59
1.32
4.45
0.01
4.52
1.78
1.97
4.14
2.73
2.73
2.67
3.29
3.03
4.87
4.58
3.5
2.85
0.83
2.65
0.29
3.06
3.24
0.32
2.77
3.18
1.76
4.05
3.78
3.57
1.77
4.38
4.58
0.49
1.31
4.23
4.49
4.92
4
2.96
4.65
4.63
2.12
0.93
0.85
1.77
0.09
4.09
0.46
2.01
1.81
0.85
2.33
0.83
0.62
3.18
4.18
0.76
1.1
1.3
0.36
4.3
4.18
2.92
1.44
0.61
4.31
0.32
4.15
0.25
4.99
3
2.41
1.89
1.8
3.09
0.39
1.98
1.88
3.83
0.12
0.34
4.99
3.88
4.45
3.66
4.25
3.03
2.92
3.21
0.23
4.77
0.6
2.46
1.99
1.3
4.38
3.85
3.85
4.12
4.37
4.11
1.48
2.58
0.23
2.16
3.05
1.47
1.86
4.16
1.71
0.68
0.34
4.87
0.74
0.37
0.59
0.62
0.58
4.57
1.53
3.56
1.37
0.95
0.53
4.6
1.75
4.42
0.6
1.92
1.76
2.35
0.25
0.82
1.37
3.84
2.21
0.67
1.46
3.93
1.86
0.07
1.68
0.82
3.92
4.7
1.65
4.98
0.56
2.12
0.66
0.59
2.82
2.3
4.33
0.83
3.39
3.57
3.55
1.82
0.49
4.04
1.75
4.31
4.05
0.81
4.03
3.34
0.98
3.02
4.43
0.18
0.35
1.39
0.37
0.89
4
4.6
3.19
2.64
1.93
1.03
1.21
0.15
2.26
0.11
1.43
3.95
1.8
4.36
4.98
4.29
1.56
2.99
2.21
0.49
2.57
1.6
1.74
2.15
1.89
3.56
3.86
4.98
3.43
1.66
3.65
1.4
0.51
1.87
0.61
0.56
1.06
0.14
4.65
2.77
3.56
1.64
0.53
1.38
2.19
0.99
4.63
3.5
4.47
4.32
2.29
2.57
1.61
4.95
3.18
2.28
3.12
1.28
2.94
2.23
4.45
4.29
0.4
4
3.86
1.9
3.46
0.67
3.25
4.23
4.81
1.22
1.45
4.61
4.86
2.98
1.32
3.53
4.34
3.21
1.85
4.17
0.38
3.73
3.21
4.83
4.32
1.57
3.4
2.14
2.51
0.3
3.49
1.77
0.78
4.2
4.02
4.74
0.85
0.29
0.2
3.38
1.57
3.43
4.53
2.68
4.12
2.43
2.72
0.43
1.71
0.62
2.51
3.58
4.84
2.03
4.58
2.99
1.1
1.83
2.2
4.68
3.49
4.47
0.61
2.4
0.06
0.68
4.79
3.16
2.78
0.62
3.33
0.72
2.84
2.35
1.85
1.14
4.94
2.16
1.11
0.81
3.43
2.83
1.86
1.53
1.43
0.72
4.21
2.9
0.63
3.55
3.2
0.64
0.58
2.17
2.63
1.69
0.06
0.23
2.84
4.96
5
4.02
0.55
2.58
0.05
1.19
0.42
1.06
4.2
3.93
4.44
1.7
3.71
3.02
2.61
2.9
3.54
1.52
0.26
2.06
3.32
1.08
4.16
3.76
1.82
1.53
3.34
4.83
4.26
4.09
2.98
2.78
4.15
1.83
3.49
3.81
4.41
1.67
4.58
4.63
1.33
0.43
1.09
0.88
3.87
3.57
3.33
0.81
0.31
4.2
0.38
2.96
3.56
1.9
1.78
2.47
0.9
0.39
3.53
1.33
4.71
1.91
3.72
1
1.79
3.48
4.32
4.62
1.65
3.65
3.61
1.19
4.73
1.68
2.69
2.1
3.52
0.17
2.4
2.04
0.82
3.05
3.92
0.54
2.28
0.17
2.23
0.92
4.22
4.78
3.47
1.05
4.22
1.52
0.26
0.84
1.25
0.28
4.12
3.63
3.39
2.99
0.47
0.63
0.93
4.36
1.63
3.26
0.21
1.78
0.41
2.16
1.09
4.26
3.62
3.63
4.2
4.17
0.22
1.5
1.08
2.54
1.49
4.28
2.19
1.61
2.63
0.69
1.56
1.23
2.9
0.53
4.14
2.95
0.63
2.01
4.44
3.94
0.65
4.59
2.07
0.75
1.92
2.82
1.04
3.32
3.81
3.31
1.52
2.68
0.96
1.3
0.44
1.5
1.12
4.68
4.72
0.84
3.36
3.65
4.61
2.22
2.47
3.04
2.8
4.4
1.5
0.59
0.55
0.79
1.39
3.7
3.35
3.42
2.68
0.96
3.97
4.76
2.77
2.55
3.86
0.68
0.81
2.86
4.99
0.82
1.81
4.28
1.52
0.92
3.78
2.35
3.55
4
0.6
0.64
4
0.52
3.38
3.71
0.82
1.02
0.26
4.83
1.49
1.16
1.06
0.27
4.7
0.81
3.92
0.65
4.53
2.4
3.95
1.04
3.29
4.83
1.65
2.14
2.84
1.72
4.77
3.03
0.88
3.75
4.01
2.34
3.32
0.97
1.24
3.45
2.78
0.55
2.91
3.08
1.93
1.14
4.83
0.51
1.26
4.4
4.77
0.21
4.24
2.74
1.9
2.74
3.88
1.25
0.6
1.79
3.78
2.27
3.36
3.67
2.52
1.81
3.63
4.9
0.42
0.22
4.71
4.57
0.96
4.39
3.73
1.92
0.22
2.13
1.07
4.35
0.94
3.53
1.11
3.48
1.88
3.16
1.85
2.72
0.68
4.34
0.8
1.62
4.65
2.13
2.51
3.53
4.87
2.61
2.34
1.12
0.09
0.03
0.38
2.52
0.76
1.19
2.54
2.16
3.24
0.44
2.46
3.41
4.19
4.14
0.59
1.92
0.9
2.28
0.73
3.94
4.05
1.53
4.96
1.97
1.5
3.71
1.16
2.74
0.15
1.54
2.48
0.65
4.57
3.42
2.43
4.48
0.69
3.58
0.77
4.27
3.72
2.2
4.55
0.68
3.1
3.34
0.73
4.19
2.98
4.29
0.73
4.21
1.89
4.7
4.37
0.51
0.65
4.59
0.43
4.64
3.31
0.52
4.21
4.93
4.32
1.51
4.74
1.16
0.12
0.49
1.69
2.48
3.81
4.38
4.42
0.07
3.72
0.03
0.89
0.96
0.12
1.65
1.53
1.18
4.53
2.01
2.02
3.18
1.07
0.47
4.73
3.75
4.06
2.93
2.57
1.2
4.71
0.74
4.42
3.09
4.73
1.04
3.47
0.63
1.57
3.66
1.01
2.03
4.98
4.74
3.2
3.69
1.86
2.64
4.04
4.86
0.52
3.08
3.85
1.3
1.76
0.32
4.7
1.31
4.87
4.96
3.76
1.66
1.68
2.97
0.3
0.73
4.12
0.59
4.27
2.13
3.3
0.11
3.27
2.61
2.49
2.66
1.48
3.53
0.48
1.21
2.02
4.93
3.15
2.31
0.78
3.27
1.1
3.16
3.66
1.11
2.4
2.56
4.92
2.34
1.23
1.37
3.26
3.7
3.11
3.08
4.09
1.81
3.94
3.7
3.98
4.01
4.78
3.77
0.17
4.94
2.37
1.41
3.76
4.45
0.75
1.24
1.2
1.7
2.06
4.17
2.33
3.71
2.45
1.26
0.91
2.3
3.94
3.21
2.13
3.68
2.98
3.5
0.68
1.44
3.05
0.37
3.89
3.52
1.53
1.23
2.51
1.31
0.35
2.16
0.66
3.08
0.3
0.07
2.93
3.22
0.11
0.19
1.67
4.27
2.74
1.73
0.3
3.47
1.62
3.61
1.32
4.27
1.36
4.81
2.65
3.92
2.72
2.77
2.55
4.25
4.36
3.03
3.37
4.62
1.39
1.04
1.27
2.03
4.23
2.84
3.15
0.53
4.63
2
1.59
1.98
1.56
4.27
2.98
4.52
1.82
1.12
3.25
1.93
2.49
2.6
2.35
4.02
0.05
0.48
4.71
3.24
2.51
0.13
3.28
4.96
0.42
0.97
4.58
4.24
1.81
2.68
3.42
4.44
1.68
4.87
2.23
1.78
0.38
1.62
4.45
1.21
4.22
3.28
2.2
3.34
2.48
1.08
4.13
0.1
0.09
1.4
1.47
3.71
1.32
4.3
3.94
1.55
2.35
4.94
3.58
4.72
2.62
1.82
0.33
0.61
1.89
3.34
0.39
1.6
1
0.9
2.11
1.85
2.61
4.7
1.82
1.55
4.26
0.16
1.7
3.39
2.08
2.12
2.65
2.99
2.51
2.41
0.04
3.53
0.28
0.35
4.49
3.92
0.92
2.15
3.54
2.22
2.29
2.52
4.24
2.96
3.39
4.09
4.87
1.5
2.04
4.77
0.21
2.3
2.74
2.18
4.18
0.1
0.37
1.2
1.51
3.46
3.78
2.28
2.57
2.71
4.98
4.17
4.27
3.8
1.38
3.24
0.19
4.21
3.05
2.41
0.61
2.05
3.37
3.56
0.84
0.34
0.43
3.74
1.08
0.04
1.25
2.8
1.62
4.51
0.04
1.35
0.92
1.18
2.26
4.96
1.62
3.28
2.95
4.54
1.45
2.54
1.54
1.71
0.23
4.61
2.98
0.92
0.3
3.67
1.09
3.76
0.4
0.51
2.94
3.21
4.61
3.37
1.96
2.23
2.98
1.93
3.43
4.07
0.71
1.11
2.74
0.7
4.55
4.91
4.33
3.99
3.29
3.34
2.84
1.95
2.27
4.92
4.92
4.79
4.48
3.13
3.12
1.95
3.48
1.29
4.93
4.87
4.45
4.97
2.04
2.84
3.83
4.03
3.65
2.17
2.62
4.52
4.37
0.44
0.52
1.2
3.87
3.45
1.43
0.61
1.64
1.77
0.75
2.97
0.5
0.42
0.03
0.17
4.23
4.63
1.56
2.85
3.53
2.63
1.03
1.5
4.59
1.77
0.7
3.85
2.91
0.33
3.55
2.54
0.62
2.89
2.59
1.73
3.09
0.42
0.25
4.38
4.71
1.87
4.31
1.9
1.13
1.2
2.91
1.36
4.73
4.32
0.08
3.41
3.91
4.86
0.15
1.56
0.17
3.44
2.19
0.09
2.84
0.59
0.84
2.4
3.07
3.23
2.17
3.66
3.3
3.03
4.29
4.01
1.51
1.02
3.9
4.95
0.64
2.71
0.4
3.16
1.51
2
2.87
2.65
3.62
2.72
2.7
3.47
2.24
2.02
