3.63
0.11
3.16
4.97
3.64
3.33
1.22
2.92
2.64
1.93
1.85
2.58
3.58
2.43
3.26
4.81
4.47
3.3
3.73
0.21
0.6
0.39
2.43
0.75
2.08
1.6
4.56
4.54
4.51
1.73
2.09
1.65
3.1
1.15
2.85
0.94
4.54
1.9
2.94
0.7
0.96
0.1
2.04
1.37
1.77
0.88
1.89
1.19
0.04
3.34
3.66
4.76
2.9
3.61
2.24
3.22
4.78
2.95
1.59
2.42
3.56
4.95
3.95
2.99
3.58
2.33
0.86
0.66
0.34
2.56
3.23
3.23
3.54
1.4
4.04
0.63
0.02
0.36
2.02
3.75
3.42
2.99
4.21
4.05
4.9
2.08
4.13
4.43
2.41
2.64
3.67
2.7
2.69
1.54
3.99
2.04
0.1
4.2
0.91
3.28
1.74
4.03
1.82
4.41
2.22
2.2
3.7
4.37
0.32
3.65
1.41
0.33
0.62
1.26
0.59
1.69
4.97
1.23
2.1
3.04
2.02
3.2
1.41
3.82
2.39
2
2.34
1.17
3.51
4.54
0.38
1.76
3.3
0.78
0.41
3.74
1.6
1.39
2.31
0.81
0.55
0.3
0.91
1.43
1.71
2
1.9
1.17
5
5
2.82
3.35
1.94
2.9
2.33
1.04
4.62
2.36
3.74
3.16
4.82
1.26
1.14
2.71
4.55
4.35
3.27
1.08
4.4
4.35
2.49
0.8
4.1
4.44
3.24
4.52
0.09
2.7
0.58
4.37
4.67
0.49
4.74
2.93
3.72
0.19
4.8
0.03
1.4
1.86
3.98
0.69
4.12
1.27
4.49
3.52
4.07
4.45
3.69
2.1
2.29
3.3
2.83
4.07
1.63
4.78
0.26
0.07
2.56
1.33
3.4
2.61
0.39
0.58
2.68
2.87
0.43
3.74
0.09
3.26
4.45
3.9
4.8
0.64
0.26
3.41
0.01
3.42
4.26
0.78
4.74
0.6
1.77
4.1
4.93
4.11
4.76
1.27
4.59
4.18
2.1
1.22
4.31
0.3
3.69
3.27
0.25
2.9
1.64
2.42
0.79
0.16
2.56
3.23
2.74
1.76
1.2
4.48
0.54
4.77
3.65
1.05
1.31
3.64
4.68
1.36
3.63
2.43
1.55
2.38
1.19
0.75
3.76
1.74
2.73
0.81
2.49
2.62
2.05
4.38
4.42
1.21
1.37
4.18
1.72
3.31
1.45
0.71
2.86
1.63
4.64
3.88
0.23
0.45
4.56
1.24
2.84
4.74
3.12
0.6
2.78
3.82
0.11
2.41
0.19
3.27
4.32
2.13
2.54
3.22
0.59
1.06
0.17
4.37
1.71
3.67
4.44
3.51
2.99
2.25
1.28
4.04
4.33
1.32
4.96
3.41
0.86
0.31
4.23
4.27
4.44
4.12
0.87
1.58
2.75
3.89
3.59
4.13
4.69
4.6
3.77
2.27
0.91
0.16
1.48
1.08
1.28
0.53
0.1
4.65
3.65
1.66
0.74
1.05
2.57
2.54
0.8
4.07
3.45
3.81
0.37
4.72
3.61
3.62
3.2
0.79
2.42
4.75
4.64
1.59
0.71
3.83
1.12
0.73
0.95
2.13
4.88
2.67
0.91
0.71
1.87
4.44
1.52
4.34
2.72
4.15
0.65
4.75
2.12
1.1
0.35
3.08
4.85
4.45
4.99
0.41
2.58
1.73
1.25
3.47
2.88
1.93
2.57
3.83
1.13
1.55
3.68
3.25
3.44
3.6
2.14
3.68
0.47
1.09
2.33
2.66
3.95
0.93
1.14
2.89
1.54
0.88
1.87
1.8
2.82
2.9
0.15
0.31
2.22
3.66
3.26
3.02
0.21
0.2
3.88
4.81
4.42
3.69
1.2
4.74
4.13
0.78
2.24
1.57
0.39
4.46
1.22
0.42
3.85
0.81
2.29
2.62
0.06
4.8
3.48
2.97
4.84
0.65
2.58
0.01
1.72
1.77
0.38
1.04
3.03
0.59
0.68
3.03
1.24
1.93
3.79
0.21
2.51
4.98
4.65
2.12
2.12
0.14
1.55
3.06
4.93
0.35
4.2
3.34
0.63
1.24
2.99
2.19
0.69
4.48
4
2.24
1.06
3.76
3.89
1.1
0.64
0.35
1.88
0.62
2.29
2.12
1.51
2
2.53
0.52
3.11
1.48
1.93
1.94
0.91
2.76
1.65
1.07
2.16
4.81
2.93
0.94
1.54
3.77
4.13
2.68
2.67
3.84
3.4
4.54
0.58
1.67
0.97
2.48
3.76
3.06
0.19
0.41
2.57
3.06
4.32
1.7
2.4
2.88
4.73
4.58
4.61
3.29
3.63
2.26
3.7
2
4.45
1.35
4.49
2.29
4.23
4.51
3.52
0.53
0.74
0.12
0.41
2.11
4.15
0.88
2.57
0.97
1.03
0.91
3.14
2.26
1.23
0.15
1.01
4.97
4.56
1.75
0.37
3.15
2.46
0.93
1.82
0.6
1.88
4.6
0.45
3.09
2.74
3.84
0.94
0.54
4.12
1.16
3.52
0.17
2.4
4.28
3.99
2.11
4.5
2.94
3.07
1.03
1.98
4.14
4.89
0.66
3.6
1.58
2.13
3.56
2.94
0.38
4.81
3.8
3.64
4.12
4.16
2.23
2.8
1.75
4.14
0.8
1.39
1.29
3.3
1.22
1.97
3.36
2.4
0.28
4.14
4.77
3.85
4.19
3.72
4.68
0.44
2.58
4.08
0.37
4.98
3.74
1.29
2.04
2.73
4.95
0.41
4.93
1.44
2.41
0.57
4.4
4.5
4.79
2.2
2.27
2.1
2.12
4.33
3.59
1.34
2.65
0.44
1.13
2.72
2.01
3.56
0.56
2.81
3.78
1.67
1.74
0.15
1.39
4.28
2.69
3.65
0.69
4.54
2
1.42
3.26
4.21
2.88
0.74
2.91
3.87
4.85
4.22
3.96
4.3
4.23
4.25
0.56
2.23
0.26
1.24
0.15
2.9
3.21
0.72
3.52
0.91
3.5
4.89
3.96
2.27
2.57
0.84
4.66
3.44
1.22
0.36
4.55
4.49
4.43
0.5
1.2
2.67
2.48
3.31
1.48
2.08
3.4
4.55
4.09
3.58
3.08
2.14
1.2
3.19
2.99
3.74
2.93
4.11
1.3
4.44
3.93
2.73
4.15
1.94
1.14
2.25
4.12
4.34
4.17
3.65
3.65
2.47
4.85
1.11
3.11
4.46
1.13
0.17
4.04
3.17
3.7
1.29
0.44
2.96
3.86
0.69
1.85
3.7
0.78
3.37
0.41
2.77
0.6
1.83
3.11
0.82
1.23
2.3
4.49
0.36
0.32
3
4.65
2.15
1.83
2.67
1.98
0.06
3.76
0.59
0.21
4.86
1.45
4.86
1.26
3.81
2.68
1.11
1.16
1.13
4.61
1.95
3.74
4.85
4.6
3.46
4.82
3.26
4.1
4.09
4.48
2.68
0.66
1.55
4.15
0.79
0.97
0.25
4.72
4.49
3.02
0.29
1.45
0.55
2.46
2.2
2.23
0.81
1.54
3.77
1.91
1.08
3.13
4.78
4.69
1.43
0.35
0.97
0.63
4.9
3.99
2.74
2.01
1.37
1.58
1.71
2.56
2.51
4.6
0.62
3.67
0.37
1.32
4.09
2.04
4.71
3.05
2.12
1.34
0.45
4.53
1.17
2.33
3.78
0.95
1.69
4.47
4.19
3.49
0.4
1.03
1.78
1.76
4.39
3.53
2.24
4.75
1.22
2.19
3.81
2.2
4.29
0.25
1.42
1.19
0.61
3.68
4.16
1.83
0.13
1.35
4.48
0.4
4.29
2.66
2.35
3.7
1.34
1.46
1.72
0.78
0.73
2.08
2.61
2.44
4.59
0.08
2.05
4.62
0.16
2.86
4.32
1.18
2.56
0.69
4.3
1.79
2.99
4.92
4.19
4.49
0.63
0.05
1.79
1.97
1.83
3.92
2.76
3.96
2.8
2.92
2.01
0.23
4.38
1.45
0.51
4.19
2.36
1.38
1.19
0.78
2.27
3.02
2.18
3.66
0.03
4.85
0.22
2.28
3.96
1.56
4.52
4.53
3.78
3.5
4.79
0.82
3.65
4.8
2.38
2.65
1.84
0.29
0.36
4.11
0.74
0.69
4.34
1.67
2.8
0.73
1.12
4.63
0.25
2.52
0.13
1.93
1.59
4.33
3.57
1.34
2.62
2.22
4.88
2.59
4.24
4.9
1.85
1.55
0.52
3.06
4.96
2.8
0.81
0.84
3.22
3.26
2.67
0.6
3.35
0.23
3.52
4.18
1.29
0.13
2.97
0.67
1.42
1.33
0.72
2.17
4.98
2.41
4.8
4.61
2.5
1.81
1.52
4.91
2.03
1.18
2.74
1.49
2.5
4.45
1.62
4.15
1.08
4.15
4.34
0.29
4.14
1.67
0.1
2.11
0.58
2.74
2.75
1.97
1.51
2.68
4.4
1.98
2.52
2.67
2.29
0.77
3.7
1.84
3.43
1.65
3.01
0.6
3.4
3.64
1.69
0.89
0.53
4.71
1.78
2.08
3.03
1.36
2.88
0.03
2.07
0.55
3.23
4.64
3.85
0.53
3.67
2.56
2.53
3.47
3.02
0.83
0.53
0.05
4.01
2.63
1.58
0.1
2.19
3.63
2.35
0.79
0.66
0.94
4.01
3.65
3
4.89
4.2
1.99
4.51
0.75
2.89
0.19
2.18
1.25
0.56
4.41
3.19
1.17
3.15
0.7
3.49
1.55
0.8
1.07
0.34
1.26
0.52
1.74
4.33
4.04
4.57
0.34
4.49
3.39
1.49
3.57
0.78
2.09
4.67
0.71
0.74
1.78
0.53
4.05
2.32
0.16
4.86
3.89
1.39
0.38
4.71
0.65
3.57
3.65
3.51
2.81
2.12
2.1
0.93
2.15
5
1.84
0.13
4.15
2.93
0.4
3.87
3.35
1.44
1.17
1.03
1.92
1.48
3.32
4.42
2.55
1.3
1.41
4.5
3.31
2.46
1.42
3.47
0.25
4.82
3.4
1.52
1.92
2.3
4.33
0.52
1.58
3.71
1.88
2.93
1.43
3.33
2.18
1.05
0.5
5
4.94
1.35
1.58
0.13
2.08
4.29
2.65
4.94
4.36
1.08
1.73
3.45
4.53
3.45
4.75
4.12
3.12
1.88
4.54
1.16
0.51
3.61
0.72
1.22
4.66
0.07
3.77
1.05
0.15
1.93
1.56
3.15
4.91
0.81
4.17
0.78
4.62
1.7
2.54
1.79
3.58
0.87
4.38
1.55
3.77
3.57
1.43
0.38
3.35
0.17
4.82
0.75
2.12
2.27
0.17
3.03
0.38
2.43
4.4
0.92
0.49
2.77
3.08
0.8
0.38
4.71
2.31
2.41
4.04
4.42
4.31
2.9
1.6
0.51
4.61
1.51
2.1
0.44
0.98
2.34
0.13
3.23
2.63
0.95
3.7
3.75
0.27
4.17
1.49
0.9
0.81
0.71
4.34
4.03
3.63
0.95
3.2
3.32
3.99
1.43
4.17
4.46
3.4
4.55
3.37
4.06
2.62
3.59
3.9
0.62
4.02
4.22
1.06
1.54
1.05
2.69
2.12
3.34
2.81
4.15
3.29
0.25
4.71
1.51
4.08
3.37
0.76
3.64
0.82
2.7
3.47
1.52
4.99
4.56
1.94
3.95
0.4
2.26
1.85
1.08
1.14
4.82
3.8
2.26
0.35
3
1.99
2.77
4.35
1.91
1.66
1.25
3.21
2.07
0.91
4.83
0.35
3.24
1.77
0.6
3.41
4.82
4.57
1.29
3.89
4.08
3.01
4.78
0.1
0.94
1.42
1.16
4.77
2.16
0.83
3.92
4.56
0.51
4.17
0.84
4.31
0.86
2.61
0.91
4.49
3.9
2.48
4.55
0.8
3.46
3.77
1.75
3.08
1.15
0.75
1.11
1.81
1.63
4.99
3.21
4.84
2.52
2.28
0.32
1.38
0.7
1.26
2.13
0.72
3.78
4.64
0.28
2.9
2.1
4.54
4.62
0.33
1.32
4.67
2.7
2.99
4.83
4.45
2.02
2.21
2.77
1.59
0.32
3.15
1.68
1.79
0.47
0.66
3.62
2.28
2.83
3.04
0.01
0.33
1.03
1.98
2.64
4.18
2.91
3.89
1.51
2.74
2.25
1.58
0.43
3.93
4.92
0.95
4.54
1.77
1.58
2.78
2.56
3.93
0.07
4.03
4.38
1.63
2.97
2.2
2.89
2.37
1.43
4.24
4.89
3.07
2.08
0.85
2.08
4.66
1.96
4.14
2.64
2.05
2.28
1.18
4.99
1.54
3.56
4.24
0.5
2.51
0.95
0.37
2.35
0.67
4.48
3.37
2.27
3.65
4.77
4.37
1.84
0.23
0.81
4.37
0.06
4.85
2.77
3.29
2.97
3.62
4.65
2.42
1.58
1.43
2.9
0.88
2.51
4.12
1.2
1.26
1.07
3.57
0.24
1.87
2.75
1.63
1.31
3.79
4.37
2.22
3.77
3.39
2.08
1.45
0.43
3.2
0.55
3.4
2.64
2.57
2.75
1.36
3.06
4.78
0.87
1.6
3.67
0.22
3.04
3.66
3.52
1.41
2.16
1.63
0.35
1.29
1.66
2.77
3.32
3.66
2.08
3.8
4.26
1.93
1.12
1.29
3.45
1.14
0.04
2.95
1.95
1.17
3.48
0.65
3.58
0.22
3.26
3.95
0.49
1.1
0.11
3.95
2.45
1.75
1.93
3.48
3.12
1.74
0.8
2.58
1.39
3.24
4.92
3.05
3.82
3.92
1.36
1.77
0.75
2.4
4.14
0.63
1.73
3.65
3.97
2.04
0.46
0.14
4.57
1.87
0.65
1.36
0.69
3.05
1.32
4.95
3.8
0.75
0.73
1.94
1.24
3.23
4.77
4.6
3.92
4.87
1.56
2.18
2.01
0.92
2.32
2.57
3.81
1.19
0.64
2.18
4.87
0.62
1.26
4.62
4.41
2.67
1.47
0.22
3.98
2.76
4.3
0.57
4.67
4.94
4.46
2.24
1.49
4.4
4.38
4.66
0.18
1.86
3.48
4.98
2.62
4.3
0.07
3.2
2.36
0.4
3.93
1.39
4.96
1.6
2.87
1.25
1.61
0.52
1.95
4.47
4.06
2.6
1.23
0.75
0.5
0.54
2.39
0.59
2.6
3.46
0.47
1.2
0.59
3.02
0.05
2.24
3.31
1.99
1.74
1.91
3.16
2.84
4.29
2.51
3.74
4.98
3.54
0.94
1.32
4.35
2.39
3.28
0.8
4.29
1.42
2.48
0.88
4.97
1.92
4.46
4.6
4.53
3.46
0.76
3.94
1.79
0.63
2.73
4.21
0.05
3.61
1.66
4.68
3.81
0.07
2.08
4.43
2.53
4.58
1.62
4.6
4.94
2.62
2.13
4.81
3.83
0.36
1.46
2.63
1.73
4.59
3.04
1.7
4.44
3.87
2.16
3.98
3.93
3.45
1.62
0.67
4.44
3.03
2.39
2.1
2.05
1.68
3.11
1.14
2.47
4.76
1.19
0.32
2.3
2.33
2.66
4.81
1.13
4.84
0.04
3.84
2.59
1.65
1.71
1.91
1.76
1.03
1.37
3.28
0.21
0.36
0.34
0.98
0.63
1.95
4.46
1
0.47
2.38
2.9
2.83
2.75
0.67
3.54
1.12
1.32
0.89
1.55
3.82
1.24
2.82
3.59
3.19
4.61
2.58
1.92
3.11
1.63
1.82
4.49
4.97
2.08
4.74
2.16
3.63
4.33
3.2
4.53
4.75
4.49
3.08
4.56
3.28
1.84
1.34
1.53
2
0.87
1.73
1.54
1.17
1.84
3.24
0.53
3.89
1.58
4.61
4.68
4.02
2.74
4.59
0.58
0.43
1.2
0.21
3.02
2.6
0.98
1.63
2.34
1.51
3.19
0.26
1.73
0.72
0.02
4.67
4.89
1.51
4.91
1.87
0.03
4.56
4.61
1.48
0.27
4.38
0.95
3.37
4.21
1.19
3.94
1.08
2.61
4.24
4.65
3.58
1.23
4.14
2.05
3.42
1.03
4.67
3.96
2.62
4.91
1.4
2.65
3.4
0.33
1.87
0.98
4.42
4.02
1.17
3.73
4.11
0.69
3.4
0.34
5
2.96
3.33
2.55
0.88
2.77
2.6
1.09
4.23
3.87
3.36
3.07
1.29
0.83
3.03
3.83
0.43
2.85
2.22
4.01
4.23
4.07
2.82
0.06
0.65
1.14
0.48
4.9
0.63
1.69
3.68
4.78
2.75
2.82
0.65
0.53
1.1
0.67
2.7
0.79
5
3.77
3.93
2.47
3.5
3.87
1.13
2.96
4.83
4.98
2.55
2.34
0.68
2.92
2.54
1.29
0.28
3.28
3.55
1.1
2.54
0.11
2.59
4.48
3.94
3.38
1.97
1.82
4.48
2.21
2.89
4.17
2.41
0.84
3.62
3.55
1.84
2.96
0.56
4.14
2.24
4.79
2.28
1.77
2.6
1.86
1.79
1.99
3.12
1.87
2.97
0.11
2.92
0.78
4.34
1.57
1.85
2.62
4.02
0.38
0.19
4.08
1.2
2.83
0.7
4.93
4.33
3.98
4.83
2.41
1.63
2.7
1.35
4.09
2.85
0.54
2.23
2.43
2.92
2.82
4.44
1.07
0.07
2.23
3.13
3.92
2.18
4.84
4.58
1.33
0.65
0.37
2.14
1.33
1.43
4.82
0.13
3.97
4.26
0.04
1.54
4.97
3
4.55
0.95
2.53
4.75
2.63
2.26
0.75
4.3
3.81
3.89
1.01
3
4.4
1.71
4.64
0.64
4.14
2.24
0.74
0.62
1.64
4.17
3.11
0.81
2.06
0.44
0.93
1.73
1.35
1.52
2.4
1.98
4.73
2.57
0.89
2.91
3.92
1.66
0.75
3.23
4.11
2.91
4.76
2.84
1.53
0.67
3.8
1.33
3.3
2.61
3.49
4.87
0.34
4.04
2.21
3.72
4.62
1.55
3.13
1.03
2.77
3.29
4.87
3.14
3.44
3.56
1.33
1.76
0.99
4.1
2.28
4.99
1.38
2.76
0.76
2.75
2.29
2.79
3.72
2.7
2.26
0.69
1.51
1.47
3.58
1.47
1.06
4.75
2.28
4.49
1.46
4.92
1.03
2.02
4.36
1.24
0.99
0.69
1.91
3.15
1.71
1.74
1.22
1.78
2.79
0.09
3.11
1.71
0.8
3.89
1.29
4.5
4.6
2.21
1.69
4.58
4.31
2.4
1.97
2.08
1.85
2.69
3.24
1.88
2.26
0.6
0.52
2.78
1.61
4.06
0.73
3.06
3.91
4.01
3.68
3.56
4.07
4.23
2.63
0.88
4.63
2.65
3.08
1.37
2.91
2.23
4.87
0.96
4.21
4.23
0.17
3.3
0.37
0.55
4.85
1.89
0.14
0.46
4.97
1.36
1.79
4.05
3.36
0.92
1.32
1.96
3.04
2.96
0.04
2.34
0.45
4.72
4.24
2.98
1.67
4.48
2.34
3.63
0.29
2.36
1.95
1.16
1.19
0.38
3.59
3.42
3.49
2.37
0.72
3.38
0.4
2.74
4.92
2.52
4.99
2.58
0.8
1.37
2.17
4.25
1.84
4.01
3.43
2.07
3.34
1.78
4.49
4.27
3.07
3.78
1.54
2.01
2.41
1.66
3.1
0.65
3.21
4.41
3.74
3.57
0.23
4.09
2.9
1.5
0.45
4.09
3.65
1.09
3.71
1.41
1.96
1.08
3.31
0.98
2.21
2.11
4.62
3.14
4.96
4.53
1.34
2.76
1.99
2.57
4.29
0.6
2.03
3.62
3.7
2.4
4.19
0.36
2.02
1.96
4.37
1.03
0.7
1.39
3.34
3.1
2.54
0.43
4.5
0.28
0.31
2.52
0.56
0.06
1.42
3.42
1.32
4.08
0.33
1.63
1.88
4.69
3.63
0.54
0.28
2.41
3.03
4.57
4.74
3.24
1.49
0.54
4.69
3.85
0.97
4.77
4.71
2.78
3.64
0.67
2.95
3.23
4.31
1.17
4.26
4.38
2.96
1.85
3.73
1.06
3.5
2.56
1.26
2.86
2.57
3.64
1.51
2.98
4.6
3.32
2.36
3.21
2.1
3.06
2.42
1.4
0.29
1.03
4.97
0.93
3.9
3.16
2.13
4.34
3.29
0.82
1.57
2.68
1.55
1.43
2.84
0.47
0.56
0.21
2.18
2.17
4.68
0.72
3.35
0.41
3.95
3.8
2.27
2.23
2.82
0.29
1.52
2.05
2.15
0.23
4.63
1.45
3.3
3.58
0.13
2.22
2.52
1.89
3.68
4.25
0.48
3.71
4.59
0.72
3.45
4.53
1.01
1.5
1.61
1.58
1.23
4.48
1.18
0.06
1.82
1.49
0.63
0.36
4.83
3.04
3.39
0.73
0.64
1.34
3.03
4.67
3.24
1.62
4.5
3.22
0.41
4.92
4.73
4.13
1.88
1.02
1.55
3.83
0.31
2.49
3.44
4.36
3.74
1.72
0.19
3
0.67
0.75
4.34
2.75
0.62
2.96
0.54
2.68
0.7
2.42
2.93
0.59
4.88
1.38
2.06
2.25
3.83
4.59
3
0.7
4.63
3.34
3.77
0.43
2.15
3.97
4.73
1.06
0.89
4.61
2.79
4.42
4.48
1.14
3.8
4.9
4.24
2.8
2.92
2.1
2.05
2.86
3.71
0.94
1.49
3.05
3.34
1.72
0.91
2.68
3.9
1.67
2.96
2.42
4.09
0.07
1.09
0.73
4.53
3.89
3.23
