1.57
0.78
4.95
1.24
3.38
3.42
2.73
0.91
2.88
1.27
4.46
4.03
5
0.21
4.8
0.29
0.97
4.23
4.93
1.45
3.91
0.93
0.24
2.8
1.14
0.26
1.82
3.25
2.26
0.78
0.96
4.7
2.7
2.22
3.17
3.83
4.92
2.23
3.77
3.5
3.99
3.96
3.03
3.83
3
0.26
0.55
3.38
4.87
4.13
3.81
3.59
4.49
4.23
1.14
3.5
1.08
1.84
3.85
1.97
1.7
4.47
4.34
1.39
3.78
0.26
1.03
4.52
4.66
2.94
0.35
3.67
4.37
4.85
1.16
0.85
3.61
1.17
4.96
1.48
4.64
3.55
0.39
3.82
2.86
1.29
0.29
3.76
3.19
0.59
3.13
3.77
0.41
1.07
2.46
1.04
4.46
0.42
4.18
3.5
4.48
4.79
0.66
2.57
1.93
2
0.88
3.79
3.58
4.96
0.85
1.16
4.79
2.25
3.61
1.49
0.25
3.38
1.44
1.93
1.71
2.52
4.07
0.98
1.18
0.1
3.42
1.37
0.56
1.83
1.17
4.93
1.91
3.1
0.89
0.64
4.79
3.09
1.97
2.06
2.84
0.15
0.56
2.47
3.07
0.44
2.94
0.96
2.59
0.41
1.57
0.41
0.55
0.27
2
4.73
4.11
3.47
1.65
3.44
3.02
0.56
4.74
1.37
1.35
1.38
2.84
2.9
1.04
4.76
4.78
2.87
0.67
0.97
3.31
2.54
0.73
3.5
0.82
1.97
2.4
4.48
2.36
4.01
0.18
1.83
4.47
2.64
4.85
2.35
3.21
4.94
4.18
0.1
3.19
2.91
3.01
3.49
4.69
4.67
4.96
3.57
2.65
2.69
0.66
3.07
3.93
4.97
1.08
2.94
3.28
2.28
3.34
1.26
2.05
4.1
2.04
2.59
4.95
4.35
0.34
4.52
2.95
4.93
0.91
2.91
0.55
3
3.16
0.95
0.06
1.24
1.73
4.14
0.72
0.2
4.83
1.08
1.69
0.07
1.6
2.06
2.71
3.52
0.55
3.76
2.47
2.13
3.46
2.91
1.09
4.15
2.25
0.86
4.13
1.77
0.53
0.27
2.59
4.27
1.77
1.93
1.1
3.09
4.11
0.43
1.62
2.46
3.11
2.89
2.6
2.49
3.72
0.79
2.34
2.38
1.39
3.98
0.34
4.07
2.09
2.85
1.56
1.41
4.7
4.48
0.8
2.89
3.51
2
4.84
0.24
2.81
4.74
4.85
2.02
2.94
2.38
4.07
1.15
4.68
1.68
4.2
3.4
0.48
1.22
1.3
1.04
3.27
0.77
0.38
3.24
3.23
2.48
3.78
2.52
0.54
3.79
2.51
4.89
3.69
3.98
4.52
0.29
0.89
3.05
3.29
4.2
1.97
0.73
4.65
4
1.93
2.71
0.38
2.24
1.92
1.33
3.22
0.51
2.42
3.38
0.02
1.78
3.09
1.48
2.07
3.83
1.51
3.51
4.12
4.12
4.95
2.07
4.65
3.16
1.5
3.22
2.94
2.89
0.41
4.5
0.85
0.13
0.29
2.82
0.46
0.46
3.04
0.21
4.94
1.93
1.63
3.58
2.77
0.35
0.85
3.54
2.54
0.03
0.56
0.56
4.41
0.67
0.25
3.09
2.71
0.22
3.39
4.03
0.49
4.28
4.57
1.78
0.3
3.25
1.68
2.99
2.51
3.79
3.18
3.46
1.26
3.8
0.01
0.39
0.11
0.62
0.5
4.87
0.62
0.87
0.47
2.77
0.76
4.36
2.02
0.67
1.65
0.11
1.14
2.55
1.26
2.38
2.49
2.95
2.92
3.84
3.63
0.14
1.7
4.78
2.23
1.52
4.59
3.74
4.51
2.94
1.58
2.96
3.58
0.41
2.88
2.41
4.99
2.51
3.33
0.07
1.7
4.46
3.87
4.22
0.06
2.69
1.9
0.12
3.32
4.73
4.19
3.79
4
2.15
0.32
4.62
3.97
4.64
1.42
4.47
1
1.33
1.52
0.14
0.8
0.5
1.05
4.99
1.24
2.75
3.17
4.49
0.05
0.64
4.12
1.38
0.49
4.95
4.87
3.01
2.09
0.23
4.06
0.9
0.71
3.95
0.24
1.73
0.9
3.52
3.52
3.77
4.12
1.58
1.15
2.27
3.35
2.2
4.13
0.61
0.43
3.53
2.83
4.71
2.22
4.31
3.26
1.02
4.11
2.32
3.39
0.19
1.17
2.73
2.97
3.31
3.37
0.14
2.05
4.65
1.89
3.91
0.07
0.1
3.26
1.77
0.85
1.05
3.45
0.41
0.98
4.05
2.43
0.66
2.41
0.21
4.05
3.46
1.84
2.35
4.27
0.37
0.97
2.96
4.53
0.74
1.51
4.02
4.31
0.34
1.07
0.44
3.28
4.53
3.7
4.55
3.13
4.4
2.92
0.43
1.09
3.53
4.78
1.97
4.79
5
4.94
2.97
0.55
2.04
0.05
0.51
1.23
2.4
3.52
0.77
3.94
2.55
0.52
4.06
4.65
1.4
3.04
0.33
2.16
2.17
2.46
4.35
1.63
4.67
4.69
4.01
4.12
4.09
0.06
0.21
1.98
1.03
4.26
4.4
4.21
0.32
2.64
1.49
1.48
3.02
3.36
1.87
3.51
0.55
2.01
4.68
2.15
1.64
3.5
4.4
0.16
3.68
1.71
1.23
4.72
2.56
0.98
0.93
4.5
0.28
0.75
1.83
2.13
0.93
2.51
4.66
3.07
0.85
1.9
0.78
3.47
1.92
2.49
3.2
1.51
4.23
2.59
2.5
0.85
2.62
0.61
4.95
1.41
0.55
0.91
2.84
4.52
0.33
2.46
1.41
1.03
1.05
1.09
3.65
3.52
2.56
0.31
2.44
0.02
4.36
2.88
1.6
0.57
3.22
2.37
0.21
1.91
2.02
2.49
3.05
3.06
1.44
4.85
2.87
4.43
4.51
4.53
4.36
1.45
0.24
3.56
2.48
0.57
1.93
0.66
3.04
3.38
0.09
3.33
4.24
2.79
4.6
2.78
4.14
1.12
0.88
4.11
0.35
2.71
3.68
4.17
0.71
1.78
2.23
0.56
2.72
2.29
1.46
1.43
1.72
3.26
4.7
2.44
3.94
2.63
4.36
3.46
2.88
1.7
4.25
2.5
3.14
3.77
1.11
0.71
1.5
0.79
1.97
3.51
2.7
0.42
2.98
2.34
1.4
3.37
1.36
1.12
1.4
0.49
0.99
4.13
0.2
2.17
1.66
0.33
1.47
4.12
0.32
4.54
4.92
3.17
0.85
2.48
2.35
2.45
3.7
2.03
1.01
1.21
4.82
1.8
0.28
0.2
3.13
3.05
3.03
3.89
0.42
0.7
2.43
1.29
1.52
1.24
3.1
2.24
1.54
4.9
4.59
4.83
2.29
2.41
1.53
3.86
1.68
3.54
0.27
0.51
2.43
0.3
2.17
2.44
3.59
1.59
2.38
4.25
4
2.16
2.34
0.34
4.01
1.68
0.01
3.04
1.48
2.81
0.16
1.2
1.68
1.48
4.34
2.57
0.26
3.36
4.36
4.65
1.73
4.6
3.5
0.36
4.12
4.82
4.19
1.87
3.27
2.09
3.5
4.93
3.1
0.96
1.8
1.74
1.8
0.56
1.66
4.36
3.53
1.11
4.51
0.31
1.07
2.13
1.88
3.02
1.38
4.84
3.46
4.19
1.93
2.44
1.42
1.84
0.75
0.55
0.75
1.36
4.51
3.94
3.64
2.84
3.27
4.86
3.37
1.84
0.03
1.26
2.28
0.8
2.26
1.01
3.35
4.15
2
1.99
1.31
2.61
0.06
4.76
4.68
4.14
2.64
3.93
4.55
0.43
2.45
1.73
0.51
2.98
1.68
4.61
1.07
4.59
3.44
4.26
1.38
3.24
4.22
3.14
0.18
4.71
2.53
2.22
1.53
2.53
1.73
0.11
3.96
2.75
3.01
0.78
0.3
3.52
0.91
0.89
3.78
2.87
3.01
2.38
2.68
2.48
1.28
4.03
4.72
1.31
4.63
3
0.32
2.9
4.78
0.28
3.41
0.38
0.43
2.01
0.18
2.28
1.03
2.26
1.6
2.27
2.75
1.42
0.73
0.2
2.77
1.22
3.48
3.54
0.9
3.93
2.75
4.95
0.18
4.77
0.57
2.32
3.94
1.39
3.64
4.88
0.41
0.71
3.31
2.99
2.14
4.64
4.38
3.16
1.43
3.03
1.84
1.95
2.62
4.13
3.76
4.1
1.99
1.84
1.58
0.6
1.39
4.78
2.46
3.84
1.29
4.74
0.49
2.24
1.13
0.22
1.43
0.34
1.42
4.94
1.43
2.26
3.63
3.97
4.5
2.38
4.63
3.65
2.82
0.41
3.63
0.69
4.95
2.43
1.25
3.95
2.18
4.45
2.6
4.81
4.66
0.15
4.41
3.95
4.73
3.96
2.08
2.88
4.92
1.52
1.87
2.94
4.19
4.01
2.89
0.08
2.63
1.14
1.69
3.26
3.22
4.92
4.89
2.44
4
1.85
3.35
4.15
4.94
0.93
2.02
0.18
2.22
4.82
2.47
0.19
0.7
2.68
3.75
2.7
4.73
0.55
3.62
3.14
4.81
2.22
0.16
3.74
1.1
1.57
3.9
4.51
2.25
1.73
4.97
4.62
3.64
1.99
0.52
0.07
3.73
3.83
4.29
1.61
0.19
4.58
4.98
0.42
0.66
3.5
1.23
3.56
3.42
4.68
0.94
2.61
0.41
0.8
4.87
4.79
4.2
2.13
2.47
0.28
2.06
1.6
0.57
0.78
0.92
3.01
1.71
1.73
4.48
4.54
1.41
0.42
3.12
0.24
3.71
3.99
2.8
2.54
4.06
2.36
3.23
1.33
1.32
2.1
0.31
2.56
3.25
4.96
0.81
0.4
2.85
2.57
4.8
1.55
2.76
3.46
2.94
1.09
0.94
1.04
3.22
4.97
4.18
3.08
0.35
1.1
1.4
4.29
3.43
1.93
2.64
1.4
4.95
0.44
4.46
1.59
2.52
1.37
0.98
0.51
1.53
0.01
4.17
0.68
2.06
0.14
3.37
0.2
2.23
1.85
2.29
2.73
1.07
1.71
4.04
4.96
3.94
3.66
4.62
3.86
3.07
4.9
2.38
3.82
3.53
3.14
2.72
2.95
0.65
0.82
1.28
1.75
1.05
1.17
3.98
1.08
0.74
4.57
1.36
3.52
1.63
2.36
1.23
4.19
0.37
1.28
2.04
2.49
4.73
1.12
4.48
4.83
1.38
4.51
0.66
3.81
1.61
1.35
0.82
1.08
3.27
2.29
3.63
1.74
2.47
3.74
0.93
2.56
2.8
3.54
4.86
2.28
2.12
2.72
0.47
4.65
2.28
0.57
3.17
1.15
1.31
1.39
1.74
0.04
2.35
3.08
3.52
2.49
1.7
0.64
0.89
2.21
4.42
4.23
2.45
4.32
1.05
2.06
3.08
3.74
4.89
0.63
3.61
3.54
3.71
3.93
0.76
4.35
0.83
1.44
2.66
0.86
0.23
2.6
3.35
3.15
2.2
3.97
2.49
1.64
1.02
4.51
4.31
3.14
4.08
0.89
2.81
3.31
3.77
3.61
1.46
1.44
4.66
2.82
2.32
1.17
0.37
1.49
3
2.25
0.7
2.63
3.4
4.01
3.81
3.59
3.46
4.07
2.97
2.43
4.57
4.47
1.55
4.7
2.17
3.08
1.26
0.28
4.36
3.87
4.21
4.46
3.12
0.89
4.31
0.19
0.36
2.47
1.45
1.53
3.01
4.25
3.87
2.13
0.99
3.72
1.94
3.3
2.58
0.41
0.01
0.07
4.99
3.47
2.27
0.58
0.26
3.89
1.18
0.02
4.16
3.98
0.37
0.13
2.32
2.34
2.82
1.28
3.04
4.58
0.29
2.98
1.4
3.62
0.3
4.25
1.67
3.57
4.33
2.78
4.11
4.51
3.45
2.46
4.76
3.69
0.16
3.52
2.53
3.62
3.24
0.51
0.31
4.14
4.37
0.22
0.79
3.08
4.05
0.67
1.42
4.31
0.63
1.64
4.55
0.35
4.13
0.23
4.47
2.56
3.67
4.8
4.89
3.38
0.34
2.98
3.09
4.59
0.88
4.77
4.55
1.09
4.18
2.25
1.64
3.93
1.46
3.56
3.66
0.61
4.43
2.92
2.64
3.51
1.66
1.26
1.43
0.92
4.86
3.1
3.95
1.76
2.37
4.48
4.01
2.93
0.87
4.19
3.78
3.21
0.75
1.73
1.43
1.47
4.88
0.13
0.24
3.38
2.2
0.25
0.57
4.88
3.93
1.95
2.16
2.32
2.63
4.61
0.46
4.94
2.12
4.2
2.86
0.29
1.94
3.42
3.76
3.68
0.52
3.48
0.53
0.55
3.08
0.08
1.8
4.16
4.01
2.71
4.17
2.84
4.72
0.36
1.08
2.9
2.19
1.37
1.15
1.4
2.77
1.39
2.15
1.8
0.98
4.62
3.36
3
2.9
2.39
1.34
3.56
0.81
2.9
4.17
3.38
2.67
2.11
2.99
4.35
1.18
3.44
3.43
3.05
1.28
1.59
4.18
4.02
2.44
2.88
0.58
4
3.7
2.99
3.51
2.16
3.06
4.14
3.47
4.07
0.49
3.77
3.21
3.43
3.63
2.07
3.48
1.82
0.53
0.11
1.48
4.78
1.78
1.63
2.16
1.37
3.79
1.1
3.91
4.59
4.34
2.2
4.86
4.46
1.21
2.31
0.8
4.28
1.1
2.46
1.54
1.66
0.36
1.72
2.4
4.76
3.73
0.2
0.99
0.86
3.71
2.45
0.2
0.92
1.53
1.37
3.16
2.04
0.22
0.56
2
2.9
1.46
1.75
1.23
2.04
4.17
0.98
3.13
4.7
0.31
0.59
1.47
2.38
3.05
0.11
1.45
2.74
0.15
3.48
2.21
1.94
0.26
1.83
4.42
1.79
2.97
4.76
0.81
0.23
4.23
1.64
4.22
3.41
3.6
2.9
3.64
0.41
3.12
2.27
1.63
2.25
4.38
3.29
1.19
1.3
1.3
1.43
0.21
3.13
2.82
2.9
0.84
4.28
1.53
2.46
3.69
3.05
4.64
3.7
0.6
3.99
3.31
0.59
5
3.72
2.4
1.28
1.87
4.6
4.25
2.18
4.16
0.58
2.57
2.47
3.93
2.99
4.93
3.14
2.97
4.53
3.1
0.64
1.81
3.71
0.53
2.14
2.11
4.85
1.53
4.79
0.74
4.71
4.18
0.07
3.81
1.14
4.19
0.68
2.97
3.42
3.27
1.93
2.43
4.28
3.04
4.16
2.1
2.61
2.29
1.78
2.62
3.1
0.98
0.19
3.66
0.48
0.76
3.16
3.83
4.44
1.12
4.13
4.73
1.39
4.75
2.19
1.41
0.55
2.83
1.7
2.15
1.45
0.3
2.63
4.51
0.54
2.47
2.87
4.1
2.04
2.83
2.24
0.45
1.04
2.63
4.91
3.15
3.88
0.6
3.72
0.86
0.95
3.21
4.87
0.49
3.87
1.02
0.43
1.42
2.09
2.88
2
4.37
0.06
0.32
0.92
1.92
4.82
0.87
4.94
4.91
4.16
2.38
2.68
0.69
3.89
3.6
4.76
0.04
3.71
2.35
4.36
0.75
0.28
0.37
3.08
3.31
4.59
3.36
4.63
2.29
4.87
2.19
1.69
1.99
2.96
4.68
3.11
1.93
1.68
1.16
0.29
4.9
4.5
4.53
0.53
4.42
1.46
2.4
4.04
0.95
1.29
3.64
3.54
2.42
0.6
0.16
3.62
2.76
3.81
0.48
4.63
2.72
1.71
3.67
4.87
2.97
0.79
0.19
0.56
4.73
2.65
2.34
2.64
3.01
3.89
0.94
3.44
0.17
4.97
3.83
1.99
4.95
3.82
2.49
0.64
2.48
0.09
1.13
0.41
4.67
1.1
4.74
3.43
0.15
3.18
1.17
0.1
4.57
3.53
3.13
4.66
0.2
1.22
0.68
2.86
0.71
2.57
3.9
0.07
2.69
1.82
2.52
1.54
2.85
4.1
0.19
2.18
4.7
4.23
1.28
2.67
1.25
4.47
4.05
2.2
0.93
4.1
2.18
4.17
0.34
1.58
3.58
1.54
4.99
0.13
0.25
3.22
1.26
4.23
0.32
4.16
4
4.2
2.95
0.27
1.1
3.6
2.89
3.44
3.16
2.09
0.53
1.99
3.83
2.03
4.97
0.5
3.74
3.54
2.23
1.22
2.35
1.7
3.19
2.88
4.45
4.53
1.38
2.53
2.58
1.28
0.77
4.47
4.61
1.88
4.72
3.2
2.74
2.24
1.44
1.5
1.46
4.72
3.9
1.43
1.75
4.95
2.61
3.14
4.38
2.93
1.54
4.2
0.83
1.73
2.32
2.96
0.2
1.55
3.45
0.33
2.79
3.8
4.53
1.71
0.19
2.05
4.35
0.57
2.09
1.66
2.14
4.19
4.25
3.66
2.62
4.37
4.12
3.03
4.05
0.34
3.35
2.44
0.23
0.48
5
3.54
4.1
0.61
3.41
1.12
2.19
4.7
0.02
1.82
1.98
0.99
0.64
2.93
0.62
0.13
0.42
0.5
4.57
3.68
1.25
4.08
0.99
4.22
4.38
3.98
0.93
4.46
3.16
3.9
1.83
0.48
3.78
2.24
1.19
0.24
2.97
2.66
4.49
2.02
4.28
4.77
2.2
2.6
3.6
2.62
0.56
1.27
1.87
2.57
2.65
1.2
0.07
1.77
3.29
3.41
0.23
2.15
3.61
1.47
4.29
4.36
0.58
2.59
3.7
3.7
1.87
4.83
3.6
3.39
3.39
0.55
2.9
3.93
2.88
0.65
1.34
4.02
1.39
1.92
0.69
2.72
4.09
3.94
0.43
1.57
4.12
1.43
4.65
0.72
2.54
1.42
0.08
1.82
0.27
3.01
0.54
0.48
4.88
1.66
4.35
2.72
3.08
3.83
0.4
1.34
4.53
4.43
0.35
0.11
0.15
4.42
2.19
2.79
3.59
0.28
2.6
4.52
1.3
1.17
2.09
4.28
0.77
2.97
3.23
1.9
3.79
4.3
1.06
2.19
1.65
1.71
2.87
0.86
4.42
0.14
1.09
3.82
2.89
3.32
1.84
1.16
2.31
1.52
0.38
1.17
2.27
0.6
0.37
4.88
4.69
1.14
4.96
0.8
4.29
3.47
2.96
3.51
3.48
1.58
1.09
1.76
4
0.47
3.62
3.95
3.83
0.22
4.7
0.68
1.96
0.21
2.93
0.05
3.5
0.88
3.56
1.5
0.47
3.5
1.85
4.07
1.3
4.82
0.95
2.51
4.05
2.42
4.27
3.57
1.89
0.86
4.23
3.81
4.11
0.45
0.36
4.28
4.95
2.96
1.64
1.88
4.32
2.07
1.22
2.25
1.01
4.47
3.78
4.21
2.4
2.12
0.15
3.14
1.22
1.08
3.6
0.79
2.66
2.92
4.27
3.47
3.98
2.78
2.98
2.97
1.86
2.27
3.83
2.74
4.75
3.32
3.24
4.77
4.07
4.69
1.98
3.1
4.16
4.77
3.85
4.27
1.41
0.74
4.9
0.28
0.12
1.36
0.56
0.73
3.22
3.68
0.83
0.36
4.88
1.57
4.59
4.76
2.92
4.87
3.75
3.63
1.42
1.96
0.65
0.67
4.35
4.31
2.27
1.93
3.09
0.45
4.19
3.05
1.73
4.93
0.85
0.52
0.21
4.92
2.97
4.06
4.89
2.58
1.67
1.56
3.71
1
0.3
4.84
1.2
0.05
1.9
0.7
1.82
0.7
3.59
4.12
4.75
0.82
3.76
4.1
4.73
2.24
2.97
1.52
2.4
4.88
0.51
2.79
1.33
0.75
2.62
3.01
1.29
2.29
0.34
4.62
4.4
2.41
0.02
4.5
3.33
4.76
2.02
0.18
4.99
0.62
1.7
1.1
1.48
0.3
3
1.28
0.16
1.18
4.74
3.04
4.37
2.6
1.1
0.4
3.87
0.55
1.65
4.07
1.16
2.35
3.24
0.3
2.42
3.14
1.83
1.67
2.28
3.27
0.21
1.27
2.72
3.1
2.89
0.26
0.33
1.94
1.98
1.9
3.99
4.89
4.79
0.47
1.46
0.22
1.78
3.54
0.12
4.35
3.38
4.31
2.32
4.02
2.23
3.74
4.62
0.6
4.37
4.24
1.17
4.05
2.88
3.04
3.46
4.34
1.99
3.16
0.08
0.63
4.66
2.57
3.71
3.54
3.37
4.43
3.63
4.84
1.98
1.31
3.21
0.12
0.2
2.05
4.37
2.09
4.27
3.02
4.24
3.49
3.32
0.9
2.41
4.24
3.73
0.86
1.24
1.3
0.3
1.58
0.26
3.83
2.52
3.75
4.74
3.48
2.6
4.23
2.53
1.27
0.46
3.42
1.44
3.02
2.06
4.63
0.05
0.09
3.29
4.39
3.4
1.73
4.32
3.14
2.94
2.28
1.96
3.1
2.5
2.25
3.85
4.24
2.89
3.76
4.86
0.83
4.43
2.07
4.05
0.37
2.66
1.95
4.48
1.11
3.36
0.04
3.33
0.47
2.3
4.32
2.91
0.73
1.25
1.99
1.87
1.32
3.74
4.42
4.07
1.25
3.53
3.58
0.74
1.25
3.12
0.65
3.15
4.63
0.46
3.92
2.2
0.84
4.55
4.09
4.67
4.11
4.07
2.33
4.64
5
1.98
4.18
2.09
0.28
4.38
0.92
3.93
0.39
4.87
2.83
0.31
3.87
0.66
2.01
2.04
2.57
3.17
