0.17
0.69
0.4
0.63
0.66
3.25
3.51
4.16
1.47
4.35
0.36
3.44
2.12
0.43
2.56
0.23
3.98
0.6
2.96
0.21
3.61
2.39
1.51
3.21
0.71
2.13
3.7
2.48
4.82
1.06
3.41
3.86
2.42
4.86
4.15
2.32
2.79
4.45
0.33
0.88
2.43
2.47
3.56
2.33
1.72
3.91
3.09
3.18
2.21
0.84
4.18
2.71
1.18
4.66
4.34
2.69
4.65
3.58
4.99
1.8
1.45
0.61
4.9
4.54
1.6
0.12
4.71
0.62
3.55
0.17
3.33
1.77
4.75
2.61
3.51
2.94
3.14
2.44
4.88
0.85
3.79
1.36
0.23
4.31
0.33
0.47
3.14
0.88
3.04
4.41
2.26
0.95
4.11
0.2
1.77
3.38
4.73
2.98
4.64
4.06
0.95
1.75
0.49
4.19
3.47
0.93
3.57
3.19
2.73
3.73
4.38
4.04
2.8
4.14
0.72
0.18
2.15
0.8
3.36
2.5
2.25
0.38
4.36
3.38
2.25
2.65
4.79
4.22
3.07
3.7
3.37
1.45
4.3
3.98
1.92
3.83
1.39
4.47
2.58
4.21
2.74
1.3
4.57
3.26
2.03
2.08
0.67
2.44
2.12
0.92
2.87
1.01
1.71
4.02
2.04
3.55
1.05
0.48
3.03
3.88
1.53
1.95
4.34
1.09
4.4
3.49
4.08
3.6
3.96
1.68
4.45
4.87
1.08
3.02
2.39
0.73
4.97
0.73
3.02
3.62
2.07
0.59
3.11
4.96
2.65
1.94
3.35
4.47
0.48
3.53
0.16
3.77
2.49
4.58
0.89
4.91
2.22
0.57
2.23
0.64
3.18
1.19
4.81
0.53
4.62
0.09
2.5
4.91
3.76
2.78
1.19
1.49
3.86
4.66
0.75
0.59
4.46
4.63
0.61
0.92
3.95
2.98
3.37
3.23
3.62
2.52
0.05
2.23
1.75
1.92
1.86
2.03
1.1
0.48
2.13
2.45
3.23
0.64
0.87
0.09
1.52
0.28
3.4
0.19
0.83
3.3
4.97
1.95
2.11
1.66
0.67
1.29
1.67
3.29
3.06
1.82
4.35
3.43
0.75
0.34
1.7
1.95
1.81
3.16
3.65
0.08
4.29
0.74
0.99
1.29
1.64
0.76
2.67
4.26
1.99
1.17
0.24
0.69
0.5
2.24
2.13
0.5
4.39
2.05
2.94
4.76
2.14
4.16
0.12
3.26
1.98
2.29
1.68
0.49
1.99
1.49
2.77
2.93
4.81
0.78
3.08
3.4
4.19
4.93
2.89
0.66
2.25
1.86
4.53
0.95
4.97
1.14
0.64
2.33
2.9
3.59
4.74
2.11
1.2
3.98
2.1
2.02
3.47
2.28
1.6
1.59
3.34
1.42
0.02
3.51
0.07
3.83
2
1
2.13
3.27
1.6
0.56
2.11
2.05
2.49
0.89
1
4.91
3.9
1.03
3.49
0.57
4.57
1.69
1.45
1.91
1.12
4.78
3.04
4.95
2.67
4.96
1.03
4.69
1
3.28
3.8
2.31
3.89
4.13
2.57
1.13
1.23
4.42
0.83
4.27
1.66
1.56
2.11
4.09
3.57
4.41
3.52
2.09
2.42
1.17
3.84
3.46
4.32
1.02
3.16
2.17
1.21
0.99
1.4
1.89
1.22
0.81
2.33
2.42
0.27
4.12
2.97
0.49
4.37
2.33
0.67
3.76
3.97
0.07
0.09
3.11
0.4
4.28
2.69
4.48
1.84
0.48
4.08
4.53
4.49
1.32
2.89
0.63
4.6
3.29
4.33
2.31
2.39
1.97
2.57
1.25
0.9
2.81
1.9
3.42
3.8
3.51
3.47
1.54
3.54
1.22
0.21
3.04
1.87
1.78
4.41
0.31
4.71
2.49
3.05
0.49
2.43
4.84
2.31
3.53
1.82
0.45
4.04
3.53
2.34
3.94
0.67
4.06
2.97
1.68
0.63
3.24
1.45
2.41
2.7
0.29
4.97
2.29
1.22
4.42
3.58
3.36
0.83
3.66
0.45
2.68
3.07
0.76
0.38
4.67
0.39
2.89
2.43
3.42
0.26
2.14
1.65
2.72
1.2
4.17
1.42
1.68
3.59
2.21
2.32
4.98
0.65
1.92
0.63
3.62
3.08
4.71
3.46
3.99
2.84
1.71
3.36
1.63
0.65
2.12
2.52
0.82
0.37
4.19
4.75
3.09
0.97
0.7
0.51
0.04
2.15
0.19
0.51
2.4
2.94
4.02
0.65
3.44
2.04
1.08
4.4
2.12
2.2
2.07
3.16
1.31
2.08
0.31
3.75
0.94
3.61
3.27
3.42
0.06
3.76
3.98
5
3.83
3
2.49
2.72
2.2
3.67
4.05
0.67
0.89
4.56
2.72
2.03
4.93
3.69
1.8
4.12
1.43
0.67
0.69
2.89
2.59
1.11
0.5
3.7
4.8
1.8
2.1
0.22
1.41
0.6
2.19
0.91
3.16
0.03
1.34
1.73
4.86
0.44
1.2
1.06
0.76
2.05
2.9
2.93
3.6
1.82
3.25
3.36
2.76
0.58
3.21
2.11
0.02
0.29
2.42
0.67
2.88
4.98
4.51
3.64
2.82
4.25
4.62
3.7
2.27
0.53
4.16
0.18
1.61
3.8
4.29
2.04
2.23
3.59
2.61
0.33
1.22
1.43
1.97
0.61
0.48
1.63
3.37
4.3
4.46
0.69
1.19
1.1
3.09
3.56
3.26
2.7
3.81
4.74
2.92
4.01
2.43
2.22
1.34
3.41
1.07
2.91
4.35
1.14
0.74
4.84
0.99
3.48
0.77
2.64
3.81
3.13
1.87
4.6
3.36
2.52
2.07
3.48
0.72
0.49
2.56
4.75
2.99
2.76
1.53
2.11
0.49
4.56
2.2
3.18
2.06
3.35
1.57
1.65
4.24
3.61
4.42
3.75
0.47
0.08
0.62
2.65
4.85
2.9
4.83
2.9
2.92
3.61
4.91
1.45
1.85
2.34
4.53
0.51
2.65
3.5
3.23
3.75
4
2.05
4.34
3.12
3.36
4.99
0.56
4.62
1.51
0.06
2.01
3.52
2.87
1.3
0.38
0.22
1.07
3.31
4.87
0.99
3.35
2.3
2.78
4.09
2.57
3.2
3.56
3.68
1.01
1.07
1.55
3.49
2.54
1.58
2.98
2.08
4.97
4.51
0.07
3.62
4.67
0.59
1.51
2.02
3.7
0.57
3.4
3.08
1.11
0.06
2.84
0.46
4.64
0.84
1.86
0.04
1.7
2.08
3.88
4.44
0.07
4.13
2.3
2.69
2.21
0.25
1.79
4.69
0.38
1.48
2.13
0.63
2.99
4.89
4.34
2.29
0.75
0.05
3.51
1.62
0.32
4.82
0.52
2.68
0.15
0.26
1.38
0.77
2.45
2.79
3.11
3.6
1.64
4.89
0.76
2.8
0.73
2.35
4.45
1.38
4.24
0.92
0.67
2.68
3.43
0.89
2.51
3.58
0.51
0.14
1.4
1.76
4.2
4.32
1.66
3.59
1.32
2.23
2.79
2.23
4.53
0.07
2.84
2.57
4.85
4.68
4.65
0.79
2.22
4.27
0.1
4
0.24
0.7
0.12
4.57
2.01
3.8
4.77
1.43
2.96
0.87
0.88
1.44
0.02
2.22
3.62
2.5
1.06
0.14
0.93
1.93
4.72
0.48
2.78
1.24
1.48
4.99
0.43
2.37
3.62
0.07
3.59
3.78
3.17
2.99
4.6
3.71
4.58
3.78
2.27
0.31
1.21
0.62
2.68
3.97
3.57
2.37
4.08
1.51
3.86
2.55
4.18
4.65
0.23
2.09
1.8
0.33
4.58
2.39
1.26
2.72
4.61
3.74
0.6
1.98
2.33
1.44
0.97
1.97
0.29
2.09
4.13
1.94
4.2
1.99
0.21
2.68
1.46
4.05
3.18
0.19
4.15
2.3
1.29
2.49
0.58
1.76
2.71
1.42
0.68
4.22
0.12
3.32
1.35
2.31
1.69
4.19
0.78
1.66
3
4.57
2.03
0.95
2.76
2.24
1.56
0.92
3.3
4.84
2.37
1.67
3.3
2.84
3.37
3.76
0.02
3.68
0.76
2.13
1.04
1.26
2.15
2.39
0.79
1.35
0.23
1.27
3.18
4.65
3.45
3.38
3.16
3.93
3.45
2.03
2.13
1.96
2.07
4.88
2.41
2.73
1.58
3.22
0.34
3.8
2.27
2.91
1.21
0.86
2.34
0.07
4.94
0.92
0.82
2.74
0.92
0.87
2.85
0.38
4.41
2.37
4.3
1.04
1.11
0.16
4.37
4.74
1.76
3.56
1.02
2.84
2.15
4.15
3.32
1.78
2.84
3.29
4
1.78
0.47
0.42
2.12
0.59
4.34
2.87
3.27
0.94
0.42
1.28
3.08
0.66
0.68
2.36
1.15
1.39
3.76
1.83
4.79
2.93
4.06
3.8
3.48
4.99
4.53
4.86
4.89
0.14
3.38
3.57
4.06
2.03
0.17
0.46
3.09
1.31
3.25
1.56
1.01
1.99
4.37
3.98
3.01
4.39
2.59
3.34
1.21
2.58
1.63
1.68
2.06
1.42
0.78
2.37
4.77
3.74
4.99
0.42
1.29
2.11
1.95
4.41
4.04
3.26
3.08
4.98
0.9
1.76
4.3
2.24
3.15
3.41
0.24
1.56
3.99
1.61
1.55
1.19
0.4
3.43
1.19
0.36
3.3
0.22
1.81
3.83
3.06
1.77
4.61
4.6
3.67
3.86
0.58
2.85
2.5
3.69
0.48
3.98
3.9
0.56
1
3.53
3.38
0.23
4.43
3.25
3.42
3.04
1.43
1.66
2.25
0.25
0.72
3.94
3.68
3.51
2.7
0.69
3.68
0.02
0.14
1.01
0.51
4.68
0.71
4.83
4.64
4.42
3.11
3.77
3.54
1.72
2.64
4.84
3.21
2.64
0.68
1.11
0.68
4.42
2.59
2.73
0.71
0.66
4.91
0.68
2.07
2.2
1.99
1.42
0.66
2.22
0.97
0.26
3.33
4.49
4.72
0.28
2.83
1.54
2.31
3.72
4.11
4.69
4.51
4.82
3.05
0.63
1.48
4.53
2.74
4.72
3.37
3.29
0.41
2.28
3.02
2.49
0.47
0.25
4.35
2.19
1.14
0.51
1.01
1.26
3.24
3.96
3.3
1.27
2.87
3.68
0.48
0.8
3.29
4.3
1.92
3.06
2.45
4.17
2.08
4.71
2.52
3.01
3.52
1.78
3.94
3.01
2.24
2.44
3.94
2
0.88
3.71
2.08
0.79
2.38
4.39
1.54
4.51
4.92
4.1
3.74
2.69
0.48
4.23
2.87
1.95
3.95
3.68
4.47
3.67
0.95
3.31
4.62
2.12
3.93
0.44
1.02
2.04
3.44
0.26
0.63
3.35
1.68
2.41
2.29
0.09
4.41
1.31
0.41
1.95
0.47
0.78
4.9
4.07
4.21
1.61
0.6
3.91
3.62
1.14
4.02
3
1.49
1.06
2.45
0.86
2.69
1.12
1.1
4.54
0.25
1.43
2.55
0.13
1.29
1.03
4.65
2.65
0.46
2.44
0.47
1.23
0.63
2.59
4.8
4.67
4.65
1.32
2.23
1.21
3.43
1.96
4.54
4.31
2.68
2.11
0.4
1.72
3.07
0.63
4.66
0.39
4.11
1.37
3.42
0.81
3.95
0.43
3.91
0.29
0.88
2.02
1.24
0.98
0.51
1.85
3.43
1.31
3.02
3.68
4.56
0.11
1.54
1.01
1.48
3.61
0.61
1.32
2.21
3.8
0.02
4.16
3.59
1.53
1.39
1.12
0.24
2.79
4.97
0.6
0.08
2.57
4.38
4.56
1.75
2.94
4.11
2.41
0.08
3.89
2.12
4.32
4.68
1.53
2.79
2.84
3.82
3.02
2.25
3.84
2.46
4.67
0.84
3.87
1.29
1.47
0.14
1.34
1.85
3.54
0.35
2.02
1.52
2.96
4.03
3.89
1.08
3.65
4.86
1.52
1.69
2.91
3.56
4.22
2.24
2.08
2.46
4.27
3.91
1.9
4.75
0.53
0.65
1.84
2.27
1.33
2.98
3.54
2.26
4.63
0.81
4.35
2.6
2.55
4.72
2.25
4.29
1.49
3.11
1.06
3.53
2.29
3.25
3.97
1.7
2.95
0.27
1.25
4
3.98
3.19
1.79
3.8
4.62
1.62
3.4
1.47
1.49
3.35
3.19
0.49
2.02
1.56
0.11
3.28
4.27
0.68
4.33
3.7
1.49
0.51
2.45
0.23
3.36
3.32
2.91
2.99
3.87
2.52
1.16
4.74
4.36
0.32
0.16
2.63
2.32
2.5
3.52
1.22
0.07
2.17
2.17
2.08
0.08
3.97
4.75
1.35
1.82
0.07
1.84
2.55
3.5
0.69
1
0.49
4.12
3.79
4.82
0.31
4
3.71
3.14
0.69
4.52
0.87
3.63
4.83
4.76
2.15
2.06
4.08
1.25
3.21
0.46
4.41
3.99
4.44
4.39
4.02
4.56
3.04
1.02
1.77
3.1
2.71
1.85
1.23
1.57
4.13
2.52
4.81
4.22
2.28
2.52
0.27
1.11
4.91
3.31
1.44
2.66
1.26
1.7
3.44
2.7
3.12
1.21
0.46
2.15
3.37
4.09
4.79
3.39
3.7
1.76
0.8
0.74
4.31
3
2.3
3.83
4.87
4.19
3.22
2.48
1.07
1.87
3.43
0.6
4.23
0.02
1.15
0.44
0.54
4.31
3.74
4.12
3.45
2.1
4.1
0.27
4.47
1.15
4.08
4.24
3.74
0.2
1.57
3
1.54
2.56
0.6
2.26
3.82
2.61
2.23
1.72
0.88
0.26
4.25
3.8
2.6
2.4
2.6
1.86
0.62
3.91
3.42
0.99
4.89
0.38
3.81
0.45
0.72
0.93
2.76
0.26
4.16
2.91
4.52
1.57
4.75
1
4.08
1.47
2.79
0.64
3.67
1.38
4.54
3.59
0.77
2.95
4.53
0.6
1.52
2.78
3.34
1.36
1.88
0.63
3.37
1.27
3.72
4.98
3.81
2.07
3.68
2.27
1.22
1.09
3.32
0.65
0.31
2.86
4.84
2.38
2.14
0.83
4.49
3.09
0.88
4.86
2.77
3.67
4.85
3.2
2.72
1.42
0.7
3.47
4.95
3.56
4.28
1.82
4.64
0.9
0.2
1.16
3.84
0.45
4.48
2.09
0.6
2.74
0.44
3.96
4.57
1.11
3.99
4.99
2.08
4.54
1.38
2.86
1.45
0.58
4.81
1.23
2.02
3.42
3.87
2.8
4.59
4.47
1.75
2.68
1.67
4.14
1.59
0.19
1.73
3.3
3.42
0.19
3.83
4.41
4.26
2.86
2.37
4.78
1.02
3.04
1.2
4.63
3.4
1.16
0.65
1.67
2.45
2.88
3.44
0.53
4.49
0.41
1.92
2.07
4.83
2.78
1.91
2.05
1.64
2.04
3.37
0.48
0.84
1.8
3.25
2.27
4.07
1.34
3.38
4.87
2.76
0.92
3.62
4.29
0.53
4.14
0.65
3.68
1.69
0.25
3.52
4.73
4.41
4.48
2.09
4.79
2.66
3.77
1.93
2.08
3.44
2.53
0.23
0.63
1.07
4.54
1.93
1.45
1
1.58
2.26
4.2
3.53
0.76
1.44
2.09
4.83
0.3
2.2
4.4
1.89
0.36
1.24
0.25
2.12
4.44
2.71
4.59
3.07
1.08
1.92
2.31
4.84
3.84
1.27
0.49
1.73
4.98
2.09
0.51
2.18
4.21
2.21
1.06
4.81
1.89
4.27
0.32
3.94
0.81
1.74
1.44
0.85
4.3
4.44
2.03
1.41
4.99
0.37
1.18
4.57
4.32
3.42
2.65
1.16
4.05
4.07
3.22
3.33
1.43
0.45
4.3
0.98
1.87
2.18
2.78
2.28
1.86
0.22
2.62
4.07
1.29
2.15
2.84
0.49
3.62
0.66
0.23
2.57
2.15
1.12
1.35
2.57
3.72
4.17
1.69
3.18
0.14
3.51
2.62
4.85
2.07
2.5
3.46
0.97
2.61
3.48
2.52
5
4.66
2.91
0.66
0.94
3.54
2.18
2.16
3.89
3.94
1.6
3.31
2.36
3.49
1.03
1.26
1.07
1.94
4.84
1.43
0.83
0.28
3.98
0.33
1.89
4.26
2.95
1.48
0.98
4.71
4.82
2.11
3.04
3.31
4.13
3.88
2.3
1.19
4.49
3.96
2.57
2.01
3.4
4.52
4.45
1.83
3.95
1.21
1.14
1.32
4.91
2.86
2.07
3.5
1.37
1
1.32
1.36
3.86
2.3
2.98
1.78
4.57
0.61
2.01
1.18
4.71
4.39
2.98
0.97
2.66
4.86
1.37
3.31
3.09
3.44
3.13
4.59
4.49
3.13
2.07
4.75
2.61
0.61
4.58
3.07
2.28
4.43
3.96
1.58
0.32
4.17
3.2
4.35
4.56
3.09
4.62
4.05
4.08
3
0.51
2.55
0.79
2.18
4.58
1.08
2.38
2.6
3.15
0.17
0.79
4.59
0.55
3.17
3.78
2.24
0.8
0.35
0.53
3.82
0.19
0.56
4.99
3.3
0.13
0.47
1.94
0.74
1.72
2.69
4.94
2.62
3.33
3.81
0.98
3.36
1.82
1.36
0.79
4.09
1.26
3.06
0.54
1.23
1.27
2.83
3.7
0.4
2.78
2.27
0.73
3.41
1.3
1.27
0.57
0.24
2.1
0.86
4.93
4.88
0.56
3.78
0.7
3
3.51
1.13
0.61
2.54
2.78
4.17
3.17
2.34
1.9
2.76
4.11
4.73
2.36
2.69
0.11
4.81
0.42
2.25
3.59
3.76
1.31
4.37
4.42
2.34
0.85
4.84
1.43
0.99
2.42
3.37
1.9
3.72
0.37
2.09
1.47
2.48
2.44
4.72
4.42
4.42
4.67
1.34
3.4
1.02
4.27
3.07
3.08
1.92
4.82
2.65
3.34
4.25
3.02
3.93
1.42
2.11
0.9
2.94
0.71
0.68
2.88
4.44
4.68
3.66
3.56
4.51
0.26
1.24
3.06
3.31
4.2
0.66
4.89
0.11
4.96
4.81
0.82
3.34
3.06
4.71
4.05
1.71
1.94
4.58
4.06
1.45
4.65
4.49
4.93
0.48
3.96
0.47
3.9
1.2
2.02
3.96
4.58
4.96
1.08
0.2
1.36
0.78
3.7
1.23
0.45
0.01
2.82
4.03
0.13
4.53
2.91
3.04
2.45
2.98
1.32
1.51
2.96
2.07
2.41
1.35
2.14
0.98
4.45
3.71
4.05
3.72
4.53
4.44
3.98
1.57
4.64
0.89
2.22
2.16
0.24
3.68
1.14
2.14
2.19
0.82
4.14
0.67
1.93
2.3
0.23
2.02
0.7
3.81
4.8
3.9
3.27
3.86
4.45
2.43
3.95
3.06
0.74
4.7
4.45
1.44
1.38
3.09
0.96
3.56
3.37
0.88
1.72
3.66
4.63
3.81
3.53
1.08
0.41
2.49
2.99
3.96
3.71
2.32
3.01
0.49
2.77
3.25
4.97
1.87
2.88
4.88
3.06
3
0.86
4.62
0.84
4.6
2.84
3.89
4.37
3.62
4.05
3
4.33
1.16
3.17
1
4.07
0.36
3.61
2.9
2.79
4
0.71
4.55
3.02
2.25
4.19
3
0.01
0.44
1.3
3.69
3.01
2.71
2.3
3.89
4.47
3.23
3.24
4.42
4.22
3.78
0.41
2.02
1.73
2.39
1.33
0.59
1.34
0.22
0.13
2.25
3.27
0.41
2.14
1.36
3.33
3.75
1.36
4.99
3.98
1.81
0.33
2.16
0.64
2.72
2.45
2.32
0.89
2.23
0.52
3.02
3.58
0.61
1.15
2.42
4.73
3.72
4.81
3.02
4.87
4.4
3.16
1.1
1.81
4.23
1.92
1.63
4.16
1.96
3.45
1.11
4.14
4.51
1.34
1.49
2.84
3.26
1.97
2.53
4.27
2.18
3.37
1.41
0.41
0.54
3.66
2.56
3.57
5
1.58
3.8
4.83
3.61
4.86
3.32
2.43
2.53
3.72
1
2.26
2.82
3.04
0.8
5
2.12
2.41
0.62
3.53
1.47
0.77
0.6
2.7
1.02
2.47
3.95
1.7
2.34
1.7
4.27
4.15
1.89
0.27
4.29
4.93
4.24
0.73
4.12
2.31
1.47
0.45
3.53
0.53
3.43
1.17
0.64
4.46
4.56
1.05
3.51
0.04
0.84
4.94
2.34
3.95
2.71
1.78
3.64
3.98
0.13
2.7
2.55
4.58
3.79
4.01
0.99
1.03
4.62
3.78
2.83
2.39
0.88
1.87
0.56
1.9
3.57
4.21
4.15
0.58
4.06
4.38
4.29
3.47
2.03
0.44
0.17
1.35
3.27
3.91
4.87
4.33
0.14
4.11
0.97
3.81
3.03
0.98
3.19
0.17
0.46
2.36
4.67
2.46
0.18
4.95
2.08
2.15
2.2
3.4
0.22
3.13
0.81
1
1.19
0.22
0.69
0.57
0.74
0.2
3.27
1.21
2.26
2.35
1.55
3.01
2.19
4.49
1.15
4.9
4.83
0.84
4.42
3.77
1.69
4.84
1.43
2.14
1.54
4.15
2.73
3.76
3.09
1.75
4.56
0.88
3.09
4.45
2.47
1.41
0.68
4.08
3.74
0.32
0.6
2.33
4.64
4.3
0.09
2.31
4.66
3.05
