2.45
2.35
0.03
2.21
3.72
0.27
1.58
4.96
1.62
1.58
3.36
0.1
3.77
3.35
2.84
0.22
4.65
1.36
0.64
0.48
2.19
1.83
4.63
2.4
1.82
0.27
0.83
0.82
4.29
0.23
1.04
2.29
0.76
4.47
4.93
4.29
3.31
2.88
0.67
1.3
4.79
4.5
2.91
4.3
3.2
4.23
2.66
2.91
4.64
2.14
4.13
2.33
2.1
1.14
2.76
0.13
0.93
3.3
0.29
4.75
2.38
2.65
3.21
2.97
0.9
1.3
2.82
4.81
4.26
0.09
3.21
1.85
1.43
0.43
0.39
2.99
1.42
1.33
1.9
3
1.48
1.2
2.34
0.92
4.11
3.28
3.05
4.25
2.95
3.07
0.46
1.48
1.81
2.92
1.33
3.34
0.3
1.05
2.99
1.31
4.78
4.78
2.63
3.22
0.96
0.3
2.99
0.91
1.75
1.68
4.49
1.87
4.63
1.93
0.03
1.9
1.48
1.24
3.9
0.99
3.8
3.45
1.16
1.66
4.14
0.33
4.65
1.61
1.26
1.46
1.33
0.31
0.66
1
1.76
2.46
2.74
0.21
2.1
0.76
0.02
3.74
0.95
2.52
4.26
0.18
4.44
0.64
4.38
3.59
1.07
4.39
2.7
1.32
3.55
2.7
3.14
2.36
1.83
1.59
0.59
3.49
1.66
1.82
0.86
2.71
4.28
3.64
1.15
3.62
2.74
0.68
1.27
2.39
2.8
2.95
0.1
2.2
1.69
0.43
0.47
1.18
2.64
3.8
3.1
1.65
2.99
3.63
2.52
3.74
4.9
0.05
0.63
2.82
0.87
0.31
0.27
4.78
0.5
4.51
3.95
3.25
0.3
4.93
0.98
3.36
1.8
0.61
2.5
2.63
4.55
3.24
2.94
4.09
3.96
4.62
1.69
1.27
3.18
1.3
2.1
4.42
0.32
3.42
1.48
1.72
1.82
3.66
4.83
4.38
3.59
4.55
0.12
1.95
2.41
2.16
1.08
2.57
0.43
3.69
3.08
1.68
0.94
1.19
2.3
1.97
1.16
3.41
2.26
2.92
4.82
0.6
2.12
2.6
2.97
4.95
0.66
2.32
3.18
3.23
3.58
2.26
3.5
0.91
3.92
0.01
2.15
3.6
0.79
3.64
0.93
2.34
0.84
0.69
1.89
4.84
0.42
0.09
1.06
3.28
1.01
4.69
2.16
4.47
1.61
0.93
2.74
0.64
1.17
3.01
4.79
0.95
2.88
4.74
1.39
4.68
3.13
0.27
3.56
0.73
1.7
1.51
0.3
2.49
0.93
1.97
4.14
3.02
3.83
2.92
1.23
4.23
4.84
2.03
0.66
4.07
0.6
3.99
3.15
2.45
0.57
0.59
1.21
1.98
3.05
2.42
0.64
2.99
3.52
4.55
2.28
4.04
4.9
0.83
2.99
1.6
4.01
3.3
3.99
4.2
0.54
1.48
3.65
5
4.61
3.94
2.94
1
0.33
3.6
1.22
2.77
3.91
1.47
3.65
0.22
2.32
0.39
4.88
2.1
4.45
3.13
4.63
4.14
3.8
3.71
3.98
2.53
4.74
1.54
0.4
4.73
3.16
0.87
1.17
3.46
2.4
3.12
0.2
4.27
1.77
4.48
4.13
3.13
0.88
2.85
0.91
1.48
4
4.51
0.23
2.67
0.72
4.64
0.32
1.19
3.18
2.81
2.4
2.54
0.26
4.18
2.58
0.7
0.19
0.07
4.14
3.77
4.42
3.4
0.23
3.55
4.21
0.78
2.66
4.78
3.14
3.71
3.6
3.53
0.62
0.6
2.48
3.85
2.53
1.04
0.66
3.1
2.34
0.78
2.09
0.23
0.92
0.66
3.04
4.31
0.47
2.29
1.9
1.46
0.12
1.87
0.58
2.95
3.84
1.73
0.84
3.18
0.56
4.71
0.9
0.55
3.49
1.33
1.56
4.18
1.64
3.73
2.39
2.54
4.3
1.62
4.76
3.62
3.12
1.24
4.63
0.34
1.61
1.54
0.71
4.49
1.86
2.29
1.71
2.84
0.22
2.38
3.53
0.63
0.54
0.89
2.79
3.19
3.91
0.95
3.46
2.73
4.45
0.62
1.04
4.19
4.66
3.18
4.95
1.05
4.76
1.01
3.94
3.88
1.01
0.31
0.82
3.89
4.39
3.38
1.5
3.4
4.4
1.33
3.32
1.6
4.84
0.48
1.01
0.14
4.92
2.84
2.22
2.98
0.93
4.19
4.68
4.42
1.93
0.91
1.77
2
0.39
0.81
4.44
2.11
0.13
0.79
1.92
0.99
3.35
3.76
4.49
2.14
0.55
2.32
0.66
3.96
2.12
0.65
2.43
4.97
1
1.86
1.23
4.45
3.95
0.84
1.2
3.37
3.34
2.34
0.41
4.2
3.44
4
3.11
1.46
1.19
2.05
2.43
1.34
3.61
4.91
3.08
0.61
3.32
4.72
0.85
0.86
1.22
3.16
4.91
4.83
3.76
3.09
3.76
2.15
4.92
1.92
4.44
3.12
4.95
0.49
1.06
2.74
0.79
1.94
1.06
4.5
4.05
3.17
4.31
3.89
1.36
1.95
1.11
2.46
4.56
3.76
1.06
2.39
3.32
4.22
0.82
3.11
3.82
3.76
4.58
2.91
1.74
4.18
0.45
2.88
4.26
4.82
4.47
0.75
1.25
0.16
1.72
1.03
3.89
4.45
4.04
3.88
3.1
3.15
4.15
1.36
1.48
4.63
0.03
2.49
2.12
4.45
1.32
4.52
3.21
0.77
2.08
0.82
2.2
1.03
4.86
4.85
3.83
4.07
0.1
2.92
3.07
3.43
4.89
2.41
1.1
3.95
1.68
1.21
0.31
0.61
3.88
3.3
3.6
3.08
2.63
4.95
0.23
3.34
2.2
2.81
2.28
1.39
3.33
2.77
1.02
0.08
2.44
0.2
1.71
0.7
0.33
0.44
0.21
2.72
2.65
0.36
4.32
4.5
0.31
1.44
4.52
1.78
1.44
4.88
1.99
2.12
4.13
1.63
0.85
3.77
3.21
3.54
2.92
2.59
0.09
3.01
0.95
2.15
3.19
2.36
4.91
0.02
4.78
2.87
0.17
2.79
2.14
0.53
2.93
4.37
4.02
2.39
3.82
4.27
3.63
0.72
4.81
4.75
4.72
2.65
1.22
3.31
3.74
1.86
2.54
0.58
4.27
2.45
1.07
4.17
5
1.68
0.34
2.05
2.93
2.62
3
2.94
2.16
0.61
4.56
0.69
1.95
4.62
1.92
4.63
3.68
3.44
2.53
4.38
4.61
0.3
1.74
3.39
1.16
3.71
2.09
4.06
2
2.01
4.82
4.04
3.48
1.32
2.26
2.43
3.04
2.52
1.12
2.1
4.59
1.94
1.34
3.33
1.68
3.01
1.51
3.09
4.23
2.49
2.22
1.02
0.34
1.97
3.91
1.83
0.13
3.42
1.02
0.73
1.45
3.72
0.41
1.91
2.12
1.87
4.92
4.69
0.77
0.02
2.61
4.85
4.36
0.95
1.98
0.47
0.39
1.86
3.04
4.42
0.74
0.49
3.52
1.4
3.81
4.04
2.14
3.49
1.22
3.58
3.88
4.35
0.09
1.01
2.5
1.23
1.1
3.69
3.43
1.22
4.34
4.84
0.98
2.63
0.59
2.07
2.87
2.09
1.29
3.01
0.5
4.21
3.65
3.14
4.69
1.55
0.07
2.86
0.93
4.01
3.43
1.44
3.35
4.19
4.36
4.65
0.41
2.22
0.06
1.35
3.04
3.08
1.05
3.63
3.75
4.08
0.99
0.72
4.59
3.35
2.36
0.12
4.07
1.02
2.29
1.03
0.64
4.91
4.2
0.29
1.06
0.3
2.14
4.84
4.93
3.54
1.9
1.64
0.59
0.53
4.04
0.27
0.01
1.56
4.04
3.38
2.91
4.88
3.14
4.96
0.96
0.78
0.14
3.85
2.49
3.65
3.21
0.56
4.14
0.66
1.77
4.2
2.66
3.44
4.98
1.72
1.96
2.64
3.99
3.78
0.25
0.64
4.76
2.41
4.43
0.62
2.72
2.11
0.04
3.59
3.37
3.75
4.69
2.85
1.79
4.29
0.76
3.64
2.8
4.94
0.71
3.55
4.44
0.2
0.11
3.65
4.67
0.14
4.17
4.97
1.85
0.53
2.9
4.1
2.15
4.87
3.83
4.52
4.89
3.53
2.21
0.01
0.2
1.02
1.15
2.29
2.37
4.06
0.42
4.66
4.24
0.08
4.24
2.79
0.66
2.59
2.93
4.05
4.84
1.9
2.17
0.27
1.05
0.02
2.14
3.64
4.41
4.84
2.08
0.14
2.41
0.07
4.64
2.38
0.54
0.38
1.33
4.72
2.6
4.38
4.23
2.31
1.28
1.65
1.06
1.54
1.87
4.97
1.28
1.3
0.69
0.28
2.78
1.38
0.5
0.08
1.79
2.9
2.05
1.74
4.92
3.14
0.55
3.93
3.33
0.24
4.27
0.53
2.53
0.34
4.63
3.82
3.45
2.9
0.27
3.2
1.96
3.99
4.51
4.58
1.05
0.08
2.17
4.42
0.06
2.57
1.32
0.94
4.91
0.54
1.03
0.04
0.19
0.05
0.53
4.77
4.75
1
1.87
0.55
3.95
4.34
4.1
0.31
5
3.51
0.91
0.28
3.7
1.4
2.16
0.2
0.95
2.29
3.01
0.95
1.14
4.41
1.56
4.62
3.27
3.82
1.85
3.86
4.38
3.32
0.3
3.34
2.84
2.78
3.13
4.07
1.01
4.24
2.34
2.63
1.12
4.27
1.22
0.57
4.6
1.98
0.41
0.88
2.61
0.49
3.77
3.12
1.67
1.07
3.9
2.4
0.35
1.34
0.66
4.7
3.64
4.54
3.2
2.08
0.81
1.82
2.65
2.93
0.63
0.08
3.67
2.54
2.35
4.53
2.64
1.52
1.88
3.48
0.18
3.96
0.42
2.51
4.16
3.16
0.38
3.28
0.41
0.97
3.26
3.44
3.01
4.29
0.08
1.82
2.93
0.65
4.41
0.95
3.92
4.05
0.29
1.35
3.05
4.34
1.47
3.51
3.09
2.19
4.02
0.88
2.17
0.5
0.7
4.46
1.92
2.12
4.7
1.24
2.46
4.06
2.02
2.66
1.06
3.66
3.2
4.21
0.86
2.85
0.18
3.27
1.98
1.45
0.31
3.79
1.45
1.85
0.69
0.91
4.77
3.92
3.08
2.65
1.05
1.73
1.4
3.58
4.63
4.79
4.1
4.34
2.12
0.65
3.96
0.12
3.97
3.55
3.54
2.53
1.22
2.52
1.82
0.62
4.12
2.79
3.54
2.79
1.81
2.52
4.81
1.19
0.85
1.88
4
4.71
3.7
2.87
0.67
5
4.67
0.73
3.09
0.7
1.43
4.95
3.13
2.66
4.52
2.13
3.62
2.73
0.75
2.65
4.04
1.66
0.06
4.99
0.71
3.91
4.87
0.48
4.26
4.21
2.38
4.83
2.9
0.18
1.63
4.36
4.6
2.63
0.1
0.37
0.32
3.06
0.14
3.53
4.31
3.28
0.88
0.13
1.98
2.71
4.42
4.89
2.42
4.48
1.77
3.81
3.2
0.92
3.25
2.65
3.78
3.28
4.93
3.54
1.03
4.49
0.55
1.35
2.98
0.08
3.97
0.38
1.15
2.98
2.19
2.43
3.35
3.76
3.63
4.72
2.64
2.65
2.78
2.5
0.69
1.1
2.31
4.83
0.36
1.81
4.9
4.95
0.69
1.15
0.48
0.93
0.39
1.47
4.04
2.44
4.18
2.28
1.71
1.47
4.31
0.96
4.68
4.6
0.42
4.43
4.61
4.79
2.53
2.01
2.91
1.95
4.9
4.23
2.1
3.2
3
3.05
1.54
2.19
3.06
3.96
3.87
1.26
3.3
4.14
1.03
4.57
0.53
1.87
4.46
0.63
2.18
3.1
3.39
3.12
2.59
1.52
2.74
0.74
4.85
3.1
3.28
4.97
3.9
2.77
1.3
1.6
1.85
0.42
1.37
4.18
2.74
4.09
4.63
2.56
4.21
3.65
2.74
0.45
0.65
3
1.17
3.55
2.04
0.17
0.75
2.03
2.92
1.1
2.55
2.43
1.15
4
0.08
2.44
3.49
2.9
3.49
0.66
1.92
1
0.35
2.18
4.73
3.29
4.19
2.53
2.27
2.52
0.62
3.93
0.85
3.95
1.29
0.68
4.04
3.65
3.62
3.82
3.08
1.24
0.51
0.53
0.53
4.01
4.34
2.53
3.89
2.23
4.54
3.16
4.31
2.51
2.07
3.05
1.85
3.55
3.03
2.86
3.69
4.14
4.93
3.28
3.27
1.11
3.26
2.92
4.69
0.09
0.04
3.94
4.27
1.71
0.2
0.31
1.63
0.72
2.05
1.68
3.18
2.61
3.58
1.61
3.73
2.21
4.02
2.29
3.99
2.16
0.07
3.57
2.69
2.33
4.89
2.92
2.45
2.2
4.33
2.16
2.75
1.32
1.59
4.63
2.7
0.04
4.93
3.14
0.34
2.54
1.21
0.1
2.13
2.21
4.49
1.84
2.83
1.86
4.27
1.15
0.5
0.52
2.52
1.32
3.78
4.79
1.08
2.91
4.19
2.14
4.49
3.25
4.86
0.09
2.89
4.45
1.28
1.39
0.56
4.93
0.7
1.34
4.12
3.95
1.1
0.79
3.52
0.27
4.98
0.34
2.8
4.21
1.33
2.31
1.93
2.81
2.81
1.25
3.11
2.23
1.89
2.46
2.35
2.27
3.4
2.03
1.16
2.61
2.38
0.8
4.05
3.39
2.99
3
4.02
4.28
1.68
3.59
0.21
4.42
1.06
1.93
3.14
3.35
4.41
3.34
2.08
4.08
1.21
1.47
4.47
1.4
0.19
4.82
1.35
3.22
0.3
4.97
2.11
2.5
3.06
0.31
3.37
2.08
3.99
3.19
0.73
4.01
0.94
4.14
1.57
0.06
4.01
0.52
1.71
1.12
2.07
0.69
4.33
3.48
1.01
4.31
4.13
2.91
3.27
1.01
3.5
4.07
3.12
3.38
1.64
1.29
1.25
3.1
1.93
2.58
2.73
0.37
2.77
3.99
4.64
4.69
3.77
2.5
1.86
4.03
2.47
0.83
1.99
0.04
0.24
0.83
2.77
0.73
4.15
0.12
4.43
1.93
1.34
1.58
2.44
3.96
2.1
1.31
4.21
2.65
3.73
0.27
4.32
4.87
0.91
1.96
4.29
4.31
3.21
3.46
0.01
0.2
0.29
1.37
1.76
3.24
2.87
1.17
0.96
2.58
0.59
3.98
2.84
3.36
0.61
2.25
0.7
1.61
0.5
3.99
1.05
1
3.19
4.45
2.56
0.24
2.52
0.56
5
2.7
4.46
3.68
1.96
2.22
0.38
0.24
4.58
0.84
0.99
1.9
0.98
2.94
4.36
3.92
0.25
2.61
3.15
0.55
2.36
1.27
3.94
3.63
4.9
1.24
0.88
4.5
4.54
1.35
2.85
0.92
4.55
1.21
3.91
0.22
2.35
1.68
4.49
0.79
0.37
2.86
1.39
4.41
4.65
4.89
1.49
4.84
0.99
1.63
1.7
0.28
1.5
4.82
0.73
2.21
1.62
3.17
1.25
2.38
0.04
3.14
3.38
4.47
1.12
0.48
1.35
4.36
1.34
0.57
1.07
1.08
4.95
0.66
3.07
4.73
2.16
3.28
2.53
0.7
2.21
3.12
4.3
4.64
3.79
4.38
2.91
0.06
3.12
2.75
4.97
1.09
2.3
2.38
2.24
2.54
3.21
4.54
0.48
2.99
2.78
0.97
0.34
1.91
0.31
4.98
4.79
0.45
1.36
4.96
4.93
0.54
0.32
0.75
4.63
1.68
0.74
1.32
0.38
2.42
1.4
4.45
2.33
0.56
4.22
0.34
1.52
0.2
1.72
2.03
4.28
4.36
3.46
4.87
1.41
4.14
0.28
3.23
1.72
2.19
4.98
1.61
3.15
2.6
3.1
1.69
0.7
2.17
4.76
2.21
4.14
2.86
2.8
3.37
0.74
2.8
0.38
3.39
0.82
4.51
0.57
1.26
3.33
1.06
3.92
1.84
2.5
2.78
2.74
0.91
4.97
0.97
2.74
1.95
2.16
3.99
0.02
0.79
2.13
4.91
1.13
3.77
3.19
4.23
3.56
4.04
0.18
4.7
2.49
2.5
4.24
4.23
3.95
2.05
0.37
3.34
0.39
3.54
2.39
3.42
2.43
4.49
2.22
3.08
3.24
4.74
4.66
2.36
2.4
0.43
0.57
1.43
2.94
0.61
3.77
3.22
1.26
0.27
2.17
3.49
0.62
4.57
4.62
4.19
3.62
0.64
0.83
2.55
1.43
0.97
0.21
3.74
2.75
0.23
3.11
4.32
4.87
2.34
3.41
0.72
3.7
4.95
2.43
4.58
0.29
1.05
3.72
3.41
0.74
0.8
2.29
1.64
0.95
2.02
1.58
1.69
3.04
0.72
0.44
4.04
0.73
2.26
3.94
1.85
1.18
1.45
4.68
1.46
4.39
1.89
0.65
0.52
4.03
1.85
4.21
1.35
1.09
1.42
4.7
4.04
4.34
3.92
0.08
0.4
2.46
2.26
2.58
3.29
2.93
0.81
2.74
2.34
3.86
4.12
0.77
4.08
3.63
3.61
1.62
1.56
2.17
3.57
3
4.85
2.99
1.28
0.49
0.08
2.11
0.67
4.69
0.26
3.91
3.53
1.04
2
4.72
4.72
1.88
0.37
1.12
3.51
2.91
2.33
0.59
0.14
4.1
3.94
2.01
3.94
2.57
0.14
2.98
4.12
3.46
4.77
4.45
0.37
3.92
2.4
3.93
1.46
2.53
3.17
3.38
2.85
1.05
0.77
3.35
3.86
0.66
2.19
0.3
0.53
3.96
3.7
0.1
0.21
0.53
3.27
1.69
0.34
3.95
2.94
2.04
1.97
4.3
0.22
1.58
0.43
2.98
0.9
0.48
4.19
0.04
4.74
1.12
3.76
1.63
2.31
1.77
2.68
3.69
1.19
3.01
4.82
2.96
1.37
1.81
0.03
3.17
1.72
3.83
4.71
2.51
3.72
2.19
3.98
0.36
1.97
3.12
4.29
4.29
4.01
1.19
0.24
2.43
2.74
4.22
4.25
1.05
4.55
3.29
4.74
1.9
1.64
0.74
3.77
3.13
4.47
4.08
0.47
3.14
4.22
4.04
3.57
3.41
2.9
1.21
0.48
2.63
0.7
4.89
2.65
3.23
4.51
2.71
3.58
4.85
2.79
4.9
0.62
2.07
2.7
3.83
1.57
2.24
0.13
2.2
0.94
4.13
0.05
0.78
3.32
2.75
1.01
3.56
3.39
3.86
0.66
2.47
3.21
0.06
2.39
2.89
3.94
1.96
2
2.03
1.02
0.21
3.69
3.75
0.8
4.91
2.44
1.6
1.14
0.25
0.34
1.31
4.31
4.75
3.74
4.25
1.7
0.09
3.72
1.65
0.72
2.21
2.53
1.91
4.69
0.38
3.79
0.55
2.89
3.13
4.67
1.4
0.27
0.79
3.3
2.14
2.81
0.28
2.63
2.15
1.6
4.11
2.75
3.66
4.48
1.28
3.7
3.81
2.37
0.17
1.5
2.23
4.24
0.98
0.11
3.66
4.01
0.92
4.77
2.82
0.55
1.77
3.65
1.52
3.59
4.18
4.57
0.8
1.41
3.18
2.17
0.08
1.49
1.18
0.02
2.64
0.09
1.45
1.8
0.62
3.47
2.09
3.02
0.2
1.37
4.47
1.03
3.49
2.48
0.26
0.44
4.89
4.19
4.8
2.5
4.41
5
1.58
0.78
1
1.1
0.17
2.86
3.28
1.17
3.93
2.06
4.58
4.99
1.59
2.69
3.37
2.78
0.73
0.62
3.63
1.94
2.22
4.69
0.82
1.57
1.09
0.81
2.44
0.63
4.55
0.82
3.04
3.81
1.96
1.29
0.51
3.74
3.43
3.06
4.79
4.51
4
1.19
3.3
1.78
1.62
1.85
0.25
2.55
1.99
1.61
1.15
1.9
3.88
3.32
0.32
3.38
4.5
4.3
3.26
4.74
3.47
4.12
4.8
3.6
1.19
1.33
3.62
2.55
0.3
0.64
1.63
4.17
4.83
4.39
4.35
2.94
0.37
3.22
2.42
3.53
1.06
3.74
0.67
4.18
1.96
3.4
2.31
1.06
0.99
1.25
1.81
0.54
2.61
0.64
2.95
2.04
4.24
3.17
4.82
0.34
3.92
1.71
2.61
0.26
0.92
1.49
4.64
2.41
0.56
0.9
0.68
4.86
0.35
3.24
0.53
1.54
0.36
2.6
2.76
4.9
3.1
1.18
4.42
4.67
2.95
2.72
1.33
1.28
0.29
3.9
4.55
3.57
4.39
4.07
3.12
4.82
1.24
4.58
2.73
3.41
1.19
4.2
4.6
3.26
2.53
4.15
3.18
3.64
1.66
2.27
1.83
0.95
1.82
4.78
4.58
3.66
4.76
3.67
2.15
2.28
3.65
2.09
2.97
2.47
2.23
3.52
4.23
3.21
1.35
0.43
3.99
0.73
3.35
1.6
4.8
3.16
4.44
0.23
0.91
3.32
3.67
0.97
3.93
2.74
1.86
2.69
0.08
4.11
2.99
0.55
2.45
2.58
3.23
3.41
2.68
0.48
4.7
4
3.2
3.77
1.41
4.99
4.87
4.97
4.21
3.65
1.33
3.64
1.99
4.91
3.38
3.74
1.15
1.31
3.78
1.68
2.13
4.65
0.36
2.44
1.74
3.56
