2.54
2.08
4.01
3.37
0.9
2
4.15
4.2
2.92
2.02
2.84
4.4
4.15
0.36
4.96
2.58
3.73
3.58
3.64
1.05
3.61
3.5
1.05
2.46
4.93
4.35
4.5
1.12
2.32
4.17
4.64
2.23
3.54
0.68
0.02
3.75
1.69
3.77
3.5
1.03
1.76
2.73
0.5
2.29
3.54
2
0.14
3.17
3.87
2.78
1.87
3.63
1.08
0.84
0.55
2.22
1.33
2.38
0.38
3.82
4.81
3.43
3.03
2.04
3.43
4.59
0.46
2.27
4.39
3.88
4.84
4.64
3.97
0.27
2.52
2.95
3.95
4.42
4.33
1.24
1.06
2.19
4.26
0.79
2.11
4.09
0.34
2.73
1.84
4.82
1.42
4.99
2.25
3.14
1.55
1.69
1.96
4.1
3.94
1.45
4.36
3.41
1.78
2.83
4.15
4.4
0.81
0.79
1.12
3.85
3.15
2.52
0.91
3.33
4.42
3.08
3.88
2.77
1.06
4
3.39
3.35
0.88
0.99
0.9
4.27
2.55
1.68
3.97
1.63
4.25
2.32
1.34
2.36
1.08
0.65
3.52
1.23
2.33
2.23
2.39
4.42
4.13
3.29
3.16
0.16
0.4
3.35
2.74
4.03
1.84
3.09
2.19
1.34
2.8
1.8
3.65
4.92
4.91
3.58
0.86
3.93
2.67
2.52
2.39
4.04
4.78
3.51
1.58
0.31
0.16
4.88
1.64
2.96
2.4
4.6
3.12
3.45
4.44
2.61
4.39
2.67
2.08
4.77
1.27
0.97
1.46
4.85
0.77
3.95
2.94
2.18
2.84
3.31
4.2
1.86
2.65
2.26
0.85
1.63
3.87
3.42
4.35
4.63
2.81
4.87
0.86
2.92
0.47
4.29
0.04
1.95
4.82
0.66
1.75
3.9
4.2
2.81
4.1
4.55
0.09
0.37
1.82
0.79
3.11
1.62
3.44
2.22
4.39
1.18
3.28
2.42
2.31
4.67
3.13
0.92
2.15
4.23
3.87
4.03
0.98
0.26
0.45
1.88
3.69
4.59
1.45
2.33
0.92
0.48
3.06
1.32
3.05
0.39
2.01
2.4
4.98
1.97
2.98
3.51
3.59
2.2
2.2
0.31
3.56
0.73
3.14
1.66
3.34
2.53
4.16
0.05
1.44
1.51
1.79
3.77
2.18
4.68
2
0.79
2.35
0.65
4.98
2.5
3.94
4.38
4.8
3.63
2.48
3.15
0.43
0.15
2.99
0.13
3.12
4.18
0.01
2.03
1.77
0.78
3.12
0.85
1.62
4.11
2.89
2.44
3.46
0.53
3.43
3.19
3.32
1.37
1.54
3.31
4.26
0.05
2.15
2.8
4.6
4.6
3.76
3.14
3.27
1.79
3.73
1.57
3.93
4.33
2.5
2.1
3.82
4.98
3.24
0.75
4.22
1.77
1.63
4.67
4.79
2.23
1.83
3.06
4.63
3.78
0.2
3.18
0.98
0.29
4.22
4.47
2.84
3.53
3.69
4.68
4.53
4.44
4.58
3.12
1.12
1.87
2.24
0.97
4.25
4.16
0.88
1.78
1.82
2.38
2.09
2.88
0.95
2.35
4.96
3.78
0.74
3.05
3.87
3.93
1.75
4.24
2.45
1.04
4.22
2.33
0.03
0.85
2.67
1.14
1.92
4.03
0.01
0.57
4.76
2.82
2.91
0.66
2.78
1.81
3.99
0.67
3.8
3.67
1.18
2.71
2.01
1.35
3.58
0.31
3.04
0.88
1.92
0.71
2.7
3.21
1.47
0.92
1.67
4.32
1.9
1.96
2.34
4.65
0.13
4.27
4.16
1.27
1.56
3.5
1.23
2.39
4.66
3.47
1.19
0.77
1.01
0.44
3.78
0.31
3.24
4.34
0.08
2.43
2.7
3
1.83
2.64
4.83
0.81
0.89
4.63
1.03
0.31
4.78
0.48
4.33
4.69
4.94
0.73
2.8
1.13
4.19
4.47
3.67
0.35
1.27
2.87
1.41
1.85
3.24
4.28
4.22
1.31
0.58
4.91
4.52
4.06
1.89
2.57
2.82
3.62
0.1
4.11
4.89
1.25
0.54
0.37
3.55
1.58
4.97
3.52
3.16
0.52
2.03
1.29
0.77
4.36
4.49
0.08
4.42
4.42
0.62
0.72
1.27
2.61
3.86
2.76
0.82
1.83
4.95
0.99
4.19
3.56
4.64
4.33
0.55
3
3.52
0.8
0.15
2.62
2.64
0.12
0.99
3.13
0.75
3.5
4.29
1.85
2.86
4.95
3.53
2.62
2.98
3.7
4.06
1.63
1.12
3.02
4.94
0.59
1.94
0.61
1.9
2.39
4.01
3.07
2.21
1.13
0.31
0.04
1.85
4.97
1.58
3.95
1.49
3.41
4.45
3.62
1.87
4.13
4.95
3.74
2.41
0.33
4.22
2.95
3.64
1.56
4.32
4.88
2.4
4.64
4.59
3.11
0.98
0.22
2.58
2.43
2.27
2.34
1.28
5
4.91
2.46
1.07
2.46
1.57
3.86
3.45
4.22
4.65
0.94
4.44
3.64
0.42
1.6
1.55
0.22
3.14
4.69
3.43
0.12
4.45
4.99
4.14
4.77
0.93
4.98
2.81
2.6
0.8
4.89
0.47
2.02
1.71
0.71
1.47
1.87
4.6
1.7
4.59
0.77
1.05
1.56
0.63
3.73
0.01
2.77
1.2
3.33
4.9
0.23
4.37
1.21
2.58
0.11
2.07
2.38
2.98
2.05
4.18
0.09
0.47
2.57
2.32
3.87
4.76
2.38
1.52
0.2
0.89
1.07
4.75
1.14
0.24
2.77
0.46
2.02
3.85
4.76
1.42
1.5
0.94
4.65
3.09
4.26
3.83
0.81
3.83
1.68
3.86
0.23
0.07
2.41
1.8
4.32
0.34
4.09
2.37
2.07
2.44
2.01
0.18
3.96
3.47
1.13
2.83
3.49
2.1
0.22
4.77
0.49
4.97
2.14
0.74
4.03
2.93
3.5
4.21
4.02
4.24
3.98
1.88
2.83
1.46
1.06
4.48
0.28
3.45
3.83
4.36
4.11
2.1
4.46
3.11
1.12
4.06
2.67
1.05
2.92
3.22
2.31
4.74
0.52
0.86
1.48
3.65
1.36
1.9
1.17
2.32
3.9
0.48
0.7
2.65
4.98
3.35
3.84
2.47
1.7
4.08
3.61
1.71
3.31
1.95
1.81
0.41
1.91
1.43
4.38
0.47
2.42
0.83
4.16
1.37
2.9
2.28
0.44
2.45
3.05
1.58
0.54
3.34
2.97
1.54
2.8
0.19
2.19
3.05
0.84
3.3
1.48
1.63
4.46
4.29
1.57
2.53
4.48
4.18
4.55
2.58
1.77
0.2
1.94
0.98
1.23
4.71
4.54
0.69
4.35
0.15
5
3.73
0.75
4.54
1.75
4.64
0.86
1.13
1
4.91
1.36
3.33
0.14
4.15
1.83
2.26
1.52
1.94
0.22
3.36
4.44
0.39
3.61
0.29
1.28
3.48
3.48
4.35
4.84
4.5
0.4
4.48
3.48
3.61
2.74
2.7
1.04
3.41
1.92
3.42
3.07
4.73
4.01
1.62
0.98
4
1.91
3.25
0.59
2.24
3.13
2.45
3.67
0.91
2.27
3.44
4
3.9
4.92
1.15
4.76
5
0.91
3.17
1.06
3.31
4.47
3.76
0.22
1.89
0.43
3.91
2.26
1.6
2.66
4.41
2.48
1.67
4.31
3.08
0.81
4.96
1.05
2.14
1.19
0.97
3.51
1.97
3.37
1.01
2.99
1.54
0.81
3.99
3.96
1.68
0.01
0.9
2.69
4.9
1.85
0.7
0.19
3.74
4.91
2.91
2.33
1.55
3.4
4.14
2.19
2.83
4.49
1.08
4.64
3.26
2.88
3.84
0.92
2.03
4.29
4.83
1.21
3.7
0.28
4.39
1.96
1.37
2.9
2.62
0.52
4.07
1.78
1.75
2.12
3.17
3.9
0.23
2.2
1.12
2.54
0.58
0.67
2.72
4.27
2.74
2.68
0.51
0.13
1.5
3.98
3.74
4.23
3.25
2.61
1.04
1.22
4.03
1.98
0.17
2.08
1.2
2.48
0.23
0.01
2.87
4.86
4.37
4.42
2.38
0.43
0.8
2.5
4.78
3.44
3.33
3.26
2.5
3.47
0.06
1.71
0.7
4.75
0.17
3.42
3.72
3.72
0.15
4.68
1.14
2.33
2.26
1.75
3.95
0.51
0.23
1.22
3.03
0.82
4.73
0.47
1.59
0.73
4.81
4.31
1.11
4.12
2.52
4.27
3.39
0.18
2.52
4.41
3.45
3.67
2.95
0.37
4.49
0.79
1.21
4.43
1.74
2.84
1.43
1.87
0.45
0.52
1.82
1.95
2.74
0.72
1.12
2.2
4.79
3.9
4.83
0.35
1.32
2.61
1.41
2.48
0.33
0.27
1.8
2.61
4.78
0.72
1.29
3.15
4.32
0.05
2.22
1.2
1.96
2.67
4.12
2.55
2.86
4.47
1.46
0.43
0.63
2.76
2.21
2.73
2.41
2.97
4.62
0.25
3.46
4.87
0.27
2.47
2.48
1.45
3.96
0.8
1.21
4.18
0.06
0.99
3.79
0.47
2.23
1.25
2.36
1.47
4.04
0.49
1.46
3.09
3.23
0.26
0.87
3.56
0.56
4.53
4.74
3.04
1.26
2.33
2.03
2.38
2.97
0.72
1.99
2.95
2.53
0.77
2.82
2.58
4.99
0.15
0.54
2.14
2.44
3.12
2.27
4.23
2.11
1.25
4.17
0.57
2.47
1.89
3.29
0.8
3.74
1
4.13
0.2
3.5
0.02
1.51
3.47
3.38
4.17
1.55
1.02
2.64
4.25
1.68
4.74
4.7
2.4
4.94
0.13
1.6
2.3
1.72
3.65
1
2.33
4.42
2.51
0.34
0.37
4.38
4.27
3.71
1.95
0.97
1.33
2.47
1.34
1.59
3.72
1.54
3.3
2.51
3.86
1.21
4.18
0.02
1.65
3.88
1.6
0.7
1.65
3.61
2.11
3.19
0.16
1.58
4.26
4.96
3.52
0.95
1.34
4.84
3.92
4.39
0.71
1.65
2.1
3.76
4.21
3.99
3.37
3.18
4.38
1.11
1.3
0.45
3.22
3.09
0.52
0.79
0.48
2.11
0.79
3.32
4.67
4.7
1.82
3.77
2.16
1.49
2.96
3
3.85
4.3
2.97
2.65
4.69
0.15
3.7
3.18
0.9
3.86
4.19
3.38
3.26
2.7
3.55
1.82
3.53
1.44
4.88
3.32
3.09
4.39
3.35
4.65
1.66
3.06
1.79
4.41
1.01
0.41
0.51
0.11
1.55
0.8
3.3
2.61
4.61
3.32
4.51
3.18
4.17
1.47
0.81
2.66
0.36
1.27
4.83
2.62
0.15
3.2
4.89
0.54
4.8
1.17
3.05
3.24
3.53
4.1
1.75
3.43
2.7
3.39
4.94
1.71
1.77
0.02
4.78
0.48
4.63
1.48
2.68
2.69
3.13
4.91
2.42
3.38
0.75
2.34
2.76
3.57
1.15
4.33
3
1.79
0.65
3.86
4.52
1.26
2.72
2.84
2.58
3.53
3.15
4.47
2.04
2.51
0.29
1.15
3.9
1.81
1.46
0.61
1.98
2.18
0.51
4.7
3.31
4.09
0.89
3.08
2.64
2.1
4.02
2.26
3.27
4.9
2.13
0.11
4.56
1.92
1.77
0.68
2.65
2.81
2.45
4.36
4.01
4.34
1.35
4.93
1.44
0.02
2.44
4.12
3.77
1.96
2.04
0.94
0.16
0.21
0.56
0.56
3.22
4.56
2.37
1.21
3.6
0.94
2.81
4.77
3.26
3.79
1.09
2.21
3.97
3.03
4.13
4.48
0.11
1.91
4.99
5
4.44
2.91
0.35
4.4
2.6
1.23
4.76
0.83
0.28
0.7
0.33
4.72
1.06
4.36
0.53
0.82
1.61
1.15
1.07
2.23
2.82
1.11
0.69
1.15
4.97
2.39
3.54
1.84
3.03
2.61
1.73
3.59
0.54
4.43
3
0.37
2.65
0.28
3.6
1.8
3.75
4.93
1.34
3.52
0.19
1.31
4.2
4.24
3.8
4.11
3.94
3.46
2.49
2.93
1.46
2.15
2.86
0.22
3.31
1.3
1.77
4.46
3.83
3.27
4.95
1.83
4.79
3.08
1.62
4.06
2.52
2.91
0.01
0.89
2.89
0.37
3.73
2.67
4.15
2.03
0.31
1.03
3.64
0.48
3.49
0.99
4.68
1.34
3.42
4.49
0.45
2.16
1.55
2.98
2.14
1.69
2.72
1.7
4.69
0.77
3.32
2.64
3.41
1.06
3
4.36
3.17
4.39
2.59
4.49
3.01
0.08
2.94
3.35
0.38
3.79
4.82
4
4.21
1.01
0.42
2.54
4.5
0.33
3.22
4.14
4.59
1.24
1.98
0.21
4.86
2.18
2.62
1.25
0.9
1.99
2.48
1.74
4.36
0.72
1.2
1.41
0.37
1.01
3.58
2.75
3.89
4.19
0.39
4.41
3.01
4.92
2.33
4.7
2.83
1.18
1.22
4.11
2.85
1.79
4.94
1.85
1.55
0.85
4.48
4.99
3.17
3.84
2.38
2.57
3.02
0.37
1.97
1.48
1.67
3.35
3.15
1.39
0.6
2.36
3.98
4.2
1
1.13
1.34
0.98
2.69
2.57
1.93
4.53
0.92
1.67
1.64
3.2
3.17
3.79
2.35
4.09
3.32
4.91
3.3
1.51
0.32
1.18
0.18
4.35
3.75
2.79
4.09
4.64
3.61
4.11
2.41
3.47
4.49
3.98
0.06
0.21
4.29
0.95
1.31
1.86
3.46
2.21
1.34
2.71
2.53
0.27
1.69
0.23
2.28
4.02
1.06
3.87
3.13
1.83
2.15
2.9
4.99
0.29
4.43
4.35
3.5
4.17
2.09
4.85
3.68
0.07
3.08
1.68
2.13
1.94
0.03
1.93
2.74
3.89
0.93
0.21
1.85
2.05
0.14
3.75
1.29
2.46
4.11
3.25
4.39
3.67
0.09
2.61
4.02
2.75
1.18
2.23
1.64
2.66
1.99
3.46
4.23
1.64
2.34
1.48
3.57
1.5
1.04
2.64
2.65
4.63
1.28
0.32
0.81
1.54
0.4
2.84
4.38
1.45
2.39
4.12
0.18
1.53
3.85
4.1
1.03
2.58
2.4
3.05
2.52
3.95
3.62
3.5
0.74
3.05
3.57
4.19
0.43
2.21
2.66
1.07
1.73
4.17
1.1
4.95
0.63
4.1
0.92
2.9
2.36
2.73
1.84
4.22
0.1
4.15
0.33
3.72
4.74
1.28
2.57
4.41
2.6
0.64
2.41
1.14
3.12
0.89
4.27
2.65
1.12
3.74
0.97
0.24
4.17
1.33
0.68
3.75
3.84
4.94
3.57
1.39
3.4
1.23
3.96
0.22
3.47
1.68
1.11
4.06
3.62
1.55
3.1
1.59
4.01
3.3
2.42
4.16
4.88
3.08
0.76
1.11
3.05
0.36
4.93
3.92
3.01
3.42
1.28
4.12
1.56
0.95
0.28
3.74
2.33
4.99
0.37
4.4
4.72
1.09
4.15
4.23
3.17
4.56
0.29
1.54
3.49
2.5
4.02
1.16
2.79
3.13
4.16
1.2
3.18
0.78
2.87
0.4
0.21
0.4
2.7
4.33
2.52
2.41
3.76
4.12
1.63
1.68
0.23
1.37
2.98
2.03
4.85
1.2
3.31
4.72
4.59
4.91
2.48
4.23
2.53
4.38
2.4
3.87
4.22
2.97
3.47
0.26
1.61
1.47
4.62
2.24
0.53
3.74
2.85
1.54
1.65
0.44
3.4
3.47
0.88
3.76
1.37
3.66
3.69
2.61
4.04
2.01
3.67
1.09
0.54
2.19
3.53
1.92
2.08
1.33
1.04
3.01
2.7
3.5
0.13
3.49
1.08
2.24
0.2
2.18
2.32
0.97
2.85
2.3
2.21
4.6
4.17
3.53
2.43
0.89
0.9
0.2
3.3
3.45
1.85
1.07
3.62
2.33
1.24
0.34
2.54
4.45
0.12
2.21
2.89
3.09
2.9
2.81
4.87
3.48
0.14
3.03
0.89
3.18
3.18
3.2
0.47
1.46
0.85
2.95
2.27
4.61
0.17
0.81
3.59
0.66
4.54
0.86
1.3
4.44
4.78
3.67
1.83
3.73
1.88
4.03
2.58
3.34
2.76
1.52
1.45
2.8
2.37
4.97
2.93
1.15
3.49
0.69
4.38
3.76
3.52
1.94
2.05
3.93
0.82
4.93
2.67
4.24
2.16
1.72
4.3
2.07
0.12
2.65
1.96
3.19
0.77
3.99
3.46
1.93
1.19
3.75
3.44
4.58
3.96
2.2
0.64
4.12
3.75
0.05
3.54
3.01
2.18
1.22
4.14
2.46
4.7
1.9
3.01
4.97
1.58
0.18
1.04
0.94
4.05
1.52
1.25
2.87
4.31
3.74
3
0.48
3.77
0.87
4.57
0.08
4.44
3.8
2.17
4.31
3.96
4.3
0.28
3.16
3.03
0.48
4.9
3.86
4.48
2.41
1.38
0.04
3.97
2.65
4
4.61
2.18
4.58
4.5
2.58
0.53
3.03
4.43
2.98
3.74
3.26
2.33
0.05
3.59
0.68
3.09
2.61
2.9
1.52
3.65
1.12
3.17
0.35
4.53
1.4
1.61
2.58
3.43
4.13
1.62
4.87
3.02
2.24
4.65
4.55
4.26
2.52
2.59
3.75
4.75
2.19
0.36
1.75
2.3
3.73
2.71
0.07
0.84
1.08
1.33
1.12
3.89
4.94
4.51
1.88
1.88
4.86
4.44
2.87
2.94
0.57
2.76
2.25
3.92
2.66
4.39
0.97
2.92
2.37
3.05
2.61
0.41
3.64
4.61
1.1
2.7
2.39
4.29
2.7
1.49
1.13
0.79
2.74
0.99
0.94
1.79
1.89
0.35
4.2
1.28
0.49
4.9
3.4
4.24
4.9
0.63
0.85
2.21
2.23
2.6
1.32
0.97
4.53
0.14
3.58
4
4.65
3.99
0.88
3.64
4.71
4.25
2.73
3.85
2.33
0.7
1.7
2.81
1.06
1.69
0.21
0.28
0.74
3.18
3.87
1.75
2.61
0.64
3.65
2.07
4.1
2.43
2.04
2.69
1.23
4.74
0.69
2.48
2.72
1.62
2.57
0.85
4.19
2.16
2.91
4.66
0.3
2.78
1.25
3.72
3.58
4.34
4.56
0.95
4.46
4.29
3.05
4.01
0.53
3.26
3.3
4.38
0.41
2.34
1.14
2.43
4.39
1.08
4.6
3.12
5
2.01
0.9
0.35
0.89
4.63
0.35
0.7
4.86
2.47
2.78
4.56
1.2
1.35
1.08
1.58
2.31
4.29
4.69
4.47
3.08
4.33
4.29
3.78
2.56
2.7
1.67
1.14
3.62
1.46
2.44
1.98
0.57
0.48
3.62
3.14
1.1
0.35
1.41
1.54
0.31
0.76
1.94
0.61
1.67
4.88
3.63
3.14
0.12
0.25
3.41
0.42
0.73
1.13
2
0.41
3.88
2.11
3.49
4.62
1.62
0.11
3.9
4.81
4.9
1.62
3.66
4.93
3.17
1.29
3
3.76
2.72
0.39
1.23
2.16
0.67
4.2
0.07
3.55
2.54
3.86
4.19
3.3
4.55
1.57
3.31
4.83
1.23
4.28
4.92
0.35
4.12
4.64
1.01
2.33
2.47
0.13
3.16
1.73
5
1.03
1.92
0.89
2.84
0.26
3.76
2.81
1.99
2.95
0.29
4.74
1.39
4.82
4.89
4.89
2.94
4.18
1.09
4.65
0.66
0.54
3.06
1.62
3.71
4.76
0.76
0.82
2.82
4.12
0.47
3.63
3.5
4.37
4.55
1.67
3.21
0.05
4.43
4.1
0.58
1.17
0.45
1.5
4.55
2.15
3.55
3.25
3.73
2.26
1.07
4.94
3.67
0.1
3.96
3.79
2.33
0.45
3.24
3.84
4.54
2.45
0.78
0.22
0.07
0.05
2.4
2.5
2.11
2.42
4.22
3
3.01
0.52
2.47
1.56
1.31
0.56
2.27
2.86
4.86
3.91
1.49
4.16
4.53
1.17
4.26
1.15
1.39
4.18
0.36
3.94
1.31
1.54
2.96
4.77
2.94
3.5
3.1
3.48
0.89
2.76
2.45
3.66
1.53
4.72
1.94
2.79
4.69
1.66
2.6
2.62
0.6
3.34
2.15
2.64
0.38
0.15
3.54
3.01
2.47
0.93
0.06
2.54
3.66
1.54
4.62
1.14
2.2
4.01
4.74
0.55
2.84
1.96
1.77
1.28
2.32
3.47
3.64
1.96
3.14
3.37
0.91
4.02
2.36
3.43
4.67
1.34
1.75
4.96
2.75
2.26
3.9
2.71
2.86
2.89
0.46
4.72
0.39
1.72
0.84
1.46
1.26
2.2
3.06
4.5
2.32
2.07
2.5
1.77
1.82
3.05
2.35
3.95
3.75
1.13
4.55
3.06
0.73
3.93
4.87
1.13
3.25
3.53
1.55
4
1.71
3.05
4.04
2.56
0.87
4.45
4.64
4.35
2.53
1.62
1.48
2.6
4.9
4.34
4.05
0.99
2.22
4.69
2.79
1.78
1.77
0.03
3.92
2.17
2.43
2.79
3.58
0.11
4.22
1.54
1.48
1.24
0.22
4.79
3.33
3.63
2.28
1.02
2.01
3.93
2.77
1.82
4.56
3.12
