2.46
4.66
3.33
3.04
1.3
2.07
3.66
4.23
4.63
1.05
3.22
0.82
3.2
1.31
2.34
4.12
2.22
1.3
2.01
4.46
4.27
0.36
0.89
4.55
1.98
0.05
2.25
4.52
4.47
0.09
1.85
0.24
0.76
4.01
0.85
0.05
0.2
1.95
1.51
2.44
1.65
1.13
0.61
4.48
3.54
4.86
0.72
4.4
3.92
3.51
1.66
1.47
4.07
1.36
3.91
2.27
1.72
2.5
3.72
1.7
4.06
4.11
3.52
1.94
3.98
1.82
3.07
0.11
1.56
0.62
2.91
2
2.64
1.17
0.93
0.15
2.31
1.25
1.48
0.33
4.15
1.84
3.17
1.82
1.68
0.34
2.83
3.19
2.9
4.6
3.55
0.51
0.94
4.74
3.57
4.31
1.48
2.19
3.03
1.45
4.75
0.04
0.1
4.35
1.77
3.73
0.67
4.24
3.65
3
3.95
4.86
1.35
1.6
2.73
0.34
0.19
5
0.25
1.97
2.58
0.18
3.76
2.66
0.76
2.31
1.4
3.17
0.47
0.5
0.05
4.05
2.05
2.23
1.05
1.64
4.14
0.4
3.97
0.43
2.37
0.9
4.74
4.72
3.64
4.27
2.04
3.82
3.92
2.9
0.68
2.22
2.07
4.72
4.35
4.42
3.41
4.87
4.49
4.79
2.59
4.21
4.29
3.34
3.13
2.95
1.95
3.33
4.47
1.58
0.96
0.45
2.55
1.91
1.11
0.83
0.03
1.88
4.63
0.11
4.31
0.06
4.05
0.24
2.25
0.01
3.6
1.9
0.62
2.78
3.57
1.71
4.18
3.87
2.83
0.31
4.28
4.65
2.14
4.96
4.73
2.44
4.9
0.89
3.39
1.34
3.36
4.06
3.96
4.79
1.7
0.21
1.2
3.39
2.31
1.79
4.34
4.1
4.85
4.5
3.6
3.16
4.42
3.35
2.62
0.1
0.74
3.77
2.22
1.39
1.41
3.15
1.66
0.8
1.05
1.53
2.33
0.56
0.05
3.4
3.94
4.22
4.49
3.6
4.96
3.7
0.65
4.61
3.41
1.89
0.84
4.04
2.58
0.93
3.32
0.72
1.11
1.28
4.1
3.74
3.88
1.6
4.69
3.99
0.34
3.1
3.18
4.13
2.04
3.49
0.09
1.16
4.17
2.96
3.16
3.76
1.17
0.32
3.49
4.07
1.01
2.39
1.35
1.37
3.91
4.52
1.18
0.44
4.61
0.18
2.17
3.13
2.14
0.79
3.25
4.74
4.89
1.77
4.48
0.1
4.27
2.16
3.99
1.65
1.58
1.27
0.35
0.98
2.07
2.48
2.3
1.26
3.75
1.83
2.08
4.95
0.02
1.74
4.87
3.48
2.82
2.24
4.36
4.01
3.62
1.77
1.34
1.64
1.17
0.62
3.19
0.82
0.57
4.54
1.02
3.56
2.87
1.37
0.59
3.06
4.09
2.97
4.36
2.38
1.36
0.57
2.56
3.46
1.81
4.85
0.27
2.35
4.63
4.28
3.44
2.63
1.06
2.16
1.61
3.06
2.14
4.43
2.95
0.26
1.94
2.22
0.85
2.72
4.93
3.59
3.92
1.34
1.35
0.82
3.15
0.21
2.35
2.72
2.12
2.67
4.82
0.41
4.86
0.04
2.42
1.24
4.16
0.29
3.24
3.18
3.72
1.33
3.71
3.53
3.32
3.74
2.96
0.75
2.75
0.79
4.68
0.28
0.1
0.6
4.14
1.08
1.93
1.84
3.91
2.92
2.84
4.02
0.31
2.68
4.73
2.53
4.54
4.98
4.87
3.62
3.14
2.45
1.99
3.92
4.21
3.63
4.14
3.45
3.44
2.71
3.82
3.68
4.84
2.2
4.39
2.66
4.98
3.51
4.82
2.63
4.26
3.55
4.28
1.62
3.77
2.25
2.34
3.89
1.36
0.26
1.49
3.89
3.43
0.64
2.84
3
2.68
2.98
1.17
0.15
2.36
3.08
3.14
4.88
4.81
0.54
3.02
2.65
4.88
1.26
0.9
2.84
2.9
4
1.28
0.71
4.03
1.09
2.62
1.86
3.62
3.31
1.99
1.46
0.84
0.61
1.44
1.48
3.26
4.77
4.19
3.21
0.23
4.93
0.58
1.78
4.99
3.8
3.22
1.94
2.46
4.03
1.6
2.25
2.34
2.51
0.89
1.25
3.93
0.87
2.16
2.32
2.98
4.27
4.26
2.04
0.56
4.78
2.39
3.85
4.56
4.12
1.79
1.34
0.76
1.14
3.04
3.53
3.94
2.2
0.03
1.59
4.54
4.43
0.09
3.87
4.59
3.13
0.38
2.11
4.81
1.98
0.28
2.06
4.52
0.54
1.38
4.42
0.65
2.42
3.35
3.35
2.1
2.2
2.57
0.38
3
0.99
2.14
2.47
0.73
1.7
2.14
4.47
1.95
0.45
0.56
2.31
4.05
2.86
0.47
1.9
1.31
2.52
0.47
3.52
1.21
4.63
2.42
1.32
0.77
0.09
4.16
2.08
0.24
0.09
1.2
2.01
2.4
2.32
4.95
2.99
1.16
3.61
4.02
4.3
4.34
1.16
1.05
4.17
2.4
2.79
2.96
3.73
4.72
1.69
0.4
4.07
1.65
4.95
3.91
0.52
4.04
3.31
3.36
4.56
0.43
2.27
4.76
0.9
4.31
0.18
0.01
4.86
0.82
4.19
1.16
2.01
2.96
3.51
2.81
4.73
1.4
4.7
0.94
1.34
3.01
1.7
3.26
4.9
0.52
3.07
3.42
0.91
3.58
3.2
3.91
3.49
4.17
2.75
1.32
4.03
3.52
3.89
1.37
0.27
0.82
0.81
4.33
3.06
1.91
3.57
4.57
4.54
2.64
2.48
0.21
4.51
4.1
3.74
2.76
2.55
0.93
3.7
0.02
0.57
3.92
4.31
0.46
4.62
2.3
4.99
4.85
0.47
3.3
2.47
2.85
4.27
3.48
1.91
0.15
0.76
1.77
2.93
4.88
0.54
2.94
2.95
2.59
1.29
3.49
3.62
0.4
3.59
0.01
4.03
1.77
2.88
4.22
3.3
0.79
3.72
2.13
0.91
1.07
4.92
4.46
2.3
2.24
0.7
1.62
1.04
0.64
3.71
1.24
3.05
0.94
0.83
2.32
1.05
4.98
4.01
0.28
3.62
1.61
2.01
4.25
4.49
3.66
1.76
2.25
4.56
3.19
0.06
4.92
2.13
2.74
3.35
0.14
4.59
2.08
1.67
2.06
1.26
4.17
4.28
0.29
1.8
1.95
0.48
0.59
4.54
4.87
4.35
2.62
3.98
1.33
1.2
4.76
2.18
4.32
0.63
1.48
4.42
1.72
0.04
4.36
0.51
1.75
3.01
4.55
0.21
3.11
0.89
1.83
0.46
3.76
3.47
2.46
0.07
3.54
1.29
1.96
4.68
1.86
0.52
4.21
0.02
1.33
2.63
4.72
4.42
0.24
1.87
1.25
4.08
0.53
2.07
2.18
4.46
4.21
1.83
2.88
1.43
2.23
3.41
1.46
2.31
2.08
2.19
1.15
3.45
1.07
4.76
3.24
1.95
4.13
4.42
2.23
1.39
3.26
0.61
4.79
1.65
3.26
3.32
1.97
3.4
3.51
0.56
1.32
4.05
3.24
0.9
4.71
1.38
3.8
1.84
2.46
1.59
4.71
2.66
3.53
4.09
3.09
0.75
1.54
4.38
3.81
3.29
4.75
0.6
0.14
1.26
2.43
4.12
0.6
4.45
4.37
4.07
2.43
3.48
1.37
1.35
0.3
4.74
4.45
0.09
0.21
1.8
3.89
0.81
1.6
4.11
2.19
1.37
0.29
0.6
0.89
3.11
4.7
2.89
1.51
4.12
1.46
1.84
0.35
2.91
0.94
4.06
2.14
3.34
0.96
4.47
1.08
0.86
2.08
0.58
0.95
0.06
3.86
0.93
3.39
3.29
3.5
4.7
4.55
0.01
2.34
1.25
2.95
1.48
3.88
0.16
3.19
3.15
1.55
3.17
1.79
4.22
0.76
3.96
1.01
3.22
3.59
1.53
4.42
3.36
2.81
4.84
4.93
2.95
2.92
0.31
0.76
2.12
0.46
4.3
4.34
0.41
3.76
3.76
0.71
0.71
2.9
1.87
4.62
4.67
1.9
0.43
1.56
0.62
0.89
4.69
2.23
3.46
1.77
4.45
0.07
1.41
2.08
3.09
3.87
1.33
0.97
1.87
2.29
3.59
3.3
1.44
3.33
0.48
1.26
4.8
2.37
2.46
4.8
2.47
4.42
0.93
3.77
0.72
0.2
3.22
1.36
4.77
3.2
3.63
1.14
4.88
1.59
3.29
1.12
2.35
4.23
1.38
1.43
2.69
4.87
0.99
4.31
4.58
4.51
2.12
3.34
1.87
3.04
2.18
4.85
2.82
3.61
1.58
4.07
0.22
1.56
4
2.54
1.86
3.26
0.73
1.86
1.13
3.83
1.09
1.21
0.77
4.6
2.03
3.98
1.95
3.3
1.43
3.24
2.8
4.63
4.79
4.88
1.57
4.53
3.95
2.61
1.28
0.71
1.42
4.08
1.01
2.38
3.18
0.6
3.26
1.58
3.01
1.07
3.76
2.65
1.61
2.51
4.31
3.39
0.5
3.22
3.78
2.02
3.6
0.35
4.98
4.66
2.08
3.12
0.54
4.3
2.59
3.07
1.75
2.71
2.44
4.5
4.15
2.74
1.69
2.63
1.37
1.01
3.16
4.07
0.1
0.86
1.02
3.87
0.01
1.29
1.18
0.61
3.45
0.86
2.49
1.09
4.66
1.61
1.64
0.31
2
2.54
4.55
1.83
4.09
3.73
0.8
0.34
3.7
2.12
4.79
1.76
4.12
3.16
1.36
4.7
2.15
2.2
3.66
3.36
2.33
4.58
0.79
3.18
4.09
3.94
1.12
4.61
3.69
0.74
1.73
3.54
1.72
4.68
1.67
1.69
3.57
3.65
1.5
3.03
3.58
1.46
0.17
3.67
1.08
2.51
1.56
4.73
2.05
2.11
3.3
0.5
3.75
2.43
1.49
4.84
2.57
4.4
3.51
1.32
1.07
2.91
2.76
4.11
2.21
4.6
2.84
3.75
0.07
1.42
4.24
0.41
4.01
3.81
1.28
0.01
3.44
1.35
1.54
1.28
0.14
2.44
4.53
1.46
0.01
0.56
0.55
2.66
0.22
2.47
2.44
3.34
1.86
4.49
0.31
0.92
3.21
1.69
3.64
4.18
2.52
2.72
2.81
2.74
3.47
3.47
2.36
1.8
1.6
3.79
2.97
4.64
2.01
0.76
3.51
0.7
4.96
4.09
4.9
2.09
1.55
0.44
4.97
1.03
2.62
1.57
0.44
0.78
4.7
2.76
2.33
0.98
1.28
4.48
3.27
4.19
0.71
3.34
2.85
3.25
2.88
0.25
1.34
4.27
2.56
4.75
3.5
2.91
4.29
4.6
2.21
4.93
4.17
3.07
4.91
3
0.87
1.94
1.45
1.86
3.17
0.4
3.13
4.87
2.02
3.64
1.25
4.59
0.58
4.96
4.48
4.35
1.81
0.13
2.75
3.4
3.25
3.72
4.46
0.39
3.79
1.22
1.65
1.32
1.6
2.53
4.56
4.97
0.45
3.23
3.31
2.15
4.02
4.5
4.04
0.47
3.99
4.07
4.03
0.37
0.55
1.19
1.86
4.62
3.04
2.85
4.27
4.85
0.72
4.15
0.97
3.55
1.1
2.36
1.36
1.94
0.23
4.66
3.22
4.89
3.37
4.76
0.62
1.53
0.05
2.84
3.29
2.89
3.34
1.76
0.35
2.46
3.04
4.1
2.6
1.11
1.49
2.62
0.63
0.97
1.78
0.04
4.83
2.27
2.11
4.42
2.63
4.45
1.79
2.59
2.1
3.35
4.33
4.91
4.49
1.88
1.9
4.35
2.6
3.9
2.15
4.18
1.14
1.64
1.61
0.05
1.59
4.59
3.18
3.75
1.26
4.21
3.85
3.24
0.39
2.58
0.5
0.62
4.47
1.45
3.6
1.07
3.15
3.7
1.01
1.03
0.15
3.09
1.21
3.58
4.82
4.94
2.66
1.81
0.73
2.81
1.15
0.44
2.03
0.96
4.62
1.42
1.82
1.35
0.86
4.96
4.97
0.98
3.57
0.42
4.33
1.25
3.94
0.38
4.61
1.99
1.05
4.94
2.77
1.45
1.55
3.32
3.65
3.5
3.62
0.99
3.95
1.62
0.61
2.73
4.43
0.13
3.91
3.93
3.56
3.49
2.84
3.22
1.26
3.57
4.27
3.14
4.47
3.38
4.51
3.44
3.11
0.19
1.52
2.83
4.52
3.34
4.02
4.17
1.18
0.85
4.78
3.67
2.12
1.6
3.3
1.77
2.54
0.55
2.2
2.83
2.09
0.8
4.18
4.45
4.54
2.47
0.24
0.88
1.07
2.87
2.29
2.97
0.4
3.6
3.58
2.95
1.7
4.3
4.48
4.8
2.14
1.24
4.8
1.3
3.21
2.7
4.98
0.39
0.17
4.08
4.31
1.56
4.7
0.71
1.95
0.01
4.61
0.25
3.54
1.16
4.22
3.11
1.94
4.11
3.21
2.7
4.33
3.38
1.28
4.18
3.73
0.9
1.51
1.84
1.09
4.7
4.14
4.29
4.67
2.9
4.02
3.93
0.97
3.71
0.26
3.65
4.18
1.75
3.57
0.3
0.38
4.86
3.23
3.58
3.85
0.47
1.75
4.5
3.61
3.45
2.5
0.01
0.16
3.24
2.95
4.8
0.09
4.58
3.01
3.56
0.58
0.17
4.82
2.44
4.32
1.41
0.71
0.98
3.33
3.61
3.54
4.3
0.17
1.61
4.75
4.77
0.75
0.89
2.37
1.24
0.28
0.77
2.18
0.86
4.12
1.2
0.85
4.94
0.8
0.63
2.13
3.63
2.06
4.29
3.52
3.84
2.94
1.01
3.42
4.67
3.38
4.89
4.17
1.63
2.52
3.5
3.09
3.36
3.45
0.04
3.33
0.72
2.78
0.1
4.62
4.15
1.42
0.54
2.97
3.52
4.16
2.09
3.67
0.16
0.52
2.89
4.09
4.43
0.88
2.69
0.71
4.26
3.04
1.39
4.06
2.21
1.91
0.12
3.41
0.01
0.43
1.93
0.85
0.19
3.27
2.68
3.08
4.91
0.89
1.34
1.86
4.39
3.35
1.55
2.74
3.26
0.79
4.13
3.95
2.41
2.56
4.72
3.49
0.83
4.64
4.53
3.28
4.94
1.93
1.57
4.91
0.68
4.58
1.2
3.07
2.65
3.92
1.08
1.87
2.21
3.52
3.24
2.8
3.38
1.73
2.54
1.38
4.93
4.14
1.51
0.49
0.98
4.67
1.62
2.88
1.99
2.47
3.68
4.07
1.08
1.13
1.42
0.25
0.05
4.24
2.36
1.7
0.33
5
2.1
2.87
1.98
3.95
3.29
1.32
4.04
0.51
4.59
4.96
2.84
0.84
1.7
2.59
3.7
4.77
4.27
1.91
2.95
1.37
4.4
4.43
1.86
4.66
2.65
0.07
3.56
1.84
1.38
4.66
0.89
2.22
3.34
1.78
0.96
4.99
0.26
0.1
0.68
2.56
1.4
3.36
2.96
2.66
4.74
3.61
0.76
3.08
4.72
1.35
4.7
3.45
0.11
3.29
4.36
1.47
4.39
2.61
1.86
3.45
1.68
1.82
4.11
2.72
2.38
3.49
3.41
4.58
3.2
2.81
2.31
1.7
0.32
0.78
0.22
4.73
4.73
3.91
3.98
3.62
4.38
3.24
1.73
3.38
0.35
2.67
0.15
1.62
2.92
3.55
4.82
1.42
0.21
1.29
1.12
0.19
2.46
0.57
4.91
1.51
1.48
1.8
2.83
5
0.57
1.13
3.69
0.93
4.17
0.51
1.93
3.71
3.6
0.81
1.22
1.38
1.26
0.38
0.29
1.44
4.06
0.53
1.11
2.62
1.69
3.31
3.45
4.44
0.15
0.13
0.96
4.1
2.33
2.03
4.38
4.24
4.41
3.07
1.7
1.19
3.32
2.98
1.75
3.9
2.21
2.86
0.78
3.43
3.98
1.15
2.51
2.88
3.03
0.09
1.36
2.68
4.07
1.41
2.6
2
1.77
0.28
1.96
2.73
3.89
1.93
4.28
1.43
1.56
2.02
4.61
2.96
1.46
2.22
1.98
4.36
1.49
1.03
2.24
0.11
1.42
2.73
0.01
0.62
2.17
2.87
3.86
0.46
2.98
3.75
0.76
1.51
4.65
1.19
0.89
3.98
3.81
0.82
2.21
2.92
2.62
2.5
4.66
4.76
2.78
1.18
1.98
4.18
2.32
2.81
0.29
4.59
1.96
2.56
2.95
3.13
0.56
0.16
0.07
0.89
2.07
3.54
1.56
1.12
0.86
0.53
3.08
3.44
3.66
5
0.28
3.99
4.04
0.89
1.52
4.14
0.57
2.74
4.77
3.45
1.5
4.2
3.78
3.74
0.89
0.07
4.79
3.64
3.31
0.8
3.91
4.21
3.46
4.52
0.51
4.56
4.29
4.07
1.14
2.93
1.25
2.48
1.67
3.44
2.63
0.2
4.89
2.69
3.55
4.48
4.23
0.82
0.36
4.31
4.98
0.26
4.68
1.13
2.63
0.8
2.24
1.54
0.99
0.46
3.94
2.01
3.41
2.08
3.74
0.6
0.57
2.98
3.71
3.85
3.63
4.39
0.46
0.78
1.6
1.07
2.89
4.92
4.21
2.34
4.71
1.08
0.68
3.77
4.41
0.63
3.08
4.27
0.19
3.52
1.93
1.78
4.15
4.99
1.95
4.18
4.03
3.46
3.09
2.05
3.75
0.2
3.59
2.13
0.68
3.71
3.87
0.7
0.28
4.9
2.7
4.6
1.54
3.85
0.38
4.8
2.57
3.85
4.4
2.06
4.45
0.81
1
0.09
3.32
4.04
1.85
2.58
1.43
1.03
4.51
0.09
1.5
2.27
1.84
1.62
3.81
1.14
4.77
4.2
1.27
3.96
1.32
2.47
1.02
4.33
0.14
4.09
1.73
3.3
2.28
0.37
4.37
4.66
1.55
0.48
4.28
0.33
3.07
4.24
2.84
0.76
2.03
2.51
1.09
4.56
0.57
2.4
4.28
2.12
0.74
1.76
3.39
0.92
0.41
3.02
3.55
1.43
1.22
3.22
0.68
4.39
3.3
2.85
2.51
4.47
4.3
1.71
1.52
0.94
0.02
2.23
4.08
3.28
1.63
2.69
1.51
4.47
5
2.63
4.08
1.45
0.66
3.89
3.84
0.31
1.77
4.29
0.03
2.28
3.08
2.89
0.17
0.25
2.17
3.5
2.01
2.04
2.59
3.79
4.17
0.8
1.19
1.19
4.77
2.03
2.89
0.68
2.88
3.63
3.81
4.13
0.87
0.16
2.86
1.47
0.53
3.99
0.58
3.11
1.56
3.37
0.64
2.92
2.78
2.29
0.08
1.75
3.81
1.55
0.28
2.69
1.26
2.25
1.21
1.91
2.83
0.32
1.44
0.79
3.67
2.16
4.14
0.17
4.2
0.12
2.9
2.11
1.83
2.63
0.33
1.92
1.95
4.41
4.29
4.12
1.03
1.27
2.3
4.34
1.49
0.21
3.76
4
2.21
4.15
0.35
4.02
2.93
3.69
1.44
0.4
4.18
3.02
3.47
0.19
4.66
1.2
2.58
3.79
2.52
2.88
0.77
4.89
1.69
3.9
0.7
1.59
2.45
4.84
0.74
4.59
2.71
0.65
0.2
0.75
4.43
2.89
2.12
1.81
3.29
1.25
3.98
2.79
1.02
2.14
3.28
3.73
0.78
2.62
0.66
3.33
0.39
3.9
4.1
4.43
0.77
2.55
3.95
3.26
0.05
0.9
3.74
2.9
0.5
4.16
3.71
4.94
1.8
1.84
0.54
1.8
0.48
3.82
2.12
0.7
0.31
4.57
4.54
2.69
3.96
4.52
1.37
0.23
2.07
1.47
0.74
3.73
4.61
2.44
4.6
1.32
0.54
3.33
2.24
1.41
2.02
3.8
0.5
4.91
3.61
2.32
1.15
2.27
3.76
0.74
3.98
2.5
2.42
4.22
0.72
3.34
1.29
1.87
4.08
4.77
3.29
2.45
3.31
1.49
1.94
0.82
0.93
1.34
4.14
0.22
2.93
3.59
2.86
0.02
4.28
1.95
2.82
2.81
1.74
2.81
1.91
0.48
1.59
2.26
4.6
2.38
0.53
0.01
3.02
4.38
2.46
1.75
3.18
3.44
3.03
3.28
2.59
1.58
3.48
2.27
2.88
2.88
0.78
1.14
4.4
3.04
2.03
3.93
3.4
0.7
1.24
4.71
2.69
0.56
1.27
2.99
0.17
2.38
1.16
3.44
1.39
2.18
3.65
3.73
4.65
1.2
3.59
3.25
0.73
0.63
4.43
1.88
0.36
4.07
4.65
2.07
2.19
4.77
3.39
1.61
3.53
2.56
4.9
0.17
3.88
4.23
1.18
0.75
1.59
3.94
4.87
4.14
1.02
0.21
0.72
1.79
3.88
3.87
2.11
1.37
0.43
4.11
0.32
1.78
3.27
1.16
2.7
0.77
0.07
4.03
3.33
2.42
1.59
2.51
1.79
4.93
4.93
4.77
1.95
2
2.66
0.15
3.03
4.51
0.53
3.98
1.98
2.57
1.75
4.84
3.48
4.72
2.24
2.03
3.92
1.65
1.97
1.96
3.61
2.95
3.32
1.05
3.15
3.43
4.12
3.84
2.85
1.44
0.09
3.9
1.87
4.57
3.96
0.18
2.43
3.08
0.58
2.89
3.11
4.78
1.28
2.67
3.03
1.37
