4.66
2.37
0.48
3.19
2.25
4.92
2.79
1.02
2.37
2.12
2.82
0.39
0.48
2.21
0.88
3.49
0.57
4.1
2.84
0.8
2.47
2.43
4.74
3.17
0.49
2.38
1.31
2.75
0.32
3.99
4.73
4.28
0.12
0.52
3.24
3.1
4.3
2.2
1.07
3.35
3.17
2.19
4.12
1.71
2.76
3.98
3.78
2.32
0.09
2.59
3
1.67
0.95
2.37
1.5
1.44
0.85
0.73
4.99
3.52
1.92
3.77
2.53
1.68
4.82
3.12
3.43
1.03
1.68
4.97
1.79
2.69
2.82
1.48
3.06
0.8
4.79
2.23
1.99
2.59
1.08
2.98
4.39
3.56
2.73
4.14
3.68
3.61
2.65
4.08
0.66
3.62
3.07
2.81
4.1
3.68
1.18
4.23
3.19
2.12
4.66
0.58
1.98
2.7
3.32
3.25
2.04
0.02
4.39
3.31
3.87
0.31
3.28
4.07
0.88
4.58
4.55
1.34
1.78
3.63
2.19
2.33
0.87
2.25
0.05
2
4.64
2.68
4.18
3.8
4.67
5
1.12
2.62
2.74
4.15
1.89
0.78
0.42
1.23
1.1
3.27
2.12
2.46
3.93
4.89
3.9
1.64
0.69
2.63
0.01
4.3
1.76
3.49
1.75
2.4
3.44
0.47
1.05
0.62
2.85
0.59
2.17
3.16
2.74
4.77
2.23
1.81
2.92
0.71
2.66
3.11
2.99
0.27
4.88
4.15
4.26
3.67
0.23
3.14
0.01
3.48
0.96
2.53
0.99
2.02
4.19
2.1
2.48
0.67
0.53
0.35
2.72
4.18
0.82
2.41
0.9
4.34
0.08
3.71
4.11
2.53
0.8
4.88
2.3
4.52
1.45
1.05
3.94
1.85
0.38
4.29
4.01
2.98
2.78
4.48
3.45
1.78
2.65
4.83
1.95
2.02
0.51
4.48
2.67
4.18
4.78
0.69
4.36
3.57
3.75
1.33
2.33
4.65
4.14
1.27
0.29
4.81
0.22
3.55
1.63
0.29
3.21
4.86
2.7
3.9
0.16
0.72
1.37
3.32
4.97
1.74
2.76
2.28
3.37
2.5
3.85
3.47
1.95
4.24
3.83
3.58
0.66
1.24
4.34
2.62
4.16
2.91
3.22
2.12
3.29
2.69
1.73
0.48
0.43
0.78
1.91
0.05
1.45
0.94
1.95
1.32
2.46
2.77
2.52
2.04
3.33
1.06
3.7
1.8
3.1
2.6
2.78
1.71
3.87
2.43
0.01
0.03
2.06
3.18
3.39
0.83
1.7
1.83
0.99
3.92
0.28
0.83
4.14
2.83
3.51
3.36
4.72
3.4
1.92
0.19
3.39
0.91
1.95
0.74
2.12
0.53
0.2
4.27
1.43
2.13
2.92
4.11
1.99
1.64
4.73
2.29
3.88
3.93
2.93
2.28
0.23
0.9
0.63
2.59
2.61
2.13
0.68
4.27
2.27
1.74
2.84
2.64
0.67
3.4
1.84
2.44
3.36
2.54
2.13
3.97
3.38
3.63
2.77
4.97
2.46
3.57
1.68
2.43
0.45
0.22
3.96
4.68
2.83
1.81
3.23
0.46
3.17
3.22
2.9
1.23
2.93
2.02
0.59
0.67
0.05
2.55
2.12
2.31
1.57
2.22
0.67
4.45
0.62
3.84
0.95
2.49
3.24
3.9
4.93
4.79
4.1
3.14
4.39
1.59
3.43
2.71
2.18
0.88
4.77
1.37
2.74
4.02
1.93
4.02
0.01
1.19
1.44
4.55
1.13
3.32
3.93
3.28
1.14
0.1
1.34
2.36
3.56
3.02
1.16
1.09
3.43
1.58
2.24
2.45
2.99
0.8
1.39
1.63
1.63
0.07
0.05
4.95
3.2
4.65
2.32
3.79
4.76
3.97
1.97
2.23
3.68
2.81
2.77
0.51
1.18
4.88
1.14
4.09
3.75
2.07
0.41
0.58
0.03
1.89
3.76
0.42
1.89
0.79
1.5
2.3
2.61
0.1
4.77
2.95
0.3
0.72
4.1
0.91
1.39
1.24
3.02
1.77
2.25
2.98
4.9
2.35
3.33
2.23
3.74
2.33
1.66
0.5
1.39
4.01
4.89
1.41
4.83
0.51
1.61
1.39
0.88
1.66
2.82
4.56
2.13
2.85
2.83
2.91
4.73
3.76
3.95
0.06
4.76
0.59
1.14
4.05
4.7
2.21
4.76
2.38
0.91
4.54
2.37
2.47
2.37
1.07
0.83
0.13
4.59
0.51
2.04
2.74
3.71
0.3
1.11
2.5
0.47
4.2
4.11
2.51
3.96
1.41
3.4
1.37
0.08
3.02
3.93
1.65
4.07
2.66
3.8
0.36
2.13
0.53
0.33
1.72
3.71
0.85
0.33
2.75
0.84
2.44
0.03
3.79
2.4
2.27
4.08
2.1
3.65
1.38
0.91
3.46
2.59
2.16
1.31
4.64
3.56
4.4
1.1
0.99
3.11
4.97
1.36
3.47
4.67
0.9
3.68
2.41
1.6
1.55
2.4
3.79
2.08
3.72
3.21
4.42
4.23
4.74
3.77
3.08
0.46
3.32
3.14
2.64
0.54
0.83
0.83
2.42
0.13
3.01
4.08
0.72
3.09
0.96
0.67
0.4
3.01
5
3.46
2.09
2.75
2.57
0.39
3.59
2.53
4.51
4.99
0.75
1.98
0.6
2.11
2.12
2.3
1.11
2.64
3.15
2.53
0.49
4.11
2.31
1.46
2.24
3
3.54
1.86
3.13
0.12
3.3
3.8
4.1
0.58
4.63
1.53
4.92
0.73
0.9
1.99
3.35
3.47
0.67
2.85
0.72
3.24
2.65
0.63
0.67
4.27
1.52
0.84
2.97
1.79
3.72
4.99
2.95
3.88
3.74
2.15
0.96
4.59
1.39
3.41
3.68
1.55
3.29
1.03
3.85
0.97
1.48
2.28
2.62
4.91
4.69
3.9
0.68
2.23
0.28
3.75
1.66
3.63
1.18
3.6
2.48
4.64
1.59
3.01
3.74
0.56
4.85
0.54
4.97
1.08
2.85
2.69
3.42
0.27
0.89
1.24
2.42
4.71
3.09
2.67
3.87
3.23
0.26
4.72
2.83
1.18
0.72
0.87
2.24
1.87
2.4
1.33
1.78
0.99
1.08
4.29
1.54
4.12
3.15
2.78
1.41
3.19
2.32
2.51
1.26
3.41
3.36
3.14
3.09
1.24
1.97
0.92
1.03
1.85
3.51
1.4
4.1
1.75
3.92
0.29
1.63
1.32
3.29
4.15
3.77
4.12
0.52
3.69
0.39
3.11
4.33
4.99
1.56
1.07
3.1
3.1
4.46
1.37
4.2
4.23
2.41
2.76
1.83
0.98
4.41
1.52
2.2
4.6
4.17
4.93
3.56
2.4
0.8
3.94
3.03
1.45
4.65
1.9
4.48
2.06
4.67
3.24
4.42
3.11
1.96
4.75
2.59
3.29
3.61
1.79
1.67
1.31
3.84
1.88
1.84
2.92
4.69
1.89
2.47
2.49
3.32
2.23
2.31
1.26
0.15
0.33
3.92
1.28
3.62
4.97
4.98
3.75
1.06
3.6
0.48
3.47
1.15
0.13
2.83
4.86
3.45
2.5
2.15
4.63
2.69
3.76
3.45
3.52
1.11
1.75
4.47
2.57
4.62
1.22
2.81
1.72
1.52
2.95
1.96
0.96
2.58
4.32
3.77
1.74
1.45
1.52
3.21
1.89
3.72
4.71
1.53
3.37
4.61
2.29
2.94
3.39
4.4
2.29
4.36
3.3
4
2.23
0.18
3.77
1.83
3.69
2.26
1.98
2.28
3.28
0.82
0.42
2.96
0.6
2.73
2.59
3.52
4.97
3.26
0.11
3.9
1.12
2.74
0.18
1.72
3.48
1.96
3.93
2.09
2.75
0.72
1.38
3.87
4.18
3.56
4.28
1.89
3.05
2.21
3.85
1.83
2.71
3.93
0.68
4.82
1.57
4.46
2.87
2.83
3.64
1.63
0.27
2.04
1.42
1.38
0.9
4.05
1.15
3.12
1.24
3.25
0.55
2.84
4.37
2.85
2.88
1.34
2.23
2.9
4.02
1.6
0.93
0.92
0.1
3.87
1.12
2.09
0.57
1.27
3.04
0.3
4.02
0.42
4.2
4.73
0.23
0.98
3.65
2.06
3.44
0.48
4
1.1
0.25
2.36
2.94
4.29
2.01
4.11
0.28
0.57
4.59
1.02
2.01
2.11
1.07
4.53
2.47
1.09
1.05
0.65
0.01
2.61
0.49
1.75
4.38
4.71
1.18
0.04
3.06
4.83
3.54
0.5
3.83
1.2
0.03
2.57
1.34
2.86
3.29
0.8
4.47
4.7
4.64
4.38
0.8
1.87
3.52
2.27
1.09
1.44
2.54
2.05
1.01
2.18
3.04
0.83
4.95
2.76
0.51
1.17
4.61
2.3
2.55
3.5
4.11
4.89
0.13
3.77
3.3
2.37
4.27
5
1.16
0.31
3.55
0.51
0.46
4.58
1.37
2.67
1.04
0.86
3.41
3.52
3.32
4.17
4.14
1.65
1.28
1.86
3.2
3.7
2.69
1.36
2.42
0.94
3.75
1.11
1.5
1.12
3.82
3.26
0.6
0.21
1.12
3.1
4.6
0.79
1.54
4.63
1.84
2.49
2.83
4.29
4.47
3.13
3.12
2.54
1.7
3.4
4.18
0.71
4.76
0.53
3.46
0.21
2.02
0.17
2.81
3.11
3.58
1.24
1.39
1.15
1.47
4.03
2.5
4.23
3.51
0.98
3.32
3.65
4.28
2.61
3.55
0.55
4.13
3.16
0.5
0.76
1.76
3.96
2.59
1.45
5
2.77
2.34
0.42
2.92
0.82
4.11
2.69
3.03
0.38
3.93
3.11
0.89
3.66
2.06
4.26
1.37
1.47
1.88
4.88
0.08
4.3
4.96
0.57
4.5
4.83
2.18
4.91
2.24
4.85
2.77
2.58
4.76
4.74
3.06
1.5
0.93
4.82
0.38
4.56
3.75
3.6
0.29
2.98
1.55
1.3
2.31
1.91
4.76
3.94
4.33
3.63
4.85
2.78
3.19
3.97
1.95
3.11
1.21
1.75
3.7
4.32
2.2
2.88
0.32
1.13
3.34
2.58
0.03
0.13
1.74
2.1
2.29
0.16
2.05
0.72
4.61
1.23
2.02
3.06
1.3
3.93
1.07
0.04
0.8
0.59
3.46
3.64
1.25
2.86
0.19
2.46
4.71
2.41
0.34
1.56
0.19
3.24
2.18
1.08
3.24
0.68
1.97
4.43
3.7
0.51
1.86
0.3
4.03
3.85
4.59
4.12
3.15
2.4
4.02
0.56
4.93
2.42
0.95
1.15
2.64
0.94
2.74
1.98
1.92
2.8
4.51
1.07
2.56
3.92
1.46
2.74
3.65
2.99
1.83
2.62
2.32
3.67
0.87
0.26
0.12
0.48
3.45
1.41
0.81
2.13
2.38
1.39
1.51
3.75
4.61
3.5
1.29
2.01
3.8
0.94
2.59
4.95
4.01
1.05
2.85
1.07
3.41
1.92
3.92
1.15
1.71
0.69
3.89
1.87
2.68
2.32
1.47
4.75
4.49
0.06
3.95
3.91
3.43
2.62
2.31
0.33
0.7
1.14
4.07
0.68
3.97
2.9
4.57
2.88
4
0.53
1.6
0.16
3.18
0.2
1.19
4.93
3.06
4.7
4.31
3.3
0.93
2.47
0.12
3.37
1.51
2.59
1.69
3.83
1.1
2.06
4.8
3.29
0.25
2.98
2.44
0.42
4.77
1.81
4.61
3.33
3.42
3.12
2.75
1.01
2.41
4.25
0.71
3.17
0.8
0.11
2.05
0.11
3.32
0.47
2.2
3.79
0.07
2.78
0.64
0.3
2.6
0.07
0.68
0.17
3.41
1.25
3.46
3.34
2.73
3.22
2.28
2.34
4.07
0.1
1.08
0.06
4.12
2.06
2.71
3.43
1.03
3.33
0.86
3.74
4.57
1.86
0.51
1.98
3
2.33
4.79
3.37
0.16
2.84
4.88
3.55
2.5
0.31
0.67
3.91
0.42
2.42
3.7
0.03
2.84
0.84
1.9
4.21
1.26
4.69
4.6
3.28
0.33
4.32
3.36
2.86
0.6
0.89
4.05
4.81
1.75
2.61
4.08
3.11
0.18
3.08
4.83
0.35
2.93
2.58
2.67
4.85
0.29
2.49
3.27
1.43
1.3
2.13
3.24
0.44
3.36
4.44
0.03
2.42
3.22
3.37
2.33
0.01
1.38
3.85
4.51
4.82
3.75
0.69
3.56
3.02
4.9
3.19
4.02
2.68
4.25
1.7
0.82
4.91
0.38
1.91
2.26
3.54
4.48
0.11
3.25
3.33
0.64
4.5
0.66
4.97
2.16
4.82
1.69
3.23
1.84
3.62
1.52
3.96
2.11
4.09
4.27
3.28
4.44
3.52
1.4
3.09
4.07
0.25
3.15
3.67
2.98
2.54
4.28
3.55
4.18
1.95
0.09
2.46
3.32
4.15
4.49
3.72
0.35
0.75
2.89
1.34
1.26
1.57
4.31
4.86
2.85
2.72
3.52
4.09
1.94
0.5
4.96
3.85
3.76
0.92
3.94
3.48
1.71
3.85
1.27
0.77
0.88
0.82
1.84
0.93
1.85
3.46
4.34
3.91
2.51
0.79
2.88
4.53
4.09
0.97
1.95
2.13
4.51
3.36
4.89
3.95
1.59
2.19
0.75
0.69
2.93
4.29
1.6
1.56
3.77
4.63
0.58
0.48
3.98
3.54
4.51
4.35
3.84
0.56
1.2
1.98
3.09
1.4
2.92
2.1
3.55
0.87
3.81
1.6
1.65
4.8
0.78
4.59
3.02
4.53
1.37
1.38
2.77
2.52
0.24
4.63
3.61
4.79
3.61
0.31
4.43
3.52
3.49
4.36
2.44
3.2
4.47
1.99
4.4
0.81
4.99
1.82
3.34
2.1
2.96
3.51
2.45
4.93
2.33
0.59
4.81
4.08
2.99
2.12
1.7
3.9
3.49
4.78
2.96
3.87
0.55
0.81
4.22
0.9
2.39
1.79
0.29
4.61
3.41
3.21
0.55
3.21
3.55
0.91
3.05
2.93
3.24
1.03
1.75
4.14
1.01
3.6
0.97
1.6
0.4
2.74
2.62
2.52
3.62
1.98
4.84
4.44
2.89
3.19
3.1
0.24
4.28
3.78
0.92
2.2
1.83
3.88
2.3
4.71
2.03
0.75
1.03
2.55
1.55
2.92
4.68
2.49
2.74
1.55
4.24
0.6
4.06
0.45
0.95
1.11
1.02
1.58
2.15
3.69
2.41
4
2.78
2.73
4.93
3.15
2.84
1.12
2.49
1.4
2.51
3.06
2.04
3.4
0.95
0.19
0.27
1.89
0.07
2.94
4.29
1.42
3.53
1.3
0.37
1.63
3.64
2.47
4.7
3.39
1.81
2.82
0.08
1.12
1.58
1.31
3.11
2.05
3.61
3.48
4.11
1.43
2.36
0.64
2.02
2.86
2
1.46
3.1
1.18
2.19
2.38
4.1
2.59
0.9
3.62
2.51
1.02
4.88
0.31
3.88
1.1
1.08
4.34
1.88
0.8
0.51
1.94
2.38
0.04
0.37
3.36
3.16
1.68
1.83
1.58
4.35
2.53
0.35
4.76
4.26
4.85
4.31
2.07
1.49
0.52
3.35
2.68
4.28
0.56
2.24
3.45
0.55
3.24
1.05
1.06
4.33
4.17
3.87
2.09
1.16
2.84
2.39
1
0.71
0.47
0.82
4.49
4.64
1.14
4.71
2.94
1.41
4.16
4.57
2.73
2.51
1.14
4.2
0.97
3.95
1.76
1.54
4.03
2.09
4.96
4.17
2.57
0.55
0.01
0.61
0.17
3.47
0.05
3.54
0.42
3.84
1.77
1.81
0.76
0.93
1.93
3.71
0.65
3.87
4.06
1.08
3.17
3.23
4.17
4.64
3.14
3.63
0.25
3.12
1.69
0.02
2.48
0.86
3.81
1.06
4.67
0.05
1.86
3.77
2.37
0.43
4.77
1.35
3.36
3.01
1.99
1.58
2.85
4.77
2.42
2.01
3.44
3.91
0.51
3.51
3.66
4.41
2.44
2.79
3.21
2.29
4.77
4.49
1.21
3.38
1.78
4.75
3.04
2.09
4.87
3.09
2.79
1.87
3.63
0.34
3.35
3.41
4.8
2.14
1.34
2.51
3.45
3.91
3.9
2.03
2.43
4.93
1.34
3.45
2.87
3.58
1.26
4.55
2.21
1.19
2.62
3.09
2.34
1.6
1.57
3.95
3.23
1.88
4.22
4.45
0.33
1.15
2.7
0.05
3.9
4.69
1.27
1.8
2.55
4.35
3.87
1.05
1.42
0.86
1.64
1.21
3.85
3.52
1.11
1.73
3.08
2.09
1.73
1.09
0.32
4.36
3.71
0.43
2.43
4.95
2.34
3.44
2.17
0.09
0.15
2.77
1.87
4.16
1.36
3.22
2.85
2.62
4.86
3.54
0.43
0.33
4.78
3.73
4.85
2.12
2.96
2.95
0.92
3.43
0.62
2
0.08
1.91
3.25
2.22
2.77
3.04
3.17
2.06
1.78
2.38
1.84
0.47
2.98
0.48
4.85
3.59
3.52
0.05
0.32
1.91
2.68
1.56
3.39
3.09
4.46
4.47
2.26
2.13
3.55
0.21
2.68
3.37
1.85
2.6
0.57
0.46
1.85
2.8
4.96
1.74
2.84
0.73
1.35
2.74
2.95
2.27
4.29
4.18
0.74
4.83
1.05
0.15
3.21
2.32
3
2.25
0.52
1.1
0.61
2.67
4.27
3.58
3.84
2.57
1.52
4.28
1.15
0.28
2.55
4.24
4.58
3.78
2.96
3.65
0.76
0.25
1.28
3.69
3.82
4.38
2.3
4.74
0.34
2.22
1.68
4.03
4.46
1.75
1.87
3.48
4.22
3.16
4.63
1.1
4.43
3.36
2.24
0.79
0.36
1.66
3.58
3.03
4.82
3.52
1.18
1.84
2.25
2.46
0.24
0.95
2.04
3.66
0.73
3.91
3.31
0.32
0.43
2.41
4.41
3.7
0.94
1.11
3.15
4.23
3.44
1.28
0.93
1.81
0.02
0.91
2.08
4.29
3.91
4.4
0.86
0.2
0.34
3.36
0.34
0.06
1.9
2.67
4.64
1.61
1.82
3.87
1.92
0.42
2.64
3.29
4.73
3.21
1.7
3.48
0.2
3.54
1.87
2.65
1.77
4.35
0.72
4.15
1.86
3.9
1.57
2.74
2.95
2.96
4.96
3.54
0.69
1.84
4.14
1.83
2.6
1.68
1.26
4.31
1.14
1
0.43
1.05
4.3
2.73
1.71
0.25
0.42
4.74
3.22
1.1
3.08
1.96
0.64
3.2
1.21
1.01
4.74
4.02
1.18
2.26
0.79
3.44
4.97
0.72
2.98
1.08
3.25
1.29
0.97
4.34
0.57
2.82
4.22
4.17
2.72
0.8
3.59
1.97
0.2
3.08
1.87
2.97
4.28
0.81
3.43
4.41
3.14
3.99
2.59
4.78
4.43
4.03
2.95
2.01
4.33
2.62
2.4
2.34
0.33
1.26
1.05
1.85
1.8
2.65
4.76
3.96
2.07
2.2
4.69
4.46
0.62
4.19
3.18
0.58
4.29
0.78
3.82
4.94
4.12
4.16
2.36
2.88
2.76
3.63
1.82
2.28
3.39
1.36
0.51
2.95
4.99
2.81
0.22
3.55
0.28
2.93
3.97
2.61
3.74
3.98
3.26
3.72
2.52
4.08
0.11
4.19
2.82
4.18
0.49
1.34
4.71
3.45
1.83
3.46
0.99
1.12
4.02
4.9
3.78
1.71
1.99
3.3
1.46
1.58
4.57
1.2
2.67
4.03
1.6
1.2
4.8
1.96
2.25
3.41
2.23
4.02
2.07
3.9
1.34
2.16
0.16
2.59
4.72
3.91
1.34
1.53
1.67
2.36
2.46
2.33
3.29
2.53
0.88
4.16
3.66
3.78
2.68
2.55
0.44
4.73
0.98
1.22
3.07
3.93
3.74
1.56
3.8
3.64
3.99
4.15
4.13
2.08
2.66
1.21
2.85
0.44
3.54
3.18
1.45
3.14
1.63
0.82
1.98
3.19
3.2
0.8
4.42
1.29
1.05
0.87
2.93
4.59
0.54
0.67
5
2.59
3.56
4.47
0.53
0.66
3.97
0.4
1.1
4.3
3.94
1.83
3.17
2.4
2.63
0.35
2.9
4.92
1.5
4.98
4.5
4.26
3.4
3.15
1.91
1.56
1.18
4
4.84
1.44
1
3
2.94
4.53
4.13
0.9
2.59
0.95
2.31
0.45
2.96
3.11
2.26
4.16
4.75
1.74
1.26
2.96
4.65
0.88
1.09
0.46
2.04
0.3
4.61
1.14
4.62
3.94
3.76
4.7
1.75
3.22
1.78
0.49
0.82
1.92
4.17
0.1
4.33
2.73
0.07
0.35
0.25
4.24
4.68
2.81
2.09
1.5
2.51
0.12
4.04
1.38
3.38
2.53
2.12
4.29
0.53
4.31
3.69
0.05
4.52
2.95
2.92
1.3
0.05
4.43
2.29
1.61
4.6
2.87
1.68
2.25
2.72
4.96
0.8
4.92
2.39
4.08
2
4.66
2.66
3.64
0.43
2.65
0.08
1.86
0.64
0.86
3.5
4.85
0.62
4.59
2.66
2.67
3.35
4.24
0.21
4.66
4.67
1.61
4.99
2.12
4.98
4.97
2.25
1.32
3.91
4.17
3.78
2.3
2.9
0.5
1.83
2.99
2.23
