3.25
2
3.68
1.28
2.94
2.98
4.59
2.64
2.3
4.41
4.91
0.89
0.27
2.63
4.13
3.2
3.5
3.95
4.61
4.62
4.72
3.6
2.44
2.57
1.3
2.71
1.5
3.91
2.16
3.79
1.7
4.5
3.17
0.39
4.66
3.14
4.28
0.06
2.24
0.2
1.57
4.69
4.02
0.18
1.89
3.79
2.65
4.81
1.68
2.55
2.6
0.96
1.13
2.16
0.61
4.63
2.17
3.33
1.58
0.73
0.43
0.62
0.5
1.18
0.49
3.82
4.8
4.7
3.03
1.55
3.94
2.48
3.65
4.84
3.14
4.74
3.86
4.39
1.49
2.38
0.16
4.54
3.26
0.25
2.04
2.38
3.07
3.83
2.78
1.7
1.67
4.2
3.17
1.34
1.11
0.03
2.3
1.15
1.85
1.48
4.41
4.65
0.58
4.35
1.25
0.12
0.13
1.91
0.32
0.89
2.47
0.14
0.88
4.05
3.96
3.52
2.39
4.36
4.56
0.94
3.67
0.98
3.13
4.55
0.25
0.01
4.29
0.42
3.81
4.21
1.98
2.76
1.36
3.01
0.88
1.38
1.83
4.73
2.13
0.53
4.54
2.95
1.02
1.22
2.45
1.55
1.07
4.77
1.63
3.79
2.58
0.73
0.63
3.72
4.53
1.57
0.4
1.86
1.06
3.96
0.33
2.49
3.48
0.18
0.54
0.97
3.56
4.91
1.09
1.26
1.96
1.05
2.54
1.4
4.74
1.49
4.13
3.91
1.9
2.33
1.87
2.33
2.47
3.34
3.71
4.97
1.76
0.41
4.55
1.35
1.47
3.86
3.38
3.44
1.74
3.1
3.65
3.64
0.27
1.24
4.73
4.05
0.49
2.17
1.38
1.9
3.14
3.52
2.81
4.29
4.6
0.01
2.94
2.71
0.56
4.95
3.34
0.65
0.91
0.29
3.85
4.84
4.49
4.8
4.22
3.78
4.84
4.03
2.92
3.2
2.49
1.73
4.71
3.19
4.47
0.69
3.55
4.63
2.91
1.88
0.34
2.51
0.78
0.9
1.27
0.76
2.23
3.33
4.16
4.77
4.48
2.58
4.68
0.8
0.73
3.83
4.22
4.09
3.56
1.3
4.07
3.77
4.55
0.29
4.45
1.2
2.42
1.98
3.64
4.5
2.36
2.68
0.41
3.22
0.53
2.43
2.54
3.89
0.74
3.99
1.17
0.01
4.91
0.81
2.27
4.23
3.64
0.23
1.36
0.61
0.02
3
0.67
0.03
2.76
1.65
0.53
0.01
0.39
1.03
2.72
2.1
3.66
0.12
0.08
2.42
4.31
3.33
0.08
3.07
4.14
1.44
1.64
2.82
3.17
2.25
3.58
3.76
4.52
3.1
1.14
3.86
1.07
0.12
0.4
2.76
3.95
2.3
3.45
2.53
0.74
3.08
2.34
2.48
4
0.71
3.53
1.41
0.41
3.81
1.97
1.32
2.47
3.04
4.38
4.58
2.13
4.43
3.97
1.73
3.29
0.13
2.93
1.69
1.95
3.37
3.48
4.92
4.52
1.56
3.54
3.93
3.54
1.48
2.94
2.38
0.08
2.18
3.7
0.47
0.73
2.03
1.77
2.72
1.13
4.08
4.96
0.86
0.06
0.82
1.39
4.43
1.76
4.02
3.78
3.57
2.47
0.94
4.76
3.64
4.65
4.41
2.51
0.64
4.04
1.06
2.26
3.63
0.78
3.08
2.07
4.96
3.29
3.36
0.48
0.73
0.18
2.87
2.25
4.99
4.26
0.55
4.09
4.93
0.07
4.51
3.08
3.76
0.12
0.72
1.82
2.01
2.12
1.04
2.57
4.47
4.53
4.87
0.07
4.14
1.51
3.66
1.38
3.05
1.73
3.62
2.25
3.79
0.97
2.93
0.88
3.89
1.01
4.43
0.31
4.37
4.16
4.11
2.96
4.41
2.98
4.86
3.16
0.56
3.99
2.21
0.73
3.96
2.56
3.35
4.93
4.17
2.54
3.8
0.94
4.08
3.52
1.99
1.35
4.68
5
3.3
4.54
3.12
1.68
2.54
1
3.39
1.28
1.04
4.31
1.15
1.78
2.59
2.58
1.29
2.36
0.88
4.36
1.49
3.93
0.78
1.05
4.09
3.09
3.8
1.52
1.81
0.73
0.39
3.84
1.69
4.98
4.25
2.88
0.71
2.83
0.93
0.02
2.21
1.28
3.46
4.48
3.9
1.19
0.8
4.18
3.61
4.24
0.31
4.72
1.47
0.65
1.8
1.3
1.16
2.74
2.76
3.32
2.65
3.77
0.92
2.37
4.38
3.13
2.03
2.12
0.4
2.18
2.59
2.38
0.86
1.37
2.18
4.73
0.41
2.73
2.93
0.62
0.37
2.6
4.42
3.11
4.26
0.12
4.17
0.6
4.88
3.89
1.49
1.57
0.39
2.01
2.23
0.49
0.34
1.24
1.94
3.58
0.74
0.56
2.76
3.93
4
4.65
1.36
4.67
1.4
2.76
4.22
4.65
0.57
1
1.35
4.01
4.51
4.41
0.42
2.66
3.65
4.26
1.17
1.01
1.33
0.72
0.52
4.82
1.73
4.43
0.29
1.94
3.8
2.12
1.55
1.22
3.8
1.49
0.53
1.29
4.79
3.46
2.59
1.69
4.16
3.89
0.39
2.97
4.59
1.65
3.42
2.26
4.7
3.72
0.15
3.03
3.82
1.08
0.19
2.56
0.56
1.56
3.15
4.37
4.5
0.31
3.15
2.89
3.74
3.14
1.66
3.3
3.43
2.84
0.78
4.92
2.4
0.1
2.58
3.2
3.75
1.05
0.59
0.02
4.21
0.7
2.64
3.8
4.24
3.78
3
2.24
4.25
4.91
4.56
3.12
3.11
3.9
1.86
2.13
2.5
3.18
1.5
0.18
3.91
2.53
0.07
2.3
3.23
4.47
2.73
1.61
1.31
0.48
1.21
4.67
3.44
3.53
1.83
1.14
2.23
4.61
1.36
4.58
1.67
1.43
4.43
1.67
3.73
0.44
4.45
1.04
1.33
3.32
1.29
3.04
1.89
4.35
3.25
2.46
4.96
4.89
1.44
3.72
0.39
1.6
1.97
3.49
2.34
4.38
0.23
4.8
3.81
0.33
0.19
2.24
2.14
0.37
2
0.14
1.74
5
4.12
4.88
0.62
0.64
4.55
2.54
3.13
0.18
1.07
2.97
3.18
0.15
0.46
1.89
1.97
2.68
4.75
1.01
1.65
2.43
2.71
0.92
0.48
4.58
3.21
5
2.3
1.1
1.51
1.49
2.77
3.42
2.14
1
5
4.89
0.8
0.63
0.63
0.25
2.55
2.39
4.74
1.95
2.59
3.81
4.63
4.67
0.82
2.25
3.37
4.21
1.64
3.65
4.57
2.39
0.76
1.42
0.35
0.85
3.69
3.48
4.88
4.28
0.21
3.69
1.39
2.8
0.57
1.05
4.04
0.41
4.79
1.36
0.7
1.09
3.66
1.63
3.01
2.37
3.47
0.06
1.3
2.62
1.84
0.19
0.79
4.29
4
3.29
0.8
2.61
4.48
0.77
2.34
3.62
1.37
4.56
3
2.75
0.21
2.95
1.87
3.62
2.2
0.68
2.72
2.11
2.6
0.43
2.68
1.18
3.96
2.89
4.97
3.74
4.31
1.9
1.04
0.06
4.75
0.99
0.95
2.95
3.72
3.96
2.12
2.74
1.28
1.38
2.16
0.57
3.58
2.91
2.09
4.91
3.57
3.42
4.03
1.79
0.12
2.11
2.75
2.29
0.08
3.8
4.68
4.09
2.79
1.27
2.87
1.44
2.4
1.36
1.89
3.29
3.9
3.91
2.74
4.23
4.93
3.86
4.36
0.94
2
3.97
3.12
3.66
1.82
4.41
2.99
2.37
1.2
1.28
3.57
1.56
3.26
1.61
2.23
4.39
3.78
4.94
4.19
1.65
2.27
3.44
4.26
4.68
3.18
1.23
4.34
1.65
2.6
0.9
3.9
3.34
2.89
4.2
2.56
0.8
0.11
4.13
0.16
3.05
0.33
2.14
4.31
1.28
0.04
4.98
3.88
0.04
1.36
2.12
4.25
0.2
1.39
4.96
4.22
2.64
3.17
3.6
3.39
0.76
2.46
2.96
1.61
1.09
3.34
0.53
3.96
1.67
3.97
2.49
2.87
4.58
1.26
1.37
3.69
0.96
0.21
3.36
2.26
2.31
4.81
0.58
2.76
2.67
4.81
1.36
3.08
0.68
2.06
3.74
2.47
4.5
1.75
4.62
1.07
2.38
2.05
2.72
2.99
4.52
2.42
3.83
0.92
3.67
0.53
1.74
0.66
0.62
3.02
3.11
2.23
3.64
3.52
3.65
1.54
0.7
0.32
3.04
4.81
0.76
2.49
4.46
0.57
1.86
0.64
3.8
2.19
2.42
1.35
3.18
3.25
0.18
1.12
2.1
2.42
0.01
1.68
3.96
3.28
0.71
2.17
3.41
0.69
1.21
4.11
0.82
3
1.81
1.64
1
3.19
3.35
0.47
1.25
1.24
2.31
1.6
0.08
1.15
3.31
4.17
0.78
2.25
4.09
3.52
3.22
0.39
1.04
2.65
2.07
4.56
3.07
2.63
0.79
1.49
4.25
0.64
3.87
4.92
0.07
2.5
1.43
2.54
1.36
4.94
3.8
0.81
0.68
4.36
0.2
4.53
4.79
4.73
2.54
0.65
3.61
4.75
2.36
3.89
0.55
4.67
0.22
3.32
4.1
2.03
0.52
1.87
2.49
4.12
0.32
1.65
0.04
1.63
0.77
3.97
4.65
2.25
4.43
2.96
3.55
3.54
2.56
3.66
0.61
0.08
2.96
0.59
1.83
0.07
4.2
3.72
4.12
2.29
2.83
2.34
2.89
4.16
2.46
0.29
0.69
2.53
3.02
0.15
4.92
3.3
4.83
3.09
2.34
1.1
4.6
0.53
4.8
0.35
0.9
4.77
1.41
4.93
2.95
2.27
1.26
1.6
2.16
3.2
2.31
1.36
0.46
2.55
0.19
2.48
4.49
4.97
2.45
0.33
2.14
1.56
2.4
3.03
1.44
2.6
3.91
2.53
2.77
3.87
1.74
2.05
3.57
1.41
3.89
4.21
2.82
3.4
1.45
3.23
3.9
4.26
3.03
3.32
0.35
0.06
4.34
0.2
3.86
2.11
2.78
0.71
4.34
2.66
1.56
1.72
4.71
3.95
0.01
4.57
4.12
1.3
4.69
1.85
4.53
1.2
3.97
3.25
2.12
2.61
0.14
4.29
0.88
4.34
4.96
3.38
4.84
0.54
3.63
4.92
0.45
2.77
1.38
4.11
3.07
2.64
3.68
4.29
0.99
3.86
3.06
3.14
1.84
2.49
1.6
0.05
1.02
4.3
4.32
4.06
1.82
1.72
1.27
1.74
1.25
3.66
0.24
0.84
1.97
0.84
3.64
4.6
3.54
0.74
0.9
4.07
2.03
4.11
2.7
1.21
4.03
3.56
3.17
4.32
3.29
3.21
3.07
2.82
0.69
1.4
3.35
3.7
3.65
0.91
4.28
4.39
2.26
0.82
3.73
0.43
1.14
2.41
0.46
0.35
1.6
3.97
2.31
0.26
0.27
2.68
3.59
3.75
3.36
3.13
3.69
3.12
4.11
5
2.8
0.29
4.58
2.33
0.61
2.96
0.57
3.66
2.87
1.62
1.13
0.9
0.26
4.36
0.37
3.68
2.31
0.9
2.27
3.38
4.84
0.16
0.58
0.01
1.38
3.07
1.34
2.74
3.43
0.53
4.29
1.02
2.3
4.57
3.69
3.37
4.85
4.78
1.17
2.35
0.66
4.74
3.73
0.62
3.87
4.84
0.51
3.02
3.11
4.71
1.55
0.96
1.29
2.55
3.31
3.25
2.28
3.23
3.24
4.11
2.02
3.02
3.79
0.9
3.4
1.14
0.55
0.41
0.11
2.27
3.69
4.08
4.64
4.16
2.21
2.04
2.79
2.05
4.67
2.94
4.75
0.23
0.9
2.7
3.99
1.95
2.77
4.76
0.68
1.97
1.15
3.98
2.54
1.14
3.91
0.85
0.16
3.87
3.61
3.21
1.79
0.1
0.94
1.73
1.52
2.16
3.67
2.48
0.88
1.78
3.72
1.27
4.51
1.48
0.19
0.99
4.96
3.99
2.38
2.83
1.93
1.51
2.73
3.15
4.6
4.7
2.8
2.44
4.07
3.41
2.58
3.26
4.1
0.94
2.46
2.1
2.02
4.6
0.67
4.89
4.45
3.59
1.89
1.93
3.17
0.09
4.69
1.78
1
3.96
1.69
1.76
2.48
3
3.63
4.22
2.63
3.77
2.14
3.21
0.09
4.8
1.82
3.51
3.51
0.21
3.56
4.4
0.2
1.39
3.39
0.42
3.43
1.5
2.58
3.13
4.19
4.47
4.25
0.68
0.73
1.02
1.8
4.72
0.07
1.8
1.72
1.51
3.28
3.33
0.9
2.19
0.28
4.55
0.34
2.59
1.93
0.06
0.27
3.75
3.58
4.38
2.41
1.92
1.04
4.47
1.24
0.89
0.21
0.24
0.22
4.81
3.65
0.34
0.26
2.46
0.52
1.24
0.54
4.13
2.45
2.84
0.75
1.38
0.02
2.56
2.71
0.87
2.85
4.07
2.5
3.51
2.93
1.24
1.97
2.37
1.27
0.89
0.27
4.97
1.6
2.44
1.57
2.14
3.66
4.32
0.21
1.54
3.14
4.43
0.09
1.69
4.58
0.44
0.15
2.57
0.69
1.57
4.52
0.05
1.7
4.76
2.23
1.31
3.65
3.11
1
1.53
4.57
4.66
2.95
4.24
3.63
3.76
3.54
1.83
1.93
1.78
4.77
3.44
2.21
0.85
2.41
0.76
1.17
3.79
2.07
4.83
2.33
3.99
1.71
3.04
1.76
2.59
0.18
2.96
2.89
0.31
0.4
0.01
2.74
1.37
0.71
1.87
0.55
1.94
3.81
3.23
3.41
0.41
0.54
4.2
0.7
3.63
2.9
3.3
2.95
3.83
2.27
4.47
0.19
1.49
4.37
0.39
4.98
2.57
3.12
0.74
1.65
3.12
4.22
3.92
0.34
2.42
4.23
1.52
0.89
3.23
4.04
1.22
3.98
3.15
0.63
2.05
2.41
3.29
2.11
3.3
1.64
0.8
0.49
1.34
1.59
1.63
1.29
0.2
3.18
2.26
0.07
4.86
0.27
1.62
2.5
2.32
3.34
3.25
1.36
2.95
2.8
3.11
3.06
3.31
4.43
0.39
4.86
1.22
3.41
3.19
2.5
0.7
0.1
0.08
1.2
3.6
0.68
1.49
2.68
2.22
2.24
3.61
3.25
4.97
1.78
1.33
2.28
2.53
3.81
4.12
0.77
4.15
4.59
3.03
4.98
2.51
0.36
0.45
1.1
2.44
4.09
1.43
3.2
3.26
0.64
1.08
2.8
1.65
4.14
1.29
3.34
1.67
4.59
4.84
3.13
1.53
4.7
2.32
3.01
3.46
2.53
4.1
2.09
2.13
0.37
3.95
0.68
2.09
0.15
4.17
3.45
1.53
3.1
2.13
2.62
2.3
4.28
2.66
1.06
2.09
2.28
1.72
2.57
4.04
3.37
3.49
2.64
3.5
2.68
4.92
0.96
1.02
2.38
0.04
0.13
1.2
3.36
0.11
1.04
3.91
2.62
3.99
3.73
1.77
4.65
4.03
4.47
0.38
4.2
2.12
1.43
3.35
3.51
1.56
3.12
0.4
2.11
1.27
0.33
1.32
1.34
1.8
2.61
0.77
3.36
0.11
1.04
2.51
1.97
2.37
2.62
0.41
4.57
0.46
2.54
4.27
1.11
3.77
2.61
3.9
4.55
2.36
2
2.41
2.92
4.72
0.37
3.65
1.72
0.29
2.83
1.41
4.65
2.72
1
3.66
0.54
4.04
2.14
0.14
4.36
3.2
2.65
0.48
3.81
1.18
4.15
0.85
4.98
4.29
4.44
4.8
1.32
2.64
2.46
0.76
0.66
1.28
3.08
3.31
3.57
0.27
4.09
0.34
3.46
2.16
2.15
1.46
0.56
1.6
3.12
3.69
0.07
2.5
3.92
1.62
3.72
3.47
1.72
2.96
0.12
0.74
1.55
2.19
4.84
0.89
3.46
2.4
3.87
2.05
3.58
3.02
2.18
3
4.57
2.05
1.9
4.91
4.48
3.8
2.43
4.2
3.13
3.16
0.26
2.6
2.58
2.49
1.98
2.01
3.06
3.03
1.37
4.33
1.92
0.55
0.59
1.49
1.27
2.16
1.35
2.77
4.65
0.32
4.71
0.79
1.07
3.06
0.46
3.66
1.11
3.91
2.71
2.45
1.14
4.97
0.87
4.02
1.9
0.57
3.52
3.93
1.7
1.43
3.35
4.34
2.24
0.52
1.33
2.48
2.34
2.33
4.78
2.69
3.95
1.16
2.07
0.59
2.3
1.54
2.67
0.27
2.88
2.88
0.51
1.78
4.43
2.03
2.81
1.17
3.8
0.64
2.31
1.16
4.25
4.88
3.35
1.37
0.27
2.28
1.58
3.84
0.18
3.61
0.24
3.34
1.11
0.52
1.08
0.26
1.32
0.25
3.67
2.67
1.17
4.26
3.63
3.88
4.18
1.66
4.05
4.9
4.44
4.93
3.03
3.07
0.11
2.33
4.22
2.08
3.43
0.49
1.61
4.79
3.61
0.24
3.59
1.71
4.78
3.17
2.47
3.2
3.41
0.91
0.08
3.49
4.72
3.3
4.29
4.31
4.82
4.91
2.18
1.63
4.61
1.79
3.88
2.8
2.08
4.49
1.01
1.49
0.03
2.26
2.51
0.73
3.79
0.23
0.18
1.73
1.93
0.52
1.07
4.62
4.87
4.08
1.78
3.65
1.25
2.42
3.7
1.51
0.19
0.25
1.81
4.36
0.55
3.35
1.57
3.3
1.16
1.28
0.36
2.42
2.12
0.13
4.79
1.33
1.48
3.57
4.92
4.02
1.63
1.44
3.82
0.97
4.61
2.18
2.79
2.61
4.48
0.52
1.11
1.93
4.53
3.68
4.66
2.49
3.59
3.57
3.03
4.12
2.73
4.96
3.45
3.9
2.24
0.87
1.51
1.7
0.68
1.08
4.11
2.91
3.7
4.07
0.39
1.38
3.04
2.53
2.1
1.28
3.02
1.49
2.97
3.09
3.66
2.11
3
2.49
2.67
2.5
0.08
0.15
4.73
4.3
4.6
4.17
3.98
0.65
1.02
4
3.4
0.96
4.78
4.25
0.93
1.26
4.93
3.04
4.07
2.4
0.91
4.59
2.17
3.16
0.87
4.38
1.72
1.08
0.73
3.36
4.95
2.98
1.34
4.77
3.26
0.17
3.23
1.92
0.54
0.79
4.23
4.56
3.53
0.73
4.62
0.7
0.8
3.24
0.56
1.51
3.19
2.1
2.21
1.49
3.23
2.41
3.08
1.94
1.68
3.78
2.04
0.56
0.12
4.14
1.84
3.2
3.42
2.97
4.51
3.97
2.2
4.58
4.55
3.51
2.14
4.1
4.16
3.94
3.5
3.09
4.64
1.82
3.08
4.19
0.65
0.43
1.06
4.59
3.92
1.53
2.65
2.59
2.83
1.65
1.64
4.34
3.97
3.79
2
1.82
0.17
0.36
2.08
0.08
4.55
0.4
2.69
3.76
0.33
1.6
4.11
3.6
3.58
3.34
3.19
2.01
2.35
2.9
4.39
2.54
4.19
2.73
4.7
4.79
2.67
4.37
1.45
3.77
3.8
0.58
2.66
1.38
0.74
4.96
2.55
1.15
0.5
1.44
3.66
3
2.78
1
0.14
4.53
3.21
3.99
3.79
3.91
4.76
2.51
4.57
0.84
1.03
2.39
2.26
2.09
4.61
0.14
2.58
4.56
4.56
3.9
4
2.15
1.53
1.48
4.13
1.12
1.38
2.41
0.46
0.2
3.29
3.78
0.87
1.14
4.36
0.26
3.82
2.01
4.15
0.78
3.39
1.6
3.37
3.84
4.13
2.01
4.1
3.8
5
0.79
4.81
0.57
3.77
0.18
1
3.46
0.7
3.76
0.54
0.15
4.29
1.73
2.58
3.03
1.36
0.23
1.57
2.98
0.15
2.1
1.99
0.8
1.94
2.88
3.59
4.58
0.76
4.87
2.28
2.26
2.15
0.3
1.14
4.16
3.78
4.28
2.96
2.24
1.81
3.8
3.83
2.72
0.47
3.56
3.04
4.91
0.78
2.08
1.2
2.91
1.69
4.22
4.59
0.64
1.62
2.17
0.42
1.84
2.4
1.19
0.6
0.64
2.56
0.93
2.63
2.82
4.08
2.54
0.19
0.91
3.03
1.86
3.41
2.56
3
4.75
0.44
2.99
2.8
2.3
4.84
0.25
2.84
0.28
4.88
1.64
3.51
3.49
2
4.31
1.55
4.7
0.19
2.93
2.6
3.59
2.17
1.62
1.13
2.69
3.37
2.82
0.8
4.07
4.9
2.69
0.19
3.91
3.36
1.07
4.67
3.67
2.05
1.2
0.29
2.49
0.53
1.1
2.76
4.05
1.38
1
4.44
1.39
4.97
2.61
3.17
3.3
3.95
3.9
2.44
0.02
0.48
0.69
1.73
1.61
3.01
0.95
1.19
3.2
0.89
3.63
2.58
2.83
3.78
4
1.68
4.49
3.33
3.34
3.78
2.92
2.99
4.71
3.84
0.48
3.55
0.44
2.46
2.53
1.62
0.62
0.61
3.72
1.62
4.92
2.21
3.99
1.98
4.82
3.55
2.85
1.53
3.89
1.26
1.66
0.97
4.08
4.88
0.19
4.85
4.87
