2.46
3.35
0.78
4.74
2.36
2.54
3.76
0.54
2.9
2.29
0.79
2.6
1.96
0.72
3.24
0.29
4.78
0.52
2.93
0.88
2.69
1.27
1.2
4.81
3.09
0.23
0.46
4.43
4.64
1.49
3.5
4.6
3.99
3.72
0.21
4.4
2.68
3.25
4.41
1.49
3.45
3.03
1.53
2.77
4.92
3.25
0.01
1.89
4.55
1.28
0.16
4.96
0.34
1.57
1.91
0.54
0.79
1.07
2.57
4.65
2.33
1.42
2.41
1.21
3.34
0.79
0.1
0.09
4.07
2.63
3.74
3.08
2.77
3.33
3.78
2.65
3.88
4.62
3.48
4.7
0.51
1.19
3.47
3.03
0.55
3.77
0.78
2.53
1.59
1.15
2.59
1.35
2.93
2.21
0.38
3.02
1.82
0.87
4.4
3.05
1.94
0.77
3.24
0.12
2.78
0.03
4.99
1.11
3.58
1.45
4.44
2.2
2.25
3.51
0.87
4.77
4.24
2.52
4.1
4.65
4.93
0.61
0.3
1.58
2.72
4.03
1.74
2.83
1.75
4.59
1.38
4.88
1.15
3.46
4.59
3.67
1.49
2.43
2.95
1.08
4.32
2.66
1.56
0.33
0.1
1.43
4.36
0.11
4.5
0.76
2.13
4.46
2.12
3.59
2.27
2.12
0.49
3.49
3.14
2.53
0.08
2.32
3.5
0.8
4.26
3.71
1.83
0.39
1.85
4.1
2.89
4.76
3.69
2.64
2.1
2.84
0.38
1.29
2.7
4.59
0.16
2.73
3.64
2.06
1.17
2.35
1.17
1.14
4.55
0.26
0.37
0.13
0.76
2.73
1.86
1.1
4.84
4.44
3.85
0.18
0.53
4.47
2.23
2.29
2.17
4.98
1.12
0.26
0.06
2.91
0.94
4.02
2.79
1.81
2.73
1.94
2.56
2.54
4.2
1.07
5
3.38
3.94
2.54
4.37
3.55
2.93
3.02
3.67
4.61
0.96
1.74
2.77
2.97
2.65
1.95
3.82
0.04
3.97
3.83
0.37
2.58
2.56
0.51
3.34
2.73
3.57
0.35
2.14
3.33
2.41
3.78
3.4
0.23
2.66
1.87
1.62
2.61
4.38
3.71
2.24
1.19
4.4
3.31
2.39
0.74
1.61
2.43
0.63
0.38
4.65
3.39
4.95
0.54
0.97
2.29
1.04
1.39
3.88
4.18
1.35
2.54
4.88
3.28
4.4
4.57
0.49
0.49
1.83
1.76
0.43
3.78
4.74
2.1
0.75
0.47
0.45
2.05
4.2
4.46
1
4.61
3.2
0.5
4.54
1.03
3.17
4.53
2.34
4.78
2.49
2.02
1.52
3.68
0.62
0.91
3.09
0.55
4.18
0.35
3.36
3.44
0.37
3.94
4.86
2.13
4.12
1.49
1.49
3.62
3.43
2.54
1.71
0.21
0.03
0.82
4.66
4.06
2.25
1.94
4.82
2.6
3.85
2.72
0.21
4.39
1.93
4.56
4.19
3.16
1.14
3.27
3.55
3.15
2.08
1.86
3.4
2.69
2.68
4.84
0.38
4.22
3.28
0.61
1.54
2.18
0.15
2.72
0.3
2.24
2.86
1.36
0.71
4.92
1.71
4.98
0.49
1.4
1.37
1.05
3.07
4.66
3.54
0.51
1.4
2.59
2.51
2.13
1.17
4.41
1.76
3.31
0.59
2.3
3.55
1.67
0.41
4.73
3.45
2.75
4.32
2.25
4.46
3.63
2.16
1.3
2.8
2.87
1.05
4.77
3.73
2.87
3.57
2.86
1.59
4.41
3.52
2.1
0.18
3.8
4.47
2.07
4.28
1.11
4.24
4.6
3.68
1.58
1.11
4.1
4.28
0.48
3.78
2.02
1.53
1.68
3.27
1.21
4.62
3.81
1.94
4.87
4.26
0.37
0.8
3.17
2.28
2.74
2.75
0.98
2.64
4.93
3.07
2.31
0.58
1.55
5
4.9
2.23
2.77
1.94
0.11
1.53
2.74
1.49
2.92
0.57
3.81
0.88
3.31
1.43
4.18
1.93
3.46
1.08
0.51
3.65
0.97
1.84
2.79
2.31
4.45
4.87
1.08
4.1
0.06
2.96
3.3
3.74
1.54
4.24
2.49
2.26
4.63
1.04
1.66
4.03
2.51
4.65
2.92
3.92
3.1
4.5
3.3
3.68
3.85
0.24
1.57
2.4
0.26
0.55
3.16
0.57
4.15
3.82
4.25
3.2
3.8
2.56
3.88
4.3
4.33
1.53
0.16
2.69
4.06
0.68
4.39
1.07
1.88
1.57
4.56
3.22
0.2
1.76
3.54
3.6
0.06
3.72
2.38
2.49
4.41
4.7
2.66
0.06
1.14
2.28
2.32
1.41
4.83
0.29
3.14
0.23
1.48
1.7
2.66
1.96
2.48
2.93
1.23
0.6
4.26
2.36
0.29
3.87
2.85
1.79
4.46
2.09
3.77
3.42
3.24
1.82
0.92
4.3
4.55
4.53
1.74
3.43
1.11
2.39
3.39
1.14
4.46
4.57
1.44
0.85
0.17
1.73
4.15
3.97
3.48
3.28
1.85
4.14
0.11
4.26
1.38
3
4.39
2.17
0.04
2.42
3.92
1.89
0.62
3.44
4.38
2.31
1.43
0.84
2.22
2.61
4.29
0.79
1.12
3.93
3.81
3.38
4.15
3.79
1.05
2.73
4.67
4.17
2.22
0.1
3.65
3.05
0.9
3.9
4.7
4.72
1.25
4.94
0.88
2.83
4.77
0.93
3.77
1.37
0.65
3.43
4
3.03
4.61
1.01
2.75
1.24
3.7
2.14
2.3
2.27
2.49
4.06
3.02
4.91
0.17
2.6
1.6
3.81
0.53
3.67
4.69
3.73
0.35
2.26
4.17
3.85
2.42
0.84
1.13
4.24
4.69
4.32
0.12
0.09
4.74
0.46
3.68
3.9
1.91
4.12
1.13
0.75
4.54
3.49
0.69
0.9
0.27
0.69
4.68
4.91
3.89
1.35
2
3.24
2.6
3.54
0.33
1.86
2.24
2.35
4.6
3.62
1.54
4.37
0.41
3.74
1.7
0.12
3.68
1.9
0.28
3.08
3.85
2.22
4.53
1.46
0.04
1.51
3.84
0.06
4.53
0.09
3.99
4.52
4.06
4.43
0.87
1
3.69
1.94
0.7
0.89
2.18
4.91
2.08
2.84
1.03
0.28
0.47
0.2
3.02
4.65
0.23
1.68
1.34
2.78
1.61
3.21
0.82
2.99
4.03
2.82
0.9
1.91
0.15
4.24
1.99
3.8
0.04
0.41
3.57
3.34
1.99
0.13
3.15
1.53
3.79
3.49
1.85
2.17
1.36
0.94
3.6
3.24
1.21
4.18
0.64
1.58
3.54
4.46
0.18
2.2
4.47
3.16
2.03
2.2
2.97
4.99
4.06
4.5
1.92
3.9
4.31
0.69
3.93
0.83
1.92
2.53
0.8
2.19
3.82
3.13
2.89
1.29
3.73
2.01
4.1
1.25
0.82
0.43
4.01
0.02
0.24
0.78
1.37
1.64
0.47
2.76
2.43
1.34
2.66
2.16
1.39
0.51
0.72
0.01
1.07
1.42
2.65
2.25
4.19
2.12
0.47
3.98
0.19
0.65
4.36
4.42
2.68
2.37
3.29
1.14
1.14
0.66
3.29
4.81
4.72
2.33
0.54
0.22
1.44
2.74
4.31
3.52
3.04
2.55
3.49
2.42
0.1
1.63
0.34
3.86
2.88
2.67
4.36
0.62
0.7
0.61
1.43
2.41
4.46
3.94
4.24
3.63
3.39
3.83
2.45
0.61
1.8
3.11
1.46
1.49
4.13
4.72
2.29
2.54
4.94
3.46
1.39
2.08
0.8
0.78
2.38
4.6
3.97
1.07
4.49
4.02
2.94
2.7
2.73
0.43
4.04
4.01
2.27
3.95
1.57
3.14
1.46
2.9
0.82
1.51
2.41
1.43
1.79
2.07
1.84
4.37
2.11
1.68
4.48
1.35
0.86
4.01
0.47
4.19
0.81
2.5
4.61
0.35
3.32
3.88
4.5
3.79
2.3
0.3
2.42
4.91
1.08
2.64
0.65
1.36
0.56
1.74
4.43
4.71
2.41
0.64
2.07
4.94
4.49
2.54
4.32
3.88
3.88
4.77
2.03
4.18
1.93
1.98
1.57
0.8
0.68
0.64
1.27
4.14
0.61
0.33
3.64
0.36
1.19
0.56
0.85
3.33
1.91
3.66
0.69
5
0.83
3.56
2.7
4.24
3.66
2.92
0.45
1.31
0.86
4.47
3.85
1.41
1.12
2.51
4.33
3.4
0.91
0.25
0.6
0.18
4
0.12
2.2
2.11
2.76
0.8
0.89
2.22
3.8
2.51
1.1
1.1
2.27
0.96
4.12
3.01
1.75
4.21
2.31
1.29
2.19
4.28
0.19
0.63
3.15
3.92
2.46
0.65
2.29
0.16
4.6
4.63
1.08
2.23
0.55
0.71
0.69
0.36
3.49
0.01
3.12
4.28
1.21
4.57
1.68
1.85
0.45
4.35
0.54
4.67
1.28
1.69
3.71
4.79
1.84
1.47
1.68
4.34
3.11
2.01
0.64
3.15
2.51
1.1
3.51
1.85
1.68
2.38
0.84
4.59
2.45
3.57
0.76
0.94
0.48
0.44
4.67
4.94
4.96
3.7
4.88
2.7
1.66
1.64
0.83
3.85
1.68
2.87
3.92
4.87
2.9
0.99
0.53
3.87
0.92
0.81
1.42
3.11
4.27
0.05
0.76
4.37
0.54
2.57
1.09
1.14
4.99
4.08
0.86
1.53
3.25
0.45
2.42
3.41
4.75
3.29
2.99
4.3
0.95
1.43
2.84
2.28
0.51
1.11
2.34
4.2
4.97
2.85
3.36
0.91
0.14
2.88
3.5
4.6
0.94
0.08
1.36
3.6
4.71
2.82
3.91
3.73
3.26
0.3
2.27
0.8
2.94
0.23
4.59
1.83
3.72
4.22
1.83
0.94
0.6
0.16
1.88
1.85
0.66
2.03
4.13
2.21
4.27
3.56
2.87
4.69
3.35
2.75
4.52
4.92
2.71
2.18
0.26
3.34
2.23
3.91
4.14
0.15
1.27
0.88
3.88
2.2
3.72
4.41
0.07
1.05
1.64
3.06
0.2
0.73
0.27
1.01
0.07
1.62
0.71
4.67
4.31
2.92
4.12
3.97
3.89
2.4
4.6
2.16
4.24
3.32
0.39
0.59
3.01
2.16
3.4
4.75
0.17
0.59
3.99
3.29
2.23
0.55
0.98
4.03
1.83
3.46
3.08
4.88
1.37
1.2
3.59
3.78
4.78
2.6
2.05
2.51
3.4
4.58
0.99
0.16
1.38
4.24
0.56
0.32
2.81
3.57
4.01
0.3
4.04
2.54
0.93
2.53
1.45
4.59
1.47
1.16
2.97
0.34
0.08
4.73
1.65
1.08
3.45
3.59
4.62
3.47
4.08
4.4
3.13
1.62
3.66
3.56
0.38
1.18
1.65
0.45
1.56
3.26
3.32
2.71
4.36
1.62
3.6
1.92
0.9
0.21
0.36
3.23
4.34
0.52
2.33
0.01
3.39
0.11
1.2
2.76
1.28
2.13
4.96
0.34
3.24
2.04
0.77
1.49
3.46
4.55
2.37
2.59
3.62
3.78
1.35
0.6
4.27
4.13
1.5
3.21
2.47
0.79
0.59
3.04
1.78
3.08
2.88
4.89
2.67
1.87
4.74
2.51
3.78
2.29
2.42
2.76
1.8
3.09
0.89
0.58
1.59
1.31
2.55
4.69
2.69
1.53
2.57
0.59
4.74
1.46
4.97
2.59
2.69
0.35
1.41
1.81
4.93
4.89
1.16
3.71
0.04
3.08
4.78
0.47
1.35
1.09
3.46
1.69
4.43
3.38
1.07
3.99
0.52
1.13
2.44
2.58
2.72
4.52
4.78
1.58
2.83
3.33
0.2
2.88
3.79
0.76
3
2.69
4.69
2.21
0.39
3.94
0.05
4.07
1.25
1.63
3.16
1.72
1.44
1.1
3.61
2.53
2.03
0.64
2.94
0.7
4.93
3.56
2.34
2.88
2.63
0.62
0.48
4.24
4.93
2.75
4.62
3.31
3.88
0.65
2.39
3.66
4.47
2.24
2.77
1.07
2.59
2.34
3.92
4.36
4.02
4.21
3.62
4.04
2.47
3.74
1.27
1.33
4.96
3.74
4.63
1.21
1.07
0.66
4.73
0.38
4.44
2.59
1.58
3.54
4.34
1.17
2.66
0.23
1.27
1.6
4.4
3.83
1.59
0.49
0.09
3.5
3.42
0.67
0.13
0.88
1.1
1.6
3.55
1.93
1.56
4
2.46
0.55
4.98
1.45
2.2
3.76
4.37
4.95
2.63
0.9
3.66
1.25
4.64
1.02
4.53
0.5
2.62
4.6
0.99
1.71
0.4
4.46
4.81
2.97
2.61
1.5
1.76
3.74
0.05
0.23
2.27
1.09
0.76
4.73
2.95
0.32
0.95
3.85
4.73
3.38
3.89
2.36
3.32
1.53
1.9
3.44
3.53
4.71
0.98
1.57
2.35
3.91
4.07
1.59
0.25
4.82
0.95
4.16
1.17
3.78
4.74
3.06
4.12
0.4
0.84
1.93
4.03
4.99
2.44
3.35
3.31
3.68
2.47
4.46
0.05
1.24
2.54
1.89
4.94
0.98
2.16
4.78
0.13
0.98
1.37
1
2.12
0.98
1.68
4.05
4.62
0.23
4.09
0.66
1.5
4.55
3.96
1.29
2.7
3.31
5
4.8
2.02
0.76
1.52
1.55
2.59
2.09
2.74
0.64
0.81
2.23
2.58
4.61
4.84
2.77
4.46
4.82
1.41
0.18
1.81
0.78
0.95
3.89
3.21
1.31
4.56
2.3
2.4
2.56
2.34
4.78
1.45
1.46
2.79
0.1
3.89
2.71
1.51
1.37
3.47
0.33
0.87
1.43
3.88
3.57
4.33
0.34
1.82
4.9
4.64
0.12
2.67
3.28
2.36
0.81
0.96
1.71
4.83
3.04
4.58
2.22
2.94
3.07
1.09
4.66
2.68
3.89
4.53
0.42
0.12
1.34
3.81
2.77
3.46
4.47
0.23
4.59
0.2
1.69
0.34
0.81
1.41
1.55
3.29
2.46
3.3
3.16
4.32
0.74
3.44
2.17
2.85
2.44
3.43
4.36
1.74
1.45
4.76
3.21
3.45
0.36
4.78
3.58
4.31
3.58
0.19
2.77
2.28
4.49
3.89
0.05
2.34
0.32
3.94
4.98
3.71
0.43
2.38
4.12
2.43
0.11
2.45
4
1.87
2.65
2.39
3.55
4.88
2.62
3.06
4.59
2.18
4.97
0.59
2.16
2
0.1
2.44
3.75
0.26
0.64
1.72
2.95
2.35
0.53
0.62
1.42
0.73
0.27
3.81
3.93
0.3
3.26
0.37
1.55
4.15
0.36
0.22
3.19
1.28
4.76
1.58
3.99
3.07
0.61
1.96
2.51
0.86
3.44
1.86
4.73
3.74
2.79
3.71
2.18
3.87
0.2
4.3
1.56
1.29
0.94
0.41
3.97
2.69
1.89
4.49
4.23
1.34
0.11
2.23
3.9
3.61
3.53
3.65
0.39
1.46
3.91
3.07
4.7
0.48
1.2
0.89
2.03
4.88
2.47
3.47
4.75
4.16
1.73
0.17
1.85
4.05
3.58
4.2
0.05
0.39
1.34
1.95
0.48
4.19
0.74
1.97
4.29
1.73
3.04
0.13
3.2
0.97
1.02
1.14
3.31
3.56
3.42
0.5
3.03
2.17
2.97
2.41
0.64
4.91
1.3
1.77
2.49
1.74
1.49
4.53
4.65
2.44
4.15
1.18
4.6
1.01
1.32
2.87
0.38
2.18
1.21
2.89
4.63
4.38
2.89
3.15
0.7
0.44
0.02
0.31
0.54
0.5
0.46
2.44
3.6
3.45
1.83
3.06
3.75
4.57
0.17
0.88
2.36
3.43
0.59
1.5
1.45
2.24
4.14
4
0.02
2.41
2.96
0.55
2.35
4.96
1.98
1.6
4.51
2.17
0.15
0.84
3.51
4.76
3.13
4.75
4.75
1.75
4.24
4.29
0.93
0.65
0.4
3.94
0.82
0.59
0.57
2.11
3.68
4.39
0.37
4.22
3.84
2.92
1.4
1.1
4.38
0.79
0.33
2.96
0.07
4.76
1.22
2.47
1.44
0.01
4.5
4.97
3.15
3.24
1.46
4.96
1.96
4.16
3.88
4.58
1.68
4.73
4.11
0.42
3.77
2.79
0.6
1.49
3.09
1.29
0.43
1.37
3.6
4.24
4.7
3.94
3.29
2.22
2.06
3.59
4.22
2.14
0.84
3.88
4.78
4.16
4.98
3.26
2.83
0.78
0.34
3.63
3.69
4.81
4.41
3.31
4.7
0.61
1.67
0.9
4.39
3.74
3.44
4.83
3
4.58
0.57
3.05
4.29
0.21
4.85
0.02
2.04
2.54
3.74
0.72
3.83
1.64
3.58
2.4
3.77
3.15
4.08
4.05
4.84
3.93
2.78
1.59
4.23
1.82
4.68
1.51
3.54
3.16
3
2.12
4.1
2.67
3.79
3.09
0.29
0.4
4.34
4.15
3.22
2.95
0.01
1.27
1.23
4.97
4.3
4.9
2.11
0.6
4.91
1.98
3.51
2.33
4.08
1.26
4.17
1.83
2.25
4.33
1.13
4.16
2.74
0.8
0.46
4.41
0.07
3.68
0.35
0.6
2.25
3.33
3.08
4.58
1.86
0.12
0.83
1.39
0.23
4.71
0.89
2.72
1.51
4.37
3.09
0.37
1.67
4.25
1.41
3.97
0.99
1.25
1.58
3.71
0.45
1.21
2.49
4.73
4.25
0.45
3.1
4.74
0.61
3.25
4.5
3.85
4.56
4.96
4.79
4.65
1.98
4.87
1.35
3.26
2.35
0.91
1.7
2.58
2.78
1.22
1.7
4.66
3.42
2.76
3.21
3.94
3.25
4.07
0.88
3.62
3.66
3.05
4.9
4.98
0.3
4.03
2.93
2.97
0.64
2.56
0.56
4.97
3.86
2.7
0.58
4.14
3.11
1.75
0.43
3.77
3.69
4.43
4.32
3.04
2.4
4.13
2.09
2.68
1.25
2.91
0.72
2.59
1.36
2.57
3.28
2.98
2.04
4.7
2.57
1.36
0.37
3.74
1.18
2.51
3.88
3.02
1.76
4.2
4.59
3.46
1.19
4.66
0.73
1.24
3.15
3.98
1.6
4.74
0.31
4.22
4.72
4.46
1.2
4.45
3.86
0.33
2.13
1.57
0.53
3.26
2.48
1.22
0.49
0.78
1.75
3.43
4.4
0.42
2.91
1.72
3.37
1.06
2.13
3.85
3.33
4.02
0.24
4.53
4.12
4.83
1.53
1.09
4.69
3.81
1.22
0.59
3.1
0.27
0.89
0.85
2.78
3.18
4.12
3.92
1.59
1.92
3.55
3.95
3.75
3.81
1.49
1.82
0.94
1.88
1.64
1.15
3.93
4.42
4.13
4.23
2.24
3.8
1.12
3.48
4.2
0.69
3.26
1.33
1.12
3.2
4.12
1.52
2.02
1.65
4.17
1.93
3.94
4.72
3.23
0.12
0.19
4.6
3.85
4.98
3.78
4.01
4.62
0.3
4.44
2.34
3.27
0.7
4.93
0.32
4.65
0.9
2.64
4.62
0.94
2.49
2.65
0.83
1.65
3.49
4.77
3.68
3.01
0.29
1.34
3.53
1.83
3.77
4.27
4.19
3.73
1.25
4.68
1.09
0.7
3.87
0.67
4.42
3.74
3.98
4.17
0.53
2.6
2.68
0.23
1.29
4.11
1.3
2.02
5
3.77
3.89
3.83
4.89
1.5
2.68
4.67
0.81
1.22
2.52
4.6
0.44
3.95
2.3
2.18
1.94
1.41
2.6
1.5
2.22
1.92
4.3
1.06
2.82
3.73
1.61
4.43
3.98
1.93
2.36
3.63
2.66
1.81
0.35
1.64
3.29
1.85
4.14
3.63
0.02
3.48
2.8
1.93
4.96
0.53
4.51
1.78
1.77
3.77
4.03
2.54
4.62
0.13
2.41
4.24
3.46
1.61
3.05
0.15
4.33
2.41
3.57
3.48
0.38
2.44
1.42
0.21
1.33
2.78
1.89
1.96
4.58
4.45
1.84
2.11
0.66
0.89
3.08
4.06
4.06
1.77
1.4
0.11
1.74
0.24
1.02
4.92
0.43
1.69
0.98
1.98
0.02
0.51
1.98
3.27
4.65
3.84
1.44
2.65
4.23
1.53
3.86
2.17
3.15
3.29
1.37
1.72
1.46
1.75
0.94
2.24
2.57
4.9
0.7
3.21
1.95
4.64
1.23
2.42
4.22
2.87
0.72
1.93
4.07
3.7
1.77
0.03
3.42
0.49
4.32
0.68
4.01
2.67
1.28
1.37
2.79
0.31
1.32
0.28
4.66
1.88
3.82
3.69
4.35
4.95
0.94
4.67
3.7
4.56
0.52
1.05
2.22
1.13
4.55
4.42
2.32
1.97
3.74
2.97
0.07
2.45
2.94
4.19
0.69
2.39
4.99
2.07
0.28
2.68
4.52
2.77
1.42
1.36
3.37
4.51
3.85
4.29
4.94
0.84
3.72
3.6
0.91
4.25
4.58
0.51
1.22
0.84
0.05
4.6
3.21
4.06
0.72
2.76
0.7
1.87
4.65
2.12
0.46
3.85
4.8
2.52
2.47
3.19
0.77
2.26
2.87
4.58
2.07
3.78
2.13
1.47
4.62
1.61
4.59
3.02
4.85
0.22
3.72
1.52
2.73
0.8
2.98
2.87
4.99
