0.33
4.19
0.61
4.34
2.11
0.2
0.68
4.5
0.07
1.36
0.45
2.56
3.1
4.94
1.91
0.23
0.75
1.48
1.82
4.35
4.56
4.83
0.84
0.06
0.32
3.65
2.09
3.87
3.8
2.55
1.02
2.14
3.36
0.11
0.83
1.31
4.4
0.05
2.21
0.84
2.25
1.98
4.79
2.47
4.59
3.43
3.62
1.64
0.02
3.42
2.6
3.72
3.99
3.8
0.53
4.86
3.28
1.94
4.48
1.39
2.15
1.52
4.91
1.53
2.95
4.78
0.88
4.13
1.84
1.25
2.18
2.97
4.19
1.28
4.81
3.41
4.05
0.18
1.04
1.24
1.79
2.25
2.94
3.08
1.5
1.35
3.59
1.35
2.17
1.87
0.4
1.44
4.72
1.72
2.64
3.53
2.45
1.65
0.48
3.54
1.23
1.54
3.89
3.26
0.41
0.68
0.2
4.18
4.31
3.41
2.62
4.8
3
3.83
3.88
3.95
2.07
1.75
3.9
4.42
1.88
1.22
2.12
1.45
0.25
3.6
2.42
2.84
1.87
3.5
3.02
1.44
1.18
4.2
3.57
2.76
1.4
0.4
3.06
3.88
0.35
4.02
0.23
0.97
0.93
0.28
2.13
1.99
1.23
4.17
3.28
1.47
3.33
1.24
0.94
0.91
1.13
1.5
3.11
1.81
1.57
2.11
0.37
3.56
1.11
3.63
2.28
2.82
1.87
1.81
4.68
0.44
4.71
2.08
0.11
3.28
0.84
1.97
1.13
2.4
0.19
3.72
3.45
2.85
1.22
4.2
2.59
4.74
1.35
4.71
1.49
2.03
0.58
3.33
2.23
0.58
1.27
0.04
4.1
2.31
0.67
2.26
1.21
1.16
4.53
4.35
3.14
3.91
2.25
2.8
3.13
0.88
2.58
1.25
4.6
4.19
1.02
0.54
2.61
1.82
4.7
0.93
3.93
0.51
3.41
1.3
3.1
4.67
0.68
2.2
2.82
1.58
1.59
0.93
3.15
3.57
3.24
4.29
3.09
2
2.57
1.65
4.47
0.87
0.77
2.18
0.27
0.42
2.07
3.45
1.2
1.67
4.68
3.77
1.65
2.9
3.9
3.93
2.13
0.51
1.79
1.41
2.03
2.53
1.03
4.35
4.93
4.98
0.63
1.81
4.25
0.79
1.87
0.86
3.84
0.78
3.77
4.14
3.72
1.28
1.11
3.34
0.58
0.74
0.73
4
1.4
1.7
3.89
1.51
3.5
4.1
1.45
3.79
3.83
3.22
4.9
3.04
3.16
3.21
0.59
3.86
2.51
1.71
4.79
3.53
2.47
2.81
3.75
0.22
4.05
2.18
3.84
4.3
4.37
4.43
4.59
1.23
1.48
1.51
0.57
2.83
2.32
4.85
4.28
0.2
2.35
0.69
3.11
4.34
0.14
2.72
3.96
1.22
0.36
1.64
2.64
0.17
3.48
2.5
1.5
2.94
2.01
1.98
0.5
3.05
2.67
2.8
2.32
0.68
2.77
3.74
3.23
4.65
1.87
4.86
0.99
0.61
4.3
0.95
4.59
1.67
2.08
0.31
3.83
1.52
3.59
3.98
2.61
2.74
0.21
2.88
3.45
1.79
0.17
0.11
1.02
3.45
4.4
2.19
4.86
0.62
4.64
2.94
2.06
1.43
3.38
0.21
0.19
0.46
0.42
4.56
2.22
3.5
3.83
4.35
4.08
3.37
1.42
4.87
2.58
4.62
1.57
3.7
2.61
0.43
1.22
2.5
0.95
0.87
3.01
1.22
4.19
2.68
2.18
4.17
2.36
0.37
0.15
3.93
3.23
4.69
0.11
3.18
2.54
0.3
1.22
4.7
5
4.37
3.31
1.55
1.17
2.8
3.2
3.57
4.46
4.21
3.05
0.65
4.41
2.56
0.36
3.78
1.93
4.79
0.57
4.62
3.74
3.32
3.13
4.71
0.32
2.3
3.56
2.86
3.5
2.9
3.77
0.39
3.03
4.01
2.29
1.17
0.86
1.15
4.99
3.17
4.7
0.74
1.59
4.02
2.07
2.81
2.79
3.1
1.41
3.03
1.26
2.1
4.52
2.27
4.06
3.53
2.16
0.09
2.61
0.85
4.8
4.62
2.02
2.7
1.09
3.97
0.98
0.59
4.75
0.62
2.4
2.12
4.48
3.76
0.98
0.95
0.86
3.21
2.82
0.74
4.83
1.29
0.53
0.84
4.75
1.89
4.44
3.93
4.9
0.97
1.85
2.22
3.34
1.01
2.15
3.67
4.49
3.32
3.14
1.33
3.18
2.05
0.48
2.37
4.1
5
3.46
2.28
2.04
3.96
3.21
2.98
0.35
3.11
0.25
3.82
1.61
3.67
0.4
0.56
0.13
3.45
2.01
2.82
0.98
2.13
3.86
0.43
2.71
1.01
1.68
1.01
1.4
1.41
1
1.97
0.11
0.01
4.89
2.78
1.46
1.42
4.82
0.49
0.07
0.85
3.68
4.55
2.91
4.08
1.58
3.01
1.73
0.97
4.47
4.97
4.56
2.24
5
2.86
1.48
4.75
0.13
0.95
4.07
3.78
2.04
2.89
2.2
3.14
0.45
3.57
2.12
1.52
1.31
2.05
0.37
0.12
2.16
1.43
4.63
3.58
3.99
0.42
1.63
1.82
2.61
1
4.97
3.92
4.75
3.84
4.65
0.69
0.24
3.12
0.53
3.45
4.47
3.41
0.9
4.43
0.86
0.79
2.29
4.17
1.87
1.85
3.58
2.07
1.46
1.36
1.99
3.4
2.77
4.17
1.09
0.14
0.09
0.35
4.75
2.14
1.12
3.86
2.76
4.04
1.99
4.4
0.03
1.65
1.97
3.11
3.43
2.99
0.35
1.39
4.45
4.81
2.29
0.76
2.39
4.09
1.91
3.4
4.84
2.92
0.35
4.65
2.86
0.72
4.75
1.28
0.34
3.86
4.11
4.13
4.34
2.91
0.82
1.43
4.71
2.87
4.07
0.2
1.68
0.77
2.04
4.18
1.94
0.82
1.47
3.64
1.56
2.89
1.74
2.59
0.52
0.58
0.6
1.91
1.23
0.37
1.25
4.23
4.32
4.27
0.12
1.24
4.47
1.04
0.13
4.86
0.82
2.58
3.89
0.94
2.4
1.5
1.09
0.36
2.58
4.01
4.76
4.44
0.79
0.85
0.64
4.77
1.48
1.1
1.63
3.8
3.75
2.62
1.73
1.03
0.76
0.38
4.43
2.92
2.56
2.37
2.77
2.31
1.81
4.59
4.92
4.14
2.04
4.74
2.35
0.72
4.77
1.11
2.63
4.93
2.8
4.96
0.3
4.64
3.34
0.01
4.21
2.29
0.69
3.55
4.77
4.6
0.61
0.11
4.36
2.24
3.1
0.63
1.11
4.61
4.14
0.35
1.72
4.87
3.33
4.69
3.7
0.03
4.43
3.29
2.95
0.96
1.49
3.41
1.05
0.64
2.89
0.58
1.43
4.12
2.59
3.9
3.06
0.1
3.67
3.17
4.58
3.18
0.84
1.92
4.56
0.05
1.51
0.33
0.49
3.46
4.05
4.27
0.29
0.6
2.63
4.21
3.66
2.51
1.5
4.36
3.42
4.48
2.39
2.91
1.7
4.64
3.02
3.24
2.05
1.23
2.03
2.67
3.52
2.62
0.61
1.84
3.38
0.93
3.8
4.04
1.09
3.25
2.9
2.85
1.55
4.04
3.37
2.4
3.21
2.47
1.93
1.7
3.81
0.83
0.01
3.33
4.18
2.09
4.26
3.09
2.63
2.78
1.5
4.94
4.2
3.78
4.8
2.39
2.72
1.85
3.25
3.46
3.93
3.82
2.63
0.79
2.92
1.44
0.96
2.81
0.94
2.01
3.7
4.65
0.42
2.15
4.85
1.63
2.09
3.75
4.54
2.17
3.64
1.46
2.03
1.78
4.51
3.8
3.07
1.25
3.86
4.58
0.02
3.13
3.18
0.48
4.51
3.8
5
1.19
3.96
3.63
0.91
4.15
4.08
4.69
1.94
4.34
3.4
2.81
0.87
3.79
4.83
1.34
1.67
3.28
3.35
4.94
4.64
3.01
2.05
4.15
1.5
1.9
1.62
1
2.76
4.54
2.9
2.97
3.87
4.75
4.14
1.93
4.36
1.29
1.4
0.98
0.17
3.79
4.05
2.15
2.2
2.78
2.46
3.43
0.85
0.72
0.83
2.35
3.78
0.4
0.09
3.79
1.93
0.88
3.37
3
0.72
4.2
4.61
0.07
0.27
0.68
0.78
2.92
4.83
0.73
0.48
2.57
1.15
4.08
4.25
3.48
3.55
2.22
2.33
4.44
1.45
1.36
4.94
1.18
3.13
4.05
3.43
3.17
2.07
3.08
0.19
2.77
2.1
4.87
4.13
0.4
2.61
2.78
2.48
2.12
0.83
3.23
0.19
3.21
2.78
0.79
2.78
1.62
3.05
4.14
1.39
0.28
4.67
0.66
3.62
1.38
4.43
0.24
1.9
1.37
4.46
2.09
3.93
2.73
3.13
0.45
1.63
4.53
4.65
0.35
4.88
0.74
4.14
4.31
4.87
4.95
4.93
2.37
4.15
0.42
3.97
1.77
0.1
0.35
1.74
3.48
2.51
0.34
4.44
1.36
1.31
4.76
0.87
4.32
1.71
0.91
3.44
0.17
4.85
1.15
3.52
1.02
0.99
0.25
0.64
1.43
3.35
2.29
3.22
0.83
4.83
1.82
2.87
2.86
2.85
0.47
0.61
3.54
3.13
0.18
1.36
2.32
1.44
0.96
4.88
4.02
2.56
4.12
2.93
4.54
4.36
4.02
4.45
1.37
2.62
4.53
2.24
0.5
0.93
0.14
0.12
3.43
4.24
2.1
1.03
3.72
1.22
0.84
2.97
3.5
0.88
2.63
0.45
1.17
3.52
4.68
2.38
3.27
4.24
4.77
1.38
3.16
2.18
0.57
3.21
0.99
2.94
0.88
3.75
3.61
4.16
3.08
0.55
2.16
2.09
2.55
2.33
3.2
3.42
2.04
4.25
3.37
0.85
3.94
0.04
4.53
4.26
3.79
1.65
3
2.71
2.5
0.03
2.18
3.7
1.86
3.17
0.03
4.58
3.09
3.02
0.39
3.09
0.92
0.02
3.22
4.97
3.21
4.35
3.59
3.68
1.76
1.87
2.84
4.33
2.71
0.3
3.98
1.83
2.38
2.5
1.12
2.19
3.74
4.26
1.63
1.94
4.15
3.26
2.16
4.96
3.67
4.58
0.48
3.47
3.35
2.31
2.33
4.5
3.81
1.49
0.11
3.34
3.73
3.64
3
2.88
4.41
1.8
0.66
3.73
3.31
1.21
4.41
2.87
0.78
0.82
2.91
1.23
4.09
3.33
0.98
4.01
2.84
3.41
2.77
4.57
0.38
1.39
4.76
4.68
0.02
4.06
2.11
3.68
3.06
3.27
2.23
2.03
3.83
0.63
2.98
4.11
0.85
0.19
1.99
3.69
2.96
2.59
1.02
1.89
1.25
1.15
0.64
1.49
0.54
0.64
1.73
1.02
3.61
3.86
1.39
1.1
3.21
4.88
4.56
3.2
3.81
1.93
3.07
1.21
1.92
2.49
2.54
0.74
4.89
3.63
3.87
0.68
4.22
3.74
4.4
3.85
2.72
3.07
1.84
1.77
0.21
2.84
2.07
1.43
1.29
0.95
4.11
0.12
2.35
4.79
1.07
4.83
2.43
3.03
2
4.67
3.34
1.58
1.48
1.56
0.17
1.43
0.35
0.28
0.54
2.09
2.37
3.9
2.64
2.76
4.05
2.85
0.67
1.58
4.95
4.75
1.58
0.66
0.75
0.28
3.49
4.62
3.32
1.64
1.7
1.79
2.28
0.18
2.99
2.26
0.15
1.54
3.97
4.05
0.41
3.8
4.67
3.01
4.35
2.24
3.89
0.1
2.93
3.03
1.16
3.74
3.7
1.44
4.27
1.85
4.79
3.55
3.59
1.66
4.8
3.62
1.43
1.96
2.74
3.48
1.05
2.65
0.61
1.25
4.21
3.25
2.65
1.97
3.84
4.99
1.94
3.47
4.8
2.77
3.64
4.34
0.3
1.76
4.61
3
3.59
1.58
4
2.76
0.42
3.66
1.07
3.83
3.81
2.14
1.9
1.7
4.27
3.99
2.5
1.7
0.13
3.62
2.52
3.96
3.92
3.63
3.42
4.28
2.62
4.64
2.85
4.25
0.65
0.36
0.65
1.95
2.84
4.08
0.47
2.64
4.9
3.15
0.96
3.2
2.42
2.9
3.84
1.2
4.77
2.16
1.93
1.72
0.43
3.55
1.55
2.52
3.63
4.56
4.06
0.07
4.7
3.22
1.61
4.63
2.37
3.99
2.38
1.01
3.31
4.89
0.9
3.26
2.77
2.21
3.67
0.67
1.33
0.93
1.27
4.68
3.62
1.15
4.96
1.59
3.06
1.7
4.34
4.03
2.66
4.36
4.18
4.27
2.01
4.93
2.47
1.37
1.36
0.18
4.4
1.38
0.78
1.53
4.14
1.84
0.83
0.87
4.64
3.27
3.45
2.58
1.16
4.46
0.87
3.94
3.67
3.35
0.63
0.66
1.07
4.52
0.61
4.26
3.72
4.25
2.5
2.06
0.86
1.22
3.74
0.72
3.61
4.9
0.95
4.94
4.29
3.33
1.6
3.06
4.03
1.65
4.46
1.19
4.92
0.23
1.91
0.47
3.28
0.44
0.14
1.76
3.57
3.91
3.9
0.69
1.36
4.26
2.22
1.04
1.9
4.93
1.34
4.28
0.35
2.44
3.16
4.78
4.4
3.45
1.6
4.94
0.96
2.12
3.11
0.95
2.26
4.38
1.74
3.64
2.15
1.87
2.08
1.32
0.04
0.96
4.29
3.9
3.88
4.91
4.11
1.31
2.79
1.81
3.9
3.23
0.63
3.02
1.97
4.67
3.25
3.72
2.07
1.86
0.32
4
1.96
4.09
0.35
4.68
4.8
4.51
0.32
0.44
1.91
4.45
2.18
3.75
0.33
1.19
1.94
1.21
4.21
0.25
1.14
2.26
0.62
0.91
0.25
2.46
3.34
2.64
1.92
0.44
1.5
1.01
3.81
1.59
1.58
4.63
1.27
2.74
1.49
1.16
0.49
1.58
0.12
3.92
3.2
0.26
2.88
3.21
3.76
0.3
0.73
4.35
3.5
0.66
0.98
0.19
2.48
4.41
0.87
1.81
1.42
4.47
3.71
2.14
1.38
0.9
1.83
0.83
0.1
3.2
3.55
0.25
4.98
4.32
3.96
2.67
4.46
0.79
1.85
0.35
4.45
3.86
3.69
0.71
2.31
3.81
3.28
0.48
4.85
2.31
0.18
4.23
1.31
1.25
0.09
0.67
0.96
2.89
1.58
0.84
0.11
4.24
4.09
0.22
2.59
1.57
1.78
2.46
2.69
4.33
2.99
1.95
4.41
1.38
4.35
0.56
0.87
2.08
0.76
4.26
3.66
2.03
3.11
4.41
0.67
0.4
1.74
3.03
0.67
1.1
4.06
2.05
4.86
3.76
3.82
2.89
4.11
2.15
0.44
3.33
3.4
3.3
3.94
3.45
3.33
3.76
2.17
4.3
2.12
1.22
4.91
2.56
3.32
2.4
4.64
0.52
4.39
3.02
2.89
2.93
2.17
4.27
2.31
0.63
2.41
3.15
0.93
0.84
3.97
3.97
3.5
3.73
1.92
4.65
4.61
4.54
2.3
4.07
1.51
4.56
3.04
4.65
0.06
0.59
3.09
1.92
4.83
0.64
2.63
0.56
2.19
2.7
3.04
0.37
0.12
2.3
0.79
0.59
3.58
4.04
0.61
2.91
2.23
2.98
2.42
0.26
2.37
0.42
2.63
0.41
4.25
0.56
4.99
4.36
4.8
4.13
3.01
1.26
4.94
2.72
3.56
4
0.8
3.22
2.55
1.34
1.08
0.27
3.41
1.45
3.59
2.1
4.86
3.04
1.9
3.92
2.01
1.4
4.96
4.74
1.88
3.74
1.91
1.03
0.42
2.88
2.19
3.21
0.82
4.35
2.7
2.99
4.88
1.07
1.88
1.81
2.92
2.5
3.32
2.28
0.86
1.92
4.69
2.37
4.48
2.91
4.14
0.44
4.57
1.77
4.55
3.54
1.89
4.75
0.84
0.71
2.19
4.9
4.23
1.06
4.29
4.52
4.99
4.74
2.74
2.2
2.92
0.4
2.81
2.72
0.83
1.99
3.57
2.99
0.59
1.7
0.53
3.07
0.4
1.35
4.34
0.55
3.86
0.83
1.75
4.45
3.53
4.99
4.7
1.36
2.8
3.06
3.6
0.52
2.82
4.02
3.54
0.7
2.89
4.28
1.18
1.95
4.69
2.04
2.46
2.6
3.36
1.98
2.32
2.8
2.1
0.09
2.65
4.7
2.33
2.31
2.87
1.43
2.1
3.35
1.84
1.74
3.08
4.89
1.78
4.99
4.55
0.88
3.73
0.76
0.76
2.86
1.01
4.41
4.18
4.93
4.52
0.58
4.69
1.04
0.23
4.41
2.85
0.31
2.7
1.78
3.69
0.45
3.35
3.42
3.73
2.03
4.91
4.69
1.02
2.99
0.39
4.49
0.88
0.03
1.39
1.21
1.56
4.92
1.49
0.8
4.06
0.84
0.07
4.34
3.32
3.37
2.81
0.06
0.26
4.71
2.76
4.58
4.08
4.36
3.44
1.93
3.55
1.66
2.74
0.06
4.94
3.64
3.72
0.2
1.79
1.51
3.85
1.33
0.23
3.8
4.31
3.8
0.45
2.39
4.36
3.02
3.15
2.61
4.58
4.71
0.36
4.21
2.9
2.29
2.94
1.47
1.29
4.24
0.73
3.39
2.83
0.61
1.25
2.79
0.24
3.24
4.68
4.88
3.49
0.11
0.13
1.69
0.57
1.07
1.04
3.15
1.94
1.68
1.13
3.13
3.27
2.14
3.32
2.55
0.42
0.28
3.6
3.91
0.65
2.57
4.48
4.39
1.17
4.03
1.35
2.38
3.96
1.59
2.45
1.74
0.66
4.98
1.3
1.03
3.64
2.97
0.8
2.78
2.04
2.07
3.78
3.93
1.7
2.93
2.15
4.81
2.53
0.04
4.15
1
3.13
2.97
3.37
4.66
2.92
0.45
3.18
4.34
4.78
0.09
0.99
3.26
2.98
0.67
1.09
2.59
2.08
4.19
2.52
3.55
3.45
0.07
3.09
4.93
1.91
4.35
2.38
2.24
3.1
3.18
2.92
4.94
1.04
0.76
4.66
2.9
0.72
3.8
4.04
2.84
4.81
2.17
4.83
2.68
3.16
2.25
0.89
3.85
3.67
0.68
1.15
4.53
4.5
3.03
1.56
2.63
2.71
4.42
3.37
0.89
0.85
0.21
0.75
0.76
0.18
1.57
1.39
3.53
3.13
3.23
4.28
3.77
4.32
2.99
0.83
4.43
4.6
3.83
0.52
2.69
1.69
2.33
4.55
1.94
3.22
3.72
3.62
0.46
4.11
1.22
0.74
1.22
1.66
2.18
0.16
2.69
1.07
4.04
2.42
3.94
2.07
2.12
0.59
2.77
3.25
3.02
0.07
4.15
3.78
3.48
4.2
0.64
0.47
4.87
4.84
4.63
3.2
2.32
3.54
3.24
0.61
3.56
4.49
2.54
2.78
3.44
2.63
1.7
4.24
2.94
4.15
1.75
0.18
1.71
2.46
2.86
3.97
4.24
4.96
1.66
2.28
0.25
0.45
1.47
3.89
3.72
1.29
2.42
2.66
1.48
3.07
4.73
4.48
1.48
4.45
3.8
1.62
2.42
0.29
4.06
3.21
0.5
1.91
1.96
2.11
0.73
2.76
1.83
3.71
2.17
0.35
1.47
4.42
4.41
3.01
0.26
0.81
3.42
3.82
2.34
1.9
3.38
3.75
3.43
1.37
3.65
1.21
2.31
2.57
4.06
2.63
4.06
2.84
2.82
1.23
1.92
2.33
3.44
0.32
2.11
2.4
0.04
2.29
2.24
0.24
0.28
0.31
4.98
1.49
4.54
1.99
0.89
2.01
2.17
0.36
2.16
0.62
0.33
1.89
1.48
2.99
3.56
4.63
3.36
1.79
2.07
4.55
4.79
1.83
0.85
0.49
4.77
4.19
1.24
1.22
2.44
4.91
1.62
0.46
1.95
0.35
0.88
0.33
2.91
4.66
1.29
0.13
3.08
3.69
2.6
2.52
0.49
2.24
2.9
1.56
1.56
0.52
0.48
2.05
0.12
3.12
3.28
3.43
1.4
0.48
1.91
2.33
0.46
4.23
1.19
0.74
1.73
2.23
2.88
3.04
4.23
1.66
1.16
2.75
3.85
1.14
0.91
4.78
4.09
1.58
1.26
1.86
3.04
0.74
0.72
4.13
3.34
3.45
1.32
2.12
0.88
2.15
1.43
3.55
2.43
1.89
3.85
2.72
3.95
4.88
0.7
2.47
3.87
2
3.75
2.77
4.44
1.2
1.37
0.61
2.61
1.34
3.43
1.33
4.88
1.42
3.15
3.75
2.43
0.24
3.28
3.91
2.59
3.89
0.95
4.28
1.32
4.05
2.18
4.49
4.79
0.61
1.84
0.1
3.31
2.16
0.99
2.47
1.59
4.46
2.8
5
2.37
2.18
2.51
2.59
2.12
0.39
0.15
3.28
0.32
2.29
3.69
0.46
2.19
2.28
1.3
1.88
4.42
2.23
1.73
3.49
3.05
1.54
2.84
3.59
2.58
1.79
4.27
3.07
4.87
2.95
0.38
3.91
2.48
1.27
4.61
2.95
3.17
0.35
2.68
2.1
3.16
3.31
2.64
4.88
1.72
4.26
2.42
3.01
2.96
3.97
1.3
1.39
4.8
1.47
