3.16
3.8
0.94
4.06
2.99
0.38
0.08
3.24
1.55
2.39
4.95
0.13
2.64
2.8
3.96
0.48
2.39
2.39
4.17
4.15
3.57
1.9
3.93
1.36
2.83
0.28
3.55
0.57
3.37
4.08
4.75
0.57
3.46
1.17
4.54
0.72
3.22
4.15
4.19
2.17
4.09
1.09
4.95
0.7
2.12
4.5
3.58
0.64
2.64
4.06
1.26
0.63
0.92
2.13
4
2.63
3.84
1.07
3.09
0.26
3.93
3.65
1.78
4.22
4.08
1.29
0.34
0.4
1.63
0.38
1.92
2.7
0.82
3.03
0.48
3.48
2.55
0.44
2.97
1.23
4.51
2.11
0.66
4.3
0.22
2.8
4.88
3.44
2.6
4.15
4.21
3.12
2.19
2.55
4.44
4.53
3.4
4.84
3.67
0.6
3.24
2.06
1.17
1.72
2.55
0.2
3.86
3.97
3.08
0.94
1.89
2.6
0.11
0.06
3.97
4.5
1.04
1.11
0.14
1.13
2.66
3.52
2.72
1.19
2.98
0.23
2.91
4.55
3.6
0.37
1.94
2.08
0.83
3.62
2.28
3.2
1.82
4.59
3.18
1.04
0.96
1.77
4.99
1.33
4.86
3.6
3.56
0.49
0.07
2.67
2.11
1.09
3.1
0.98
3.61
2.54
2.72
2.6
0.56
4.46
4.56
4.23
1.19
2.27
3.26
1.27
2.9
2.29
4.32
4.15
3.9
2.22
1.43
3.76
1.55
0.23
0.17
1.45
1.68
1.55
1.99
1.64
0.21
4.53
1.14
4
0.37
3.94
4.36
0.5
4.88
4.57
4.37
1.81
0.46
2.53
4.48
4.02
4.91
3.34
4.77
3.35
1.63
4.91
0.35
3.94
1.94
3.8
1.35
1.61
2.4
1.77
4.95
1.48
1.68
4.69
0.68
2.33
2.24
1.76
1.97
0.6
4
2.12
4.2
0.02
1.32
4.96
4.87
2.08
3.94
0.95
1.04
0.81
1.67
3.44
1.38
3.84
4.67
0.88
0.65
4.54
1.33
2.1
1.76
4.9
1.01
3.19
1.6
2.71
3.59
4.51
4.93
4.74
1.98
4.17
4.69
3.45
4.15
3.62
2.68
0.72
0.78
2.31
3.13
0.39
2.06
1.03
0.19
2.58
0.09
3.4
3.26
1.47
2.19
4.71
1
0.87
1.87
0.42
3.39
3.17
1.04
2.07
1.82
1.21
1.36
3.98
0.55
0.23
2.85
1.97
2.48
1.27
4.14
0.08
4.32
2.97
3.46
3.82
2.19
0.36
2.08
0.7
2.4
1.82
3.2
3.26
2.17
4.43
0.24
0.75
3.89
3.29
3.18
0.73
3.14
2.1
0.61
2.77
2.81
3.58
4.4
3.48
0.66
0.43
2.17
3.56
2.27
4.27
2.89
4.79
0.38
0.39
0.8
0.79
2.32
3.95
3.06
2.98
3.1
2.54
2.79
1.43
1.07
2.19
3.42
1.22
3.63
2.37
3.23
4.47
3.41
0.36
2.05
4.85
2.36
1.04
0.6
0.97
3.51
2.21
4.83
4
0.33
1.68
4.21
2.68
2.44
1.81
2.86
1.5
3.13
3.14
4.43
3.74
4.87
1.75
0.78
3.5
3.72
1.73
2.66
0.87
0.08
0.16
1.14
4.66
3.41
3.19
2.56
4.37
2.87
4.99
0.38
2.93
0.31
3.86
1.7
1.24
0.11
1.7
3.61
2.16
1.29
0.67
0.46
4.91
4.46
4.83
4.04
3.16
3.54
1.57
2.98
4.55
1.98
4.5
1.34
1.93
3.55
0.52
4.94
0.36
0.11
4.48
2.82
3.07
1.33
2.7
3.87
4.25
2.34
2.86
2.63
3.62
2.35
4.44
4.57
2.68
1.76
0.08
4.7
0.81
4.61
0.39
3.45
2.34
1.3
1.35
4.74
1.59
1.12
1
3.19
3.15
0.95
3.98
2.77
4.59
1.04
2.45
2.21
4.66
3.49
1.85
4.88
0.65
1.72
0.01
4.56
3.49
0.34
4.46
3.03
0.87
2.48
4.92
3.94
2.07
1.49
3.07
3.51
4.25
3.74
2.61
1.43
3.09
3.52
1.17
2.36
4.2
4.08
4.98
1.32
0.93
0.8
4.83
1.33
2.17
1.31
1.04
1.22
1.98
0.49
2.5
3.56
0.98
1.73
1.76
4.55
0.25
1.16
3.04
2.65
3.62
0.24
3.21
2.77
2.35
0.74
2.79
2.92
1.63
3.05
2.2
1.52
4.26
1.05
2.09
3.01
1.97
4.62
1.86
4.62
0.79
0.09
1.29
3.56
2.69
0.2
2.47
4.75
0.99
4.46
4.74
0.09
2.91
1.07
2.15
1.58
2.82
3.98
0.45
1.13
0.63
2.26
2.66
4.34
1.48
4.95
2.66
1.56
4.48
4.32
2.56
3.44
0.51
4.83
0.15
1.53
1.41
0.42
0.35
2.23
4.57
3.87
0.58
1.53
3.11
0.37
3.91
3.28
3.1
3.37
3.97
2.12
1.08
3.71
3.92
1.59
2.96
3.69
0.33
3.68
1.84
1.36
1.98
1
2.14
2.42
1.78
0.68
4.49
4.15
4.33
3.67
4.83
4.69
4.34
0.63
1.13
1.2
2.69
3.55
4.16
4.55
3.52
2.17
0.88
1.61
1.5
1.21
4.87
2.15
4.93
3.03
4.9
0.22
3.07
4.83
1.98
0.81
2.88
1.14
2.38
4.39
0.19
1.94
2.03
3.12
0.56
2.98
3.31
1.4
4.07
2.15
0.4
2.94
1.5
0.98
2.98
2.64
2.91
0.93
1.46
4.61
0.09
4.68
4.16
0.84
2.57
0.43
0.03
0.14
1.7
3.1
3.98
4.87
4.95
1.69
4.93
3.21
2.13
3.76
2.23
2.22
1.91
3.91
2.45
1.79
1.51
0.3
3.93
2.64
2.59
4.6
1.49
2.46
2.12
3.17
1.77
1.1
1.6
2.76
4.12
3.18
0.15
1.52
1.85
3.35
2.01
4.44
1.84
4.9
4.81
2.48
4.26
3.89
4.36
1.74
4.18
1.19
1.42
4.3
2.88
2.5
2.76
0.13
2.1
0.04
4.74
2.44
0.16
2.41
3.62
0.51
0.9
3.46
0.79
3.7
1.74
2.52
1.05
0.54
2.89
1.33
2.74
4.72
0.92
2.9
1.75
3.03
3.91
0.18
4.98
4.46
2.99
3.16
2.77
3.04
4.69
2.66
4.67
0.54
0.86
0.44
4.72
1.84
1.94
4.29
3.86
2.37
3.95
0.99
3.39
4.93
2.89
1.37
1.96
4.7
0.14
3.68
1.03
3.55
3.1
0.8
4.12
2.99
4.95
2.62
1.99
0.41
4.61
4.48
4.06
2.71
0.93
0.3
1.59
1.74
3.33
3.25
2.28
3.58
4.68
4
3
3.04
0.62
0.22
2.61
1.49
1.77
3.02
0.72
1.15
1.28
4.28
3.85
1.36
2.22
2.62
0.23
3.73
2.72
3.03
2.06
0.48
3.63
0.64
1.25
1.09
3.19
2.57
0.57
2.68
1.4
3.57
4.88
3.79
0.77
4.04
2.13
4.85
3.12
2.92
1.65
4.67
1.66
0.33
3.16
3.09
2.51
0.02
0.88
4.8
1.06
0.94
4.33
0.85
1.66
3.46
0.37
3.84
0.13
1.96
4.36
3.99
4.68
0.99
1.28
0.39
2.48
3.09
3.61
5
0.14
4.17
1.66
2.61
3.34
0.12
4.57
1.28
3.49
2.05
4.95
0.9
0.83
2.51
1.39
1.4
0.42
2
3.02
2.48
4.48
1.54
3.63
4.37
0.38
4.77
2.15
3.85
0.26
3.26
3.31
4.59
3.87
0.88
0.72
1.7
3.22
2.77
0.91
3.06
2.64
4.89
4.04
0.47
2.54
3.93
4.81
3.78
2.97
2.25
0.04
4.83
1.92
4.52
2.93
2.59
0.39
3.65
3.75
2.87
1.66
3.34
1.95
0.43
4.51
2.42
2.98
3.22
3.88
2.28
2.3
4.64
4.97
4.78
3.42
3.16
1.27
0.58
0.06
2.85
1.56
2.87
2.8
3.34
1.81
2.78
4.03
2.61
1.77
4.34
3.57
2.8
4.5
3.13
3.49
4.77
4.43
4.37
3.14
4.44
2.55
4.29
3.7
1.58
3.29
0.68
0.51
3.85
4.03
0.68
4.31
0.86
0.45
3
3.41
2.09
2.32
3.29
2.17
2.75
1.03
0.63
2.94
2.11
1.31
0.76
2.65
1.65
0.2
3.91
4
2.66
1.41
1.76
2.07
3.11
1.85
3.15
2.72
2.87
0.25
4.32
0.44
4.27
3.58
3.11
2.43
0.75
3.47
0.51
1.81
0.92
1.05
2.76
3.62
0.43
2.73
4.86
4.92
0.04
4.45
3.85
2.45
4.01
1.94
3.39
4.91
2.24
0.48
2.95
1.7
1.06
4.26
3.94
0.86
0.47
1.54
4.13
2.67
2.93
4.23
4.34
4.58
4.35
0.72
3.61
2.65
3.73
3.62
0.65
3.28
2.65
1.97
2
2.46
4.19
0.83
1.28
2.43
0.54
2.9
4.52
3.85
2.66
4.62
1.37
0.75
1.39
3.51
3.28
0.34
1.83
3.01
0.78
1.06
3.58
4.47
4.65
2.76
1.08
2.88
2.74
4.8
1.69
1.79
0.54
1.01
4.45
2.07
3.83
0.38
0.33
0.16
3.27
1.83
2.57
3.04
4.28
0.73
3.53
1.86
3.16
0.5
4.17
1.99
2.12
0.37
0.2
1.64
4.31
3.31
0.43
1.77
0.24
1.44
2.45
1
1.52
4.25
3.61
0.63
1.85
0.82
3.87
4.95
0.31
0.58
4.19
0.01
1.22
0.66
2.64
0.78
3.17
0.69
1.65
4.12
3.46
3.93
4.11
2.9
4.38
1.33
3.82
1.43
0.93
2.51
3.08
2.49
4.05
0.4
1.91
3.82
2.31
4.32
2.21
1.42
3.81
3.63
1.39
2.99
3.77
3.56
0.99
4.59
1.61
3.3
4.43
2.75
4.89
3.26
0.33
4.21
2.5
4.22
1.17
2.03
1.5
4.01
3.4
2.37
3.39
4.4
3.08
1.76
2.81
3.3
3.33
4.68
3.25
2.62
1.14
2.23
3.74
3.78
2.88
1.55
4.68
1.62
3.87
0.32
0.1
4.58
4.61
3.55
0.16
2.11
2.05
3.58
2.81
3.3
4.84
2.24
3.12
0.27
4.54
2.47
4.24
3.22
2.85
0.91
2.16
4.54
4.38
4.51
4.87
1.02
4.7
4.32
0.88
2.32
4.01
3
0.45
0.04
4.38
4.75
4.06
0.52
4.16
2.03
0.8
2
4.7
2.21
2.95
1.27
2.84
4.38
0.54
4.85
0.22
3.86
3.32
1.08
1.39
4.66
2.44
0.98
4.24
2.98
2.55
0.47
2.74
4.78
0.69
4.53
4.05
0.07
4.27
4.47
2.03
0.5
0.22
0.93
1.52
1.98
2.34
2.75
3.77
1.14
3.07
2.1
0.15
2.74
3.21
0.72
4.16
4.86
2.51
4.5
1.24
1.05
0.95
0.72
0.21
0.87
2.89
3.09
4.29
0.77
1.39
3.15
4.16
1.37
2.27
3.08
4.91
1.04
0.1
0.65
0.49
2.13
1.62
4.37
4.09
0.29
1.43
1.95
3.97
0.23
0.92
3.82
1.43
4.55
3.57
0.9
1.81
0.49
1.62
1.17
2.04
4.55
3.49
3.11
3.85
0.6
1.78
3.39
0.81
1.76
3.21
2.95
1.15
3.49
0.78
4.27
2.8
3.38
4.61
1.62
3.62
3.52
3.6
3.65
4.29
1.43
2.96
0.28
2.81
3.89
2.96
3.65
4.28
2.53
2.42
1.86
0.2
2.32
1.87
0.33
2.27
3.59
0.88
1.82
4.38
1.18
2.24
0.42
2.01
4.05
4.81
1.4
1.87
1.93
2.26
1.94
4.54
3.66
2.81
1.64
2.36
0.88
3.9
1.16
1.56
4.49
0.78
4.52
2.72
1.58
3.58
3.7
1.96
1.86
1.59
2.14
2.99
3.79
1.91
0.72
4.51
3.89
3.43
3.1
1.72
0.18
2.52
3.97
0.06
0.27
3.44
0.7
0.78
2.71
0.25
0.02
4.12
0.73
4.13
1.74
4.23
4.58
1.99
2.97
2.87
3.06
1.64
0.27
2.05
3.01
5
3.52
4.97
4.23
0.55
4.56
1.79
2.43
2.25
4.03
0.65
1.34
1.9
2.81
3.42
3.32
3.83
0.75
1.2
1.23
2.53
1.06
1.31
0.81
2.93
2.65
4.19
0.06
2.8
2.23
4.26
3.63
3.67
1.61
2.51
0.08
2.14
1.24
4.09
3.14
4.65
0.42
3.37
2.67
0.82
4.26
0.38
0.77
4.13
4.99
3.68
3.82
4.2
3.87
0.71
4.7
0.38
2.64
3.6
0.09
4.02
1.4
2.46
3.85
0.12
3.43
1.37
2.46
4.29
2.97
2.84
4.05
2.46
3.47
2.89
2.87
4.64
3.87
4.85
2.4
1.11
1.96
2
1.45
4
3.93
3.28
2.95
3.72
1.32
0.3
3.19
3.52
4.01
2.25
2.1
0.6
0.87
4.35
2.7
0.52
3.29
1.92
0.36
4.52
4.61
2.29
3
2.73
0.83
3.83
4.94
4.15
3.83
3.01
1.08
1.4
0.58
1.42
4.42
1.24
4.11
4.34
3.23
3.34
1.63
4
4.76
3.86
4.56
3.27
0.17
4.03
2.77
4.22
2.03
0.04
3.49
3.87
1.8
2.86
1.69
1.01
2.65
0.07
2.7
4.29
2.1
4.51
0.76
3.18
2.55
0.01
1.09
4.19
2.23
2.01
0.05
2.56
4.25
1.93
4.87
4.69
3.7
1.81
1.57
1.92
2.62
2.59
0.95
4.73
1.7
0.47
3.51
2.4
1.16
3.92
3.69
4.43
4.82
1.97
1.67
0.5
4.91
0.29
2.97
1.95
3.29
0.6
1.36
0.15
1.7
1.32
2.11
3.17
0.45
0.18
0.33
0.3
4.23
0.74
1.08
1.95
1.37
0.88
1
4.03
1.91
4.47
3.3
1.9
1.48
1.68
3.14
2.41
1.48
4.25
0.13
0.26
0.58
0.05
3.25
3.83
4.32
1.79
0.23
1.84
2.69
2.44
2.54
1.47
1.9
3.88
2.5
2.91
2.47
4.81
1.21
2.61
2.46
3.5
1.47
2.66
0.09
1.6
4.05
2.44
0.16
4.64
2.18
3.03
0.35
1.27
0.81
2.49
0.39
2.78
1.32
1.8
2.88
0.13
2.46
0.37
4.48
1.62
0.05
0.56
0.59
0.23
4.47
0.38
1.49
0.91
2.77
4.05
4.66
2.32
4.2
2.66
0.44
3.88
3.34
3.59
2.85
0.51
3.16
3.48
0.68
2.79
4.78
4.63
4.16
3.53
1.25
1.36
1.77
3.36
4.64
2.71
4.7
2.04
0.6
2.13
3.27
2.61
4.72
1.33
0.01
4.02
0.57
2.85
3.48
2.7
1.05
1.72
4.71
1.31
2.25
1.64
3.42
0.97
4.83
2.95
0.33
1.71
1.94
2.17
2.82
4
4.36
3.65
1.39
0.17
4.32
3.29
4.26
3.61
4.99
1.77
1.14
4.97
0.06
2.46
2.48
1.95
0.1
0.91
4.38
2.21
1.07
4.86
1.67
4.23
2.94
1.59
3.09
4.24
3.64
4.29
1.43
2.53
4.74
4
1.23
0.49
3.3
2.75
2.12
3.76
0.23
3.84
1.32
4.69
4.98
1.68
1.2
2.81
2.21
4.28
1.58
0.18
4.19
4.52
1.28
3.21
4.95
1.01
4.37
4.77
4.55
0.35
4.15
0.01
0.66
0.63
2.9
2.2
2.28
0.5
3.37
4.54
3.84
0.87
1.83
4.66
3.74
2.71
0.02
4.71
3.49
1.13
1.35
2.07
4.08
4.03
1.36
0.76
4.9
4.35
2.53
4.84
4.25
1.72
0.57
3.49
2.75
1.19
0.44
4.02
3.74
2.9
2.39
3.51
4.83
4.19
3.9
0.58
1.66
4.27
3.86
3.41
3.39
4.47
4.38
1.99
4.81
0.71
1.38
0.99
0.32
0.04
2.39
0.49
2.09
0.14
2.99
4.45
0.58
1.53
1.13
4.25
3.55
3.1
3.22
0.32
1.83
3.04
1
2.26
1.01
1.86
2.32
4.35
3.69
1.71
2.35
4.08
3.11
1
2.86
0.52
2.43
4.87
0.86
0.33
1.06
4.94
5
0.25
3.48
4.56
2
0.18
4.86
0.61
2.5
0.79
0.01
0.85
4.54
1.28
0.4
3.75
2.83
0.86
2.41
4.47
2.35
4.87
2.56
0.02
3.4
4.56
3.25
0.82
4.94
2.99
2.88
0.13
0.73
4.35
4.3
3.35
1.02
2.12
1.47
3.61
4.74
1.77
3.07
2.33
1.83
3.49
3.38
0.51
0.45
4.58
2.06
4.04
4.7
2.24
4.74
3.2
4.33
1.17
3.25
4.11
1.8
1.27
3.29
3.75
0.38
2.65
1.75
3.93
1.99
2.25
1.3
3.35
2.51
2.33
1.67
3.79
3.49
0.75
1.15
1.34
3.23
0.36
0.76
3.65
4.68
2.85
0.39
0.81
3.41
4.95
0.57
3.09
2.9
1.69
2.74
1.49
1.1
3.11
2.26
2.38
3.43
1.46
1.03
3.55
0.48
3.96
4.39
2.77
1.14
2.47
2.71
0.41
4.49
1.1
0.74
0.69
3.51
1.82
3.9
2.98
2.47
3.31
4.22
2.36
2.85
0.8
2.4
4.95
3.9
0.83
0.91
3.84
2.36
0.27
0.91
2.84
1.84
0.86
2.96
1.12
1.75
1.37
3.66
1.91
4.14
0.63
3.23
0.85
4.23
2.65
4.53
0.77
1.32
1
2.53
1.18
0.65
2.69
1.33
0.36
1.25
2.66
0.08
3.88
2.34
4.62
4.23
3.72
1.95
0.07
0.25
4.05
1.75
3.61
0.64
3.33
3.01
0.58
2.45
1.28
3.23
4.15
1.28
2.05
0.62
4.68
1.88
2.75
2.97
3.19
3.34
2.88
2.56
4.47
3.99
1.39
2.4
1.33
4.95
1.57
4.35
1.2
0.34
4.68
4.49
0.06
0.41
3.48
2.73
1.16
1.17
4.17
4.02
1.1
3.73
1.73
3.23
1
0.48
1.52
0.99
1.79
0.92
3.36
0.53
1
0.78
0.06
2.31
1.67
4.84
0.98
4.23
1.43
1.75
2.11
4.52
3.74
1.35
2.88
4.18
0.47
1.41
0.28
3.49
3.88
1.89
3.26
2.02
3.22
4.94
1.47
2.78
1.8
0.36
5
0.32
4.75
1.85
1.75
1.09
3.73
4.87
1.46
0.53
4.67
3.92
0.74
2.95
4
4.01
3.96
1.03
3.59
1.25
0.01
1.93
4.15
2.21
1.21
4.15
2.44
3.56
1.52
2.16
1.72
4.94
0.27
3.44
2.48
0.85
2.18
2.79
2.02
1.02
3.96
0.69
2.63
2.38
4.11
2.89
2.56
2.28
3.72
2.43
2.12
0.39
1.69
1.37
0.93
3.42
1.64
3.57
0.51
3.55
4.01
3.19
1.86
2.88
3.05
1.72
1.27
0.35
2.32
1.74
4.65
4.94
3.11
0.67
4.64
2.17
2.42
2.8
2.21
1.84
0.2
3.48
0.45
3.76
3.91
3.72
1.16
3.66
1.84
3.28
1.88
2.93
2.72
2.35
2.27
0.01
4.45
3.5
1.74
4.04
0.81
1.95
3.68
4.51
1
1.83
2.56
0.4
4.11
3.15
2.17
2.7
4.77
3.56
2.44
4.07
0.72
2.71
2.87
0.47
2.4
2.56
0.45
3.85
2.09
4.88
0.17
1.33
1.64
0.81
2.4
1.5
2.8
2.42
1.53
1.13
3.1
3.32
1.26
2.35
1.14
3.66
3.52
4.8
1.75
1.91
3.35
1.43
1.44
0.64
3.78
2.62
1.26
0.08
1.05
4.4
2.24
0.73
4.61
3.7
4.66
1.77
0.75
1.18
1.72
0.33
0.7
3.74
4.38
4.02
3.84
2.37
0.23
1.8
4.75
3.2
1.92
2.85
3.92
3.85
3.55
4.73
2.57
2.59
1.06
4.64
2.44
2.08
4.44
2.01
1.93
4.78
0.45
3.23
0.23
1.77
3.34
3.34
0.83
1.39
3.37
1.8
2.23
2.35
3.51
4.36
4.69
3.6
4.26
4.98
2.14
3.1
2.68
1.18
2.87
3.91
3.18
2.14
4.67
0.92
2.7
0.88
4.39
1.48
2.08
2.07
2.87
0.17
3.72
0.02
3.36
0.37
2.66
4.08
2.14
1.22
1.91
4.19
3.17
0.64
3.9
0.75
4.25
3.48
2.48
3.56
1.07
1.76
2.74
0.37
1.59
3.88
4.95
3.27
2.18
3.59
3.57
4.11
3
1.58
2.8
3.05
0.67
4.88
4.16
3.54
1.12
3.95
0.38
1.42
3.82
0.76
3.56
1.09
4.22
3.08
3.12
4.34
1.19
4.47
1.34
4.99
2.87
2.91
2.08
4.34
3.3
3.04
1.5
1.26
2.74
3.23
3.88
3.17
3.22
3.48
3.94
0.39
2.75
3.4
1.51
0.58
2.4
0.62
0.97
4.05
1.55
1.06
4.92
1.47
