0.75
4.57
2.25
3.35
0.15
1.68
0.3
2.12
4.84
1.6
4.09
2.11
0.7
4.13
1.29
1.45
3.94
2.96
2.54
3.75
3.4
3.17
4.43
4.88
0.1
1.42
3.46
2.82
1.9
1.23
1.56
2.52
3.99
2.12
0.04
2.52
3.11
2.24
3.59
0.15
2.76
1.01
0.23
1.2
1.61
4.87
2.06
1.55
0.18
1.48
1.56
1.9
4.72
1.6
2.85
2.68
4.53
0.44
0.44
1.27
2.82
2.48
4.72
1.78
0.63
4.21
4.13
1.04
4.54
4.85
0.96
2.74
2.65
1.06
2.22
2.47
2.5
2.18
0.92
0.04
2.52
3.31
2.23
4.07
0.38
0.82
1.76
3.19
1.04
0.67
2.19
2.12
0.84
0.99
3.97
3.5
3.22
4.9
3.83
3.53
1.53
1.55
0.2
3.55
4.49
1.78
1.08
1.61
0.21
4.57
1.13
4.21
3.57
1.59
3.98
4.89
3.78
4.78
1.17
0.87
2.15
2.15
3.84
4.54
3.12
0.13
2.79
0.5
0.96
2.7
4.43
1.96
4.32
3.71
3.69
2.09
0.96
2.72
0.64
2.09
2.14
3.21
4.2
4.96
2.71
2.44
0.53
0.04
0.64
3.97
2.05
2.35
4.2
4.91
3.53
3.43
3.25
1.76
4.22
0.21
1.89
4.61
1.27
1.81
2.43
3.72
2.4
1.01
1.69
2.62
1.84
4.4
4.35
1.94
1.68
3.82
3.86
1.43
3.96
0.85
2.96
4.08
4.42
3.1
3.46
4.4
0.94
1.95
2.91
2.1
2.81
2.61
0.53
2.48
1.75
4.33
3.73
2.25
3.5
1.77
3.74
1.98
4.62
2.23
0.02
2.3
2.98
0.59
2.94
3.95
4.8
2.89
3.93
3.07
2.27
2.5
1.19
2.39
4.3
3.94
0.74
3.69
4.18
3.17
2.1
4.67
0.5
4.4
2.47
3.63
0.12
2.62
1.04
0.64
2.38
2.32
4.81
3.38
4.71
2.98
0.23
2.2
0.5
1.97
0.13
3.27
0.49
3.62
4.77
1.8
2.21
3.23
0.78
3.5
1.85
0.21
4.57
4.2
3.03
1.77
1.53
1.45
2.88
0.87
4.21
3.88
2.01
2.84
2.09
0.88
1.43
1.94
1.43
3.09
2.66
3.7
3.41
2.91
1.44
3.92
4.56
4.67
1.15
4.69
1.36
4.96
4.69
0.21
1.02
2.64
0.22
1.66
3.26
2.51
4.28
4.05
4.6
1.45
4.25
0.43
0.76
1.96
2.39
2.7
4.21
4.97
0.51
0.56
1.2
1.31
0.11
4.38
1.07
3.78
4.05
2.68
3.37
1.99
2.27
0.08
4.19
0.06
0.18
1.88
3.27
4.92
2.88
0.98
1.9
2.29
0.42
3.57
2.63
1.32
1.45
2.6
1.01
2.16
2.98
2.05
1.48
1.82
0.88
1.54
3.86
3.53
1.67
4.67
1.13
2.18
4.99
4.26
2.89
2.86
3.52
2.6
4.93
2.94
2.04
1.93
4.32
0.82
0.52
2.63
4.26
4.9
4.29
4.75
1.73
1.56
1.47
2.92
2.31
0.54
0.74
4.69
3.83
1.41
0.5
1.6
3.66
3.84
3.33
0.56
1.63
1.39
1.81
2.66
1.21
4.47
0.15
4.18
0.4
3.52
1.45
4.55
1.12
1.91
4.17
0.26
0.84
4.13
0.47
1.1
0.95
4.84
1.56
3.53
1.68
0.96
0.06
4.16
1.75
4.19
0.68
0.27
4.96
4.69
3.47
3.6
1.49
2.63
2.13
4.44
1.7
2.83
1.67
1.66
4.73
3.07
0.97
2.56
2.95
3.29
1.31
4.14
4.6
4.9
0.63
3.77
0.94
4.16
0.99
4.37
2.86
3.14
1.52
2.48
1.91
4.15
1
4.14
1.09
2.43
1.24
2.73
3.43
1.16
0.56
2.21
3.98
3.99
0.76
4.68
3.46
1.6
2.24
1.55
4.44
4.14
3.31
3.02
0.65
1.92
0.97
3.54
1.89
3.74
3.42
0.44
2.71
3.14
0.29
2.4
0.34
3.77
0.88
0.8
0.19
3.97
1.54
0.08
1.42
1.7
4.18
3.52
0.35
3.46
2.08
4.13
3.12
4.38
1.46
4.56
4.23
1.71
3.56
0.16
3.64
4.44
2.97
2.32
1.97
2.82
0.86
0.74
3.34
4.9
3.61
2.09
1.5
1.73
1.54
0.97
1.69
3.03
4.65
2.85
2.37
1.47
2.73
3.92
2.31
4.01
4.4
3.76
0.88
1.71
4.95
2.17
4.6
4.97
4.57
3.22
1.54
2.82
4.79
3.86
0.9
3.64
0.34
1.58
2.71
4.45
4.8
0.22
4.32
0.69
2.24
1.36
0.1
1.55
3.34
3.39
2
0.89
2.94
3.91
2.43
1.71
4.11
3.33
0.88
3.79
1.99
1.27
0.75
1.51
1.99
3.27
4.92
0.02
0.09
4.17
4.04
0.67
4.57
3.5
4.78
0.45
0.43
1.06
0.51
3.27
4.97
0.98
3.45
4.29
0.93
3.11
2.79
3.72
1.47
0.58
3.55
2.22
0.22
2.31
3.48
3.69
3.92
3.8
0.08
1.88
5
4.45
2.13
3.83
3.01
3.14
3.5
2.06
0.95
2.08
2.85
0.14
1.73
1.04
1.11
4.86
0.81
3.76
2.8
1.64
2.54
0.23
4.89
0.22
2.15
1.31
0.16
1.86
0.78
4.18
4.67
2.69
2.21
2.56
4.48
4.61
0.41
3.47
4.22
1.86
1.07
0.29
1.29
0.3
0.61
3.36
0.68
3.01
2.39
2.81
0.61
2.21
0.03
4.02
4.55
4.79
3.45
4.65
0.1
0.01
2.72
3.32
2.26
4.21
0.34
3
1.95
4.15
0.87
2.83
1.47
4.79
0.24
3.98
3.73
4.08
4.78
0.78
1
3.33
1.94
0.94
4.5
0.53
0.82
0.49
1.58
2.8
3.31
4.92
2.02
3.42
1.59
3.36
1.84
3.97
0.72
1.65
0.35
3.66
2.25
2.5
0.77
4.88
1.97
1.33
0.15
0.06
1.82
4.87
1.57
3.14
3.99
2.74
3.31
4.89
3.51
0.23
1.67
2.16
2.12
4.86
1.93
0.39
0.55
4.72
2.03
1.55
4.22
0.84
4.64
2.85
0.84
3.4
3.53
3.29
2.77
2.98
0.04
3.16
2.02
0.5
1.01
4.39
4.17
3.84
1.09
0.45
0.31
0.57
2.7
3.87
3.2
4.96
4.61
3.32
3.37
1.32
1.9
3.01
2.15
0.64
4.41
2.43
0.26
3.18
3.83
4.44
3.31
0.85
2.1
3.32
4.54
1.26
0.35
4.1
4.49
0.66
3.35
2.8
2.08
1.63
1.34
0.35
3.9
1.86
3.46
4.69
2.38
0.51
3.54
0.77
1.44
3.6
0.04
0.54
3.08
1.39
0.33
3.15
0.94
2.95
1.74
4.36
1.99
4.66
2.65
1.13
0.81
2.3
1.63
2.58
0.4
3.89
4.39
0.81
1.76
0.35
3.36
3.08
0.73
4.98
0.15
4.69
1.51
2.23
3.51
1.23
1.93
0.15
2.82
1.84
1.44
3.73
1.59
0.2
0.68
1.99
4.18
4.43
0.7
2.1
1.81
3.53
2.99
3.66
3.82
3.57
3.82
3.8
0.01
4.54
0.11
2.78
3.15
0.02
0.94
3.11
3.65
4.02
2.7
4.37
3.33
3.86
1.02
1.09
1.77
0.68
0.53
3.15
0.21
0.37
4.53
2.12
3.54
3.48
4.63
2.07
4.87
3.42
2.91
0.07
0.51
4.34
1.56
4.41
1.7
2.3
0.61
0.17
4.83
3.48
0.26
4.73
4.04
3.87
0.04
3.54
2.1
0.37
1.87
1.1
1.66
0.84
0.84
4.78
0.79
4.59
0.04
4.99
4.24
0.97
0.07
4.97
4.78
0.89
0.31
0.36
4.57
3.99
0.63
3.76
4.98
4.01
4.11
4.6
2.85
0.45
0.87
3.11
0.86
2.85
4.78
1.45
0.3
4.73
0.52
4.27
3.75
4.45
0.76
4.97
1.42
4.64
3.48
3.31
3.02
4.9
4.65
4.22
2.9
1.73
4.21
1.76
2.49
1
4.71
2.39
4.54
4.86
0.31
2.66
3.45
1.21
0.44
3.45
2.28
3.15
3.63
3.29
1.29
1.24
1.85
4.66
1.06
3.07
3.68
1.89
0.57
4.51
0.23
0.56
0.73
4.97
0.47
2.51
2.74
4.1
2.45
0.44
1.89
1.8
0.84
1.11
1.43
1.14
2.64
1.48
0.82
4.9
3.11
0.36
1.86
3.96
0.02
3.36
1.77
4.88
4.07
1.99
1.83
2.14
0.28
4.48
0.72
4.66
4.73
2.91
3.51
0.16
1.15
3.01
3.52
3.61
4.14
4.76
0.65
2.9
0.8
4.55
3.89
4.31
4.08
4.34
1.05
1.13
4.02
4.18
2.21
4.16
0.54
0.42
1.46
4.57
2.88
3.58
2.05
4.97
0.14
2.12
1.31
1.68
0.33
4.44
0.47
2.38
4.19
3.89
4.65
1.36
0.65
1.37
4.79
2.04
1.13
3.05
0.24
4.26
1.47
2.46
1.1
1.8
1.03
3.1
4.59
3.55
4.91
1.01
0.49
4.58
1.58
4.85
2.26
4.5
1.87
4.84
1.71
0.8
2.95
2.26
0.48
0.47
4.77
2.18
4.56
1.49
0.85
0.76
2.28
0.87
0.62
4.66
4.84
3.8
3.52
2.4
4.37
0.03
3.09
0.99
0.29
1.6
4.17
4.13
2.73
4.91
4.64
0.76
3.61
4.94
4.65
2.95
2.88
1.73
4.29
3.51
2.86
0.49
4.55
1.71
2.89
4.99
4.6
0.21
3.42
2.89
0.63
1.59
4.56
3.51
0.28
3.03
0.18
1.28
0.04
4.02
2.3
0.41
4.38
2.86
0.05
4.9
0.16
1.14
4.45
2.05
4.12
3.54
3.31
0.54
1.76
3.26
2.79
4.98
1.24
2.81
1.24
3.24
1.37
2.33
1.86
4.6
2.31
1.99
4.78
2.61
2.29
2.61
0.31
0.87
3.3
4.05
3.47
0.13
2.28
1.87
3.51
4.7
3.1
0.42
4.6
3.13
2.89
2.44
4.45
3.05
0.29
0.21
1.08
3.58
3.65
0.66
0.12
4
2.22
2.67
0.7
1.09
3.3
2.49
3.53
3.73
4.63
1.35
3.51
1.25
2.4
0.44
2.91
1.79
0.77
3.13
3.56
4.76
3.93
2.45
1.61
3.51
0.79
2.69
3.14
0.26
2.66
0.03
4.07
0.03
2.42
0.99
0.07
4.22
3.38
3.26
1.92
0.41
1.82
1.29
0.06
1.61
0.68
3.69
4.44
2.39
4.03
4.03
0.95
1.7
2.05
4.1
2.62
1.37
3
4.48
3.48
2.31
4.8
3.14
0.37
0.57
1.55
1.23
3.8
4.9
2.64
1.27
3.82
0.75
4.75
2.45
2.13
1.15
2.03
4.1
0.31
0.94
1.35
2.38
1.48
3.11
2.07
3.63
1.52
0.7
1.47
4.73
2.97
2.93
4.15
3.27
0.35
2.35
1.12
2.35
4.55
2.49
2.76
4.21
1.18
2.03
2.29
4.23
4.73
2.62
3.5
1.23
1.92
1.25
2.52
4.78
1.04
1.23
2.52
1.69
2.68
1.7
2.43
4.83
2.13
2.9
4.56
2.64
4.49
4.47
4.3
3.13
0.41
2.38
2.87
4.59
3.32
1.3
0.71
0.85
2.69
0.83
0.56
3.79
0.05
3.04
3.06
2.59
1.7
3.35
2.49
0.29
3.52
3.11
4.32
2.29
2.28
2.49
0.24
3.4
1.12
1.16
2.67
4.06
3.24
2.69
3.95
4.88
0.95
4.77
4.88
3.85
3.88
3.8
4.22
1.49
3.82
2.44
0.27
0.17
2.39
4.3
3.05
4.47
2.39
0.43
4.4
1.31
0.14
3.46
3.75
3.58
4.31
4.24
0.77
1.75
2.45
3.13
2.33
2.47
0.27
4.87
1.39
1.44
4.56
0.28
0.36
1.15
4.39
2.09
0.78
4.54
3.31
1.42
1.12
1.59
2.59
1.55
3.08
2.67
0.06
1.18
4.02
2.99
0.29
1.72
0.02
4.96
1.01
4.01
2.28
3.03
4.2
4.45
2.07
1.11
1.03
1.56
2.53
3.26
2.11
2.18
1.9
2.52
0.82
1.1
1.15
0.7
2.09
4.92
1.66
1.42
0.37
0.72
3.95
3.25
2.53
4.59
1.51
4.82
2.18
4.96
2.22
2.04
0.64
0.61
3.7
4.39
4.12
1.67
0.23
5
2.76
2.5
3.8
3.1
3.96
0.04
0.93
4.59
3.79
3.29
0.23
4.27
4.01
4.3
1.71
1.52
4.86
0.8
0.71
4.25
1.02
0.38
2.92
0.9
3.26
0.13
4.86
0.45
0.32
2.34
4.81
2.03
4.04
4.79
3.39
2.03
0.74
1.48
0.55
0.77
3.8
1.88
3.62
0.15
2.9
2.57
1.47
3.36
4.29
0.38
4.33
4.86
1.25
4.88
1.36
0.69
0.63
3.46
2.68
4.62
0.6
4.71
3.42
0.64
1.22
3.23
2.97
3.09
1.21
3.7
4.3
2.8
2.61
1.32
0.63
1.24
3.6
2.3
4.57
0.77
2.15
4.21
3.91
1.05
1.37
3.51
4.54
2.69
1.81
3.77
3.33
3.49
2.81
3.03
2.84
4.97
2.88
0.05
4.84
3.69
1.44
1.53
1.4
4.58
4.15
2.73
1.02
2.99
0.13
2.85
0.28
0.9
4.7
3.37
1.21
4.88
1.09
3.52
2.46
4.38
2.34
2.94
4.99
1.22
0.74
1.84
1.15
3.87
2.47
4.51
2.65
1.36
0.61
3.08
3.53
2.88
3.45
0.13
1.71
2.46
2.35
1.87
1.43
1.77
4.35
1.02
4.36
4.17
3.5
3.81
3.09
4.78
3.79
3.37
3.6
0.64
1.84
0.06
5
1.53
1.5
4.09
4.32
3.32
3.89
0.19
4.91
2.02
2.45
4.54
0.59
1.27
4
2.73
0.33
1.9
4.31
3.84
2.7
0.89
0.16
0.22
4.4
2.18
3.38
3.68
1.49
3.04
1.34
1.5
2.6
0.29
3.43
2.52
2.14
3.84
4.54
3.97
2.57
0.96
3.61
0.22
4.74
0.88
1.5
4.8
5
4.66
4.62
1.35
2.75
2.66
1.44
3.58
2.68
4.49
1.95
4.98
0.56
2.43
0.52
3.82
1.2
0.43
0.55
2.82
2.95
3.45
2.84
4.85
4.79
3.74
1.46
1.61
0.54
3.52
3.05
1.42
0.09
0.71
2.42
2.85
3.88
1.41
4.22
2.62
4.78
1.18
3.02
3.95
3.11
4.08
3.28
1.27
4.57
3.62
4.74
2.24
2.48
0.02
3.17
0.02
4.8
3.91
0.4
0.27
1.41
0.67
0.53
3.36
4.64
3.74
0.43
3.06
0.91
2.22
2.84
1.76
1.76
2.82
0.78
1.12
2.65
1.55
2.59
0.84
4.96
1.39
3.94
4.05
3.13
4.33
1.92
0.26
2.6
0.62
0.44
3.91
1.19
2.66
4.35
4.93
4.94
1.69
3.83
1.97
1.39
3.52
4.76
4.95
2.88
0.39
1.53
3.91
2.86
0.57
4.63
2.44
3.93
1.21
3.45
2.57
0.26
0.11
3.77
3.49
3.78
3
2.39
2.47
1.33
0.37
1.09
0.9
2.68
3.36
3.92
2.18
3.9
4.45
1.04
2.29
4.8
2.2
3.72
1.58
3.77
0.35
3.72
0.13
0.65
1.11
1.92
4.73
1.06
1.38
4.38
1.84
0.99
1.54
3.06
3.36
3.53
0.75
4.36
0.52
2.4
4.48
2.49
0.24
1.95
3.31
4.92
4.68
0.29
0.52
3.91
2.14
4.98
3.78
3.21
3.42
3.72
1.34
2.78
1.43
3.03
1.2
4.14
1.33
1.52
0.15
2.93
1.09
2.59
4.17
2.9
1.08
0.05
4.02
0.54
3.44
1.54
2.76
4.01
3.4
4.65
0.18
4.15
4.93
4.42
4.2
4.58
1.65
1.21
3.21
0.76
2.59
0.79
4.09
2.04
2.93
1.52
1.62
0.95
2.81
0.74
3.31
4.21
1.85
2.05
4.19
4.97
3.63
3.85
2.59
2.07
4.38
2.27
0.1
0.02
3.31
0.24
0.03
3.51
1.56
1.98
4.06
3.15
0.85
2.95
1.82
2.29
2.98
4.52
3.43
0.18
0.95
4.65
3.26
3.15
0.96
1.19
4.94
4.52
2.29
3.41
3.1
1.4
0.12
4.51
1.09
0.01
0.97
2.82
2.66
1.44
3.86
2.73
1.49
3.59
1.3
0.37
1.33
4.21
4.55
2.63
4.54
4.54
2.47
4.03
4.04
3.01
4.73
2.24
3.53
2.56
2.86
1.77
3.36
3.4
1.6
1.53
1.3
3.23
5
1.21
4.21
4.12
0.27
1.39
1.19
1.39
1.09
3.87
2.92
3.17
2.36
2.74
2.15
2.76
2.32
1.03
3.93
2.72
2.72
0.58
0.36
3.39
3.44
0.2
1.14
3.02
3.5
0.28
0.8
4.66
2.38
1.97
3.86
2.99
2.72
4.11
3.49
3.45
2.77
3.06
4.13
3.92
2.45
4.27
4.22
2.2
2.27
4.4
0.72
4.13
4.92
4.14
2.29
4.75
3.72
1.13
0.5
3.86
4.08
3.91
3.41
1.11
4.85
3.7
4.1
3.11
4.43
2.58
1.93
4.42
3.46
3.07
1.47
2.1
0.98
3.05
1.84
2.63
1.8
3.82
2.08
3.14
0.32
2.07
3
4.03
1.08
2.79
1.19
4.78
2.8
1.03
3.03
0.27
4.27
4.25
4.11
0.46
2.23
0.04
4.31
4.95
0.26
4.76
2.88
4.89
2.1
0.72
2.58
3.27
2.02
2.26
0.05
1.12
4.88
0.58
4.56
3.49
3.17
4.51
2.97
2.54
3.84
3.11
2.49
1.01
2.93
0.66
4.5
2.28
0.86
3.57
1.96
0.65
4.25
4.47
0.22
4.91
2.24
2.53
4.64
4.76
3.89
3.78
2.15
1.32
0.26
2.62
3.65
2.83
1.55
4.33
3.2
3.55
0.93
1.4
1.57
4.08
2.92
5
0.39
2.26
1.25
3.93
3.99
0.14
2.53
0.36
4.55
3.43
3.17
4.49
4.03
2.08
3.68
3.8
3.27
0.75
1.86
4.77
1.44
0.62
2.94
4.05
1.61
3.86
1.58
4.99
4
0.74
3.58
2.48
3.19
3.44
0.55
1.69
4.71
3.26
4.07
3.15
3
1.94
4.94
1.3
1.47
2.5
4.41
4.47
5
1.04
1.82
2.6
1.03
2.66
2.59
0.18
2.92
2.73
0.49
1.58
1.56
1.66
2.91
0.16
4.18
2.34
3.46
4.49
0.45
3.5
2.97
0.9
2.79
1.63
2.76
4.74
2.57
4.64
2.39
2.53
4.82
3.43
3.76
1.07
1.25
4.96
1.17
2.69
2.33
3.77
0.35
2.54
2.74
4.64
1.17
1.43
3.12
4.22
4.64
1.4
3.74
1.65
1.97
1.36
4.15
1.62
0.09
0.04
4.55
2.45
2.04
3.54
0.86
3.88
4.37
1.19
4.19
3.41
1.3
3.2
1.72
3.56
2.68
0.41
4.83
1.26
0.13
3.03
0.21
4.33
0.2
2.78
0.7
2.25
0.12
0.69
4.51
4.72
3.66
4.1
3.2
1.03
2.46
3.35
0.56
2.89
1.01
4.36
2.57
3.43
1.86
0.31
3.76
4.3
4.62
0.8
4.06
3.86
3.09
3.61
3.16
3.16
0.53
0.79
2.38
3.7
2.7
1.87
0.89
0.24
3.98
2.06
1.5
2.39
0.13
0.06
3.06
0.67
2.96
0.02
0.46
4.65
1.33
2.89
1.99
4.68
1.9
0.11
3.27
1.95
3.19
0.68
0.48
0.45
1.58
4.86
3.26
2.37
2.63
3.98
3
3.93
1.03
1.13
3.31
2.79
4.43
0.23
1.53
2.24
2.86
2
0.14
0.59
4.87
2.16
3.28
1.67
0.62
0.83
3.11
3.87
0.89
3.15
1.32
3.27
0.99
4.7
3.76
1.43
1.03
1.02
2.86
2.11
4.84
3.32
4.97
2.13
4.4
1.53
4.83
0.08
2.85
2.23
3.01
3.05
4.11
4.97
2.16
2.15
4.13
4.83
3.21
2.34
4.42
4.95
1.45
4.74
4.14
2.37
2.06
3.32
1.66
2.43
2.61
3.22
3.85
0.15
0.81
0.63
3.63
2.39
0.92
4.66
0.04
1.07
4.2
2.52
3.08
1.12
3.36
0.51
3.41
4.9
4.89
2.37
4.23
1.18
3.69
3.72
1.7
3.87
1.78
2.34
2.15
4.49
2.59
4.58
1.66
3.12
3.68
3.03
4.43
0.16
1.57
3.01
3.08
0.16
0.99
2.73
3.2
4.25
1.98
3.14
0.71
1.83
2
1.4
3.81
2.65
4.01
0.98
3.62
4.55
0.23
2.28
1.26
3.29
3.77
0.38
4.76
0.23
2.64
4.2
3.94
4.57
4.2
2.3
0.95
1.83
1.13
1.28
1.92
3.69
4.42
