4.67
5
3.98
1.1
4.5
1.98
3.41
0.99
3.92
4.84
1.37
2.18
3.98
1.74
2.73
1.83
4.38
4.86
0.16
1.71
0.24
1.05
3.7
0.34
4.02
4.31
4.8
2.38
2.68
1.32
2.59
3.8
3.97
0.72
4.64
2.92
0.05
3.47
4.76
4.45
4.94
0.57
0.71
3.33
3.83
0.26
3.45
1.97
0.75
4.8
0.16
3.86
1.24
4.73
1.14
2.27
0.65
0.94
2.08
2.89
4.2
2.23
0.44
1.38
2.76
2.04
3.49
1.15
0.01
2.91
4.84
3.82
2.09
0.2
0.54
4.13
0.21
1.45
4.28
1.17
3.33
3.28
0.72
3.92
1.54
0.61
4.05
4.97
0.44
1.85
4.31
0.29
1.89
1.3
2.01
4.36
3.44
1.39
3.8
0.77
0.57
2.92
3.85
3.56
3.69
4
2.87
0.15
3.22
4.53
1.66
2.29
3.61
4.99
4.77
4.19
2.25
2.32
4.01
4.92
4.51
3.58
0.69
0.54
0.34
0.46
2.42
4.58
2.46
1.26
3.71
2.63
0.12
2.08
4.86
0.17
0.49
0.02
4.21
2.87
2.43
1.14
2.42
3.05
1.61
4.71
2.05
1.46
2.74
1.28
1.05
3.81
3.93
1.72
1.78
1.49
4.85
2.84
3.09
1.73
2.47
3.05
1.32
0.44
1.7
3.01
1.77
0.9
1.71
2.6
4.38
0.81
3.9
2.9
2.11
0.7
4.56
2.83
1.98
0.1
0.52
3.48
0.56
3.75
1.27
2.61
0.41
0.91
1.51
3.24
0.03
3.02
4.75
3.88
1.39
2.27
3.05
0.88
1.04
0.89
3.63
0.02
3.55
4.92
4.54
4.88
3.68
4.33
3.46
2.32
2.19
0.75
1.95
3.33
0.65
0.43
1.18
4.11
0.71
0.52
3.82
4.36
0.58
0.87
1.12
4.73
3.08
3.49
2.09
3.79
2
0.74
2.4
3.81
2.55
4.35
4.72
0.99
1.62
3.83
4.7
2.31
2.93
1.48
4.97
1.11
3.1
1.52
2.76
1.09
1.07
3.58
2.75
3.11
0.4
0.78
1.73
4.86
3.48
2.8
2.55
0.2
1.84
4.41
2.21
0.12
2.53
4.27
2.63
3.5
0.17
0.85
0.53
0.44
2.44
2.27
3.64
4.03
2.44
0.3
0.69
1.44
1.51
4.45
1.41
4.19
4.86
0.69
4.7
1.46
1.93
2.79
1.04
4.09
3.98
2.81
2.49
1.59
4.07
0.85
4.87
1.77
4.27
3.77
2.24
2.71
0.25
3.65
0.87
1.44
2.01
4.58
1.78
1.09
2.18
1.73
1.39
4.15
2.5
2.12
3.41
3.58
0.8
3.61
2.89
0.04
4.38
0.05
2.68
4.11
3.38
3.78
4.2
2.27
1.63
0.48
1.22
1.83
0.32
0.15
4.73
3.43
2.15
4.76
0.99
4.36
0.77
3.47
0.27
3.59
0.42
2.89
0.58
1.44
3.59
0.36
2.74
0.23
1.24
3.98
3.84
2.5
2.17
4.87
2.86
2.91
4.91
3.27
2.57
1.35
2.99
4.77
2.69
0.98
3.84
4.79
4.19
0.22
3.38
1.99
3.39
2.04
3.06
4.76
4.2
2.5
3.48
2.86
2.96
0.52
1.39
4.64
4.31
0.74
4.47
3.74
0.97
3.02
4.05
3.38
0.74
2.19
1.67
1.78
0.69
3.67
1.3
0.15
0.65
4.52
3.88
3.93
3
0.82
0.94
3.31
2.32
2.78
0.37
1.16
0.75
2.24
2.04
0.25
1.09
0.96
3.17
2.42
4.93
2.09
1.94
4.85
4.1
2.03
0.93
3.28
1.44
2.12
0.47
4.46
4.39
0.47
2.1
4.2
0.55
0.99
2.01
1.93
3.27
4.5
2.55
2.23
3.16
1.77
0.43
1.9
0.91
1.33
0.94
0.87
2.24
3.69
0.28
1.64
3.05
2.49
3.65
2.22
2.82
3.85
2.45
4.65
4.52
4.26
2.82
1.28
4.21
0.88
0.6
2.91
2.96
2.89
0.82
2.52
1.97
3.86
3.64
0.01
2.42
4.3
2.83
0.4
1.19
4.12
0.21
3.94
0.81
1.65
0.68
0.73
4.44
0.98
2.54
1.64
2.38
2.99
3.71
3.33
0.06
3.43
2.86
4.49
1.55
2.49
2.3
4.84
0.72
3.36
2.9
2.67
0.04
1.12
1.96
0.15
0.43
1.96
0.35
3.23
3.04
2.75
4.14
2.06
4.13
1
4.78
4.5
3.33
2.76
1.74
1.29
2.41
0.41
4.44
1.95
2.33
2.9
0.24
1.68
2.59
1.26
4.27
2.49
3.07
4.48
4.13
3.81
1.95
0.74
1.24
4.42
4.27
4.61
1.87
1.83
2.84
3.29
1.12
4.93
3.9
1.22
1.36
0.99
3.36
3.92
0.56
0.54
1.51
3.77
1.81
0.51
4.07
1.02
3.57
0.87
1.25
0.16
3.02
0.45
4.23
0.3
1.38
0.06
2.09
0.99
2.36
1.16
3.33
2.57
4.27
2.51
0.42
3.2
3.18
2.3
3.41
1.02
3.68
1.41
2.81
5
3.99
3.3
0.51
4.05
2.84
3.68
0.53
4.13
4.84
3.82
2.95
3.91
4.2
4.51
0.79
0.84
1.51
4.08
2.06
1.25
1.69
1.35
0.62
0.15
1.9
3.75
4.57
3.56
2.99
1.98
2.96
1.66
4.47
4.17
3.42
3.2
0.94
4.22
0.8
2.13
4.58
4.87
4.99
3.31
1.26
3.91
3.4
4.17
4.81
3.18
2.92
1.84
3.01
1.21
0.59
1.29
0.1
4.81
3.22
3.53
1.69
0.53
2.86
1.28
4.36
1.04
2.02
3.59
0.07
2.84
4.88
1.56
2.92
1.38
3.63
1.36
0.01
2.91
1.31
4.98
0.52
1
1.48
2.5
1.75
3.24
1.8
2.23
0.59
3.56
1.06
3.9
3.25
1.82
4.49
4.75
4.99
3.34
1.51
3.38
2.76
2.25
1.09
3.44
2.39
1.67
0.94
3.03
3.24
4.94
3.04
4.29
3.88
3.57
4.57
4.54
2.45
4.39
2.36
2.17
4.92
0.86
3.75
1.05
3.32
3.81
4.01
2.02
2.64
4.65
3.39
3.62
0.71
1.59
0.62
4.08
4.24
3.33
2.25
2.9
3.16
4.05
1.16
1.91
4.81
0.69
0.02
1.17
2.23
1.49
1.12
3.09
4.54
0.7
2.1
0.19
3.63
3.42
1.24
4.29
3.42
3.04
0.81
1.63
0.84
3.95
1.25
0.57
0.92
2.85
1.35
4.79
1.34
1.95
0.2
3.42
0.74
4.81
1.75
0.8
2.49
5
3.52
4.82
1.44
4.68
4.14
1.01
4.96
0.91
1.42
2.97
1.85
4.65
1.23
0.78
4.84
2.31
4.83
0.96
3.56
1.9
0.05
1.4
3.33
3.63
3.15
4.13
3.77
3.37
4.89
3.23
3.84
3.4
3.62
0.89
4.09
2.9
1.04
4.11
3.78
3.73
4.61
0.24
4.63
3.67
0.21
1.68
1.77
3.14
2.41
4.14
1.46
1.93
2.05
4.7
3.59
0.45
2.45
3.47
0.43
1.76
0.25
2.81
0.53
4.27
3.35
3.11
2.4
0.41
2.7
2.57
3.4
2.84
0.67
0.79
4.39
0.25
4.8
1.12
1.94
2.74
3.89
3.2
0.89
3.17
3.61
1.68
4.94
3.78
1.38
1.49
1.24
1.09
1.12
4.48
2.07
3.45
3.39
4.53
1.43
0.18
1.81
0.8
3.71
4.23
0.26
0.96
2.08
3.97
1.44
1.99
0.63
4.98
4.36
1.53
3.51
4.85
4.82
1.24
0.03
2.01
0.99
4.11
4.89
0.73
4.31
3.3
0.53
2.62
1.07
1.42
2.38
1.35
3.1
2.04
3.04
0.52
1.67
1.23
2.7
0.32
2.68
4.52
1.26
0.65
1.72
2.56
1.39
2.78
1.62
2.72
3.23
3.85
2.02
1
2.61
0.7
4.04
0.93
0.12
0.08
3.26
0.37
3.92
0.92
0.67
4.8
4.82
4.66
0.99
2.67
1.81
3.06
1.49
4.58
2.46
2.94
1.96
3.25
3.39
4.02
0.14
0.23
0.54
3.54
3.7
4.11
1.35
3.69
4.74
0.21
0.07
2.26
3.81
0.68
3.56
0.63
3.34
2.16
2.18
1.04
1.49
2.99
0.5
4.21
1.35
3.8
3.42
3.08
1.7
2.84
2.59
1.84
0.38
4.84
2.27
0.64
2.25
3.45
2.74
2.51
1.83
4.64
3.25
4.48
3.23
4.21
2.94
4.59
0.36
0.23
1.2
4.93
2.93
2.31
1.38
2.35
4.93
0.52
2.71
3.51
1
4.59
2.76
3.98
1.71
3.18
4.5
0.04
4.71
2.5
0.49
3.26
3.31
1.28
1.39
4.87
2.48
2.72
0.16
0.89
0.54
0.22
2.12
3.95
2.85
4.27
1.99
1.45
4.59
3.68
2.06
2.18
2.02
3.41
1.99
3.39
4.08
1.84
1.43
1.86
4.25
1.57
0.41
1.46
2.37
2.93
1.36
4.23
1.77
3.21
4.32
1.82
0.82
2.48
0.24
0.18
1.07
3.76
1.7
3.35
1.23
0.96
4.82
0.19
4.06
4.31
4.23
4.51
2.13
2.83
0.75
2.18
0.24
4.73
2.49
4.52
1.6
0.98
3.08
1.56
3.29
0.15
4.6
0.65
3.75
4.42
3.15
3.5
1.26
0.33
4.09
1.04
4.64
4.36
4.88
1.72
1.3
4.89
0.06
2.62
2.13
3.52
3.36
2.77
4.65
2.69
2.55
4.81
2.13
3
4.71
0.02
0.22
1.73
2.54
3.38
2.92
0.53
4.14
4.83
2.71
2.48
0.87
3.53
2.62
3.1
2.34
3.81
4.33
2.72
1.81
4.09
0.44
1.82
1.71
2.06
3.14
4.2
3.89
2.86
1.58
1.28
3.51
3.36
3.29
3.58
1.76
1.67
0.34
4.31
0.66
4.02
0.56
2.97
2.91
0.97
4.66
0.1
0.13
4.08
2.36
2.47
0.46
4.58
2.44
0.76
2.66
0.75
2.76
2.65
0.81
2.04
1.86
1.67
1.2
4.96
2.19
4.2
1.51
4.8
3.18
2.73
4.29
4.45
2.88
4.38
1.12
2.7
1.87
1.64
2.68
4.15
3.41
2.71
2.65
0.26
3.32
3.95
2.77
4.66
0.51
3.84
4.98
1.92
0.98
4.53
1.35
2.5
3.75
2.2
4.29
0.34
4.43
0.13
0.32
3.41
2.12
2.19
2.34
0.57
2.85
2.96
4.21
4.39
4.7
2.11
2.92
1.21
1.23
0.24
2.19
0.86
1.18
0.23
1.23
4.35
2.13
3.3
3.08
3.3
4.66
1.58
2.86
3.68
0.1
1.89
0.36
2.39
2.12
2.88
0.38
2.8
0.43
2.01
0.08
2.76
0.61
3.95
1.88
4.29
3.94
4.08
4.9
4.06
3.78
1.22
3.95
2
4.85
4.47
4.41
3.61
0.94
2.55
1.43
4.19
3.62
2.83
4.11
0.45
0.49
3.35
1.25
1.77
1.98
2.21
2.29
5
2.11
4.49
0.22
2.76
0.31
2.66
0.18
3.58
4.83
2.66
1.93
0.49
3.49
3.74
0.9
1
2.71
1.4
0.31
3.53
3.65
3.81
3.94
4.17
3.28
4.25
4.59
4.17
1.21
0.9
4.63
4.85
2.66
3.68
3.05
1.41
3.97
1.07
1.19
3.79
2.7
0.92
3.87
3.47
3.88
2.12
3.08
0.58
1.63
2.95
2.1
2.82
0.54
4.86
3.72
2.15
0.11
1.01
2.57
0.93
3.81
0.04
2.26
0.03
0.25
1.56
3.16
0.23
4.44
2.81
2.12
1.9
4.61
1.64
1.33
4.53
3.79
4.54
3.33
3.61
4.17
1.79
3.64
4.06
1.27
1.97
0.64
4.06
4.5
1.58
2.58
0.01
0.14
3.1
3.66
2.86
0.68
1.67
1.67
3.42
3.33
4.07
2.45
1.63
4.83
4.01
1.93
0.61
3.43
3.5
2.05
2.33
3.99
2.23
0.7
2.39
3.44
2.16
4.65
1.51
3.34
4.37
1.28
0.55
0.41
1.52
0.2
3.14
0.72
1.32
3.24
1.69
1.01
1.01
0.58
0.18
1.61
0.06
2.48
1.19
2.32
3.53
3.72
0.64
1.32
0.03
3.08
2.86
1.42
2.85
0.73
1.83
4.59
1.35
2.43
0.58
1.05
1.88
1.17
0.92
4.74
4.93
4.64
0.2
2.91
0.57
0.88
0.21
1.22
4.35
3.04
1.67
4.28
1.19
3.6
2.86
2.64
4.03
3.54
1.9
0.41
3.53
4.03
0.55
3.96
0.27
3.7
0.14
4.87
4.57
4.56
2.96
0.05
2.54
1.54
3.92
0.39
1.4
3.38
2.9
4.14
1.98
0.28
0.6
1.48
1.36
1.81
4.33
0.5
3.91
1.75
2.47
4.96
1.94
1.41
0.16
3.88
0.72
0.12
1.54
1.31
1.1
0.86
3.23
4.5
1.21
4.86
4.39
1.48
2.52
2.38
1.07
4.69
0.71
0.1
3.76
2.59
1
0.6
0.29
1.3
3.7
1.41
4.84
1.58
1.97
2
3.84
3.8
2.31
2.33
4.58
2.85
4.99
2.49
0.61
4
3.64
4.5
1.2
2.63
0.47
4.91
4.37
2.65
3.06
3.12
2.44
1.09
4.74
1.89
4.08
1.83
4.31
4.21
1.27
3.58
1.08
3.44
4.42
2.71
0.41
0.4
1.3
0.53
3.5
2.14
2.56
0.07
2.16
4.03
2.08
0.25
0.77
2.47
4.82
2.88
4.93
3
0.64
2.07
0.62
3.46
4
1.25
0.17
4.76
3.12
2.19
1.6
2.16
3.18
0.9
4.11
4.2
2.17
4.02
1.29
2.08
2.94
2.9
4.91
2.12
1.91
3.47
3.58
3.36
4.58
4.56
0.61
0.22
0.97
0.39
1.14
1.78
4.1
4.75
3.66
0.76
4.04
4.73
3.06
2.85
0.56
3.16
4.52
4.11
2.41
2.28
1.4
4.86
3.7
1.93
3.89
3.65
0.88
4.36
0.42
4.68
1.26
4.86
2.55
0.73
0.66
3.39
4.57
3.76
4.38
2.06
3.83
3.93
4.73
1.73
4.12
2.49
2.18
2.84
4.1
3.27
4.58
0.58
1.92
2.38
4.12
2.4
1.08
4.64
1.66
3.45
2.39
1.93
4.04
1.54
4.09
4.65
4.74
3.04
2.94
0.55
1.63
4.97
3.35
0.86
4.65
4.68
2.75
1
0.33
3.62
3.85
3.92
1.04
0.47
5
2.54
1.05
3.94
4.17
2.78
3.4
2.95
4.83
1.92
1.66
4.61
3.8
2.11
0.45
1.93
2.22
3.95
4.41
2.63
4.41
0.67
4.57
0.37
3.9
1.92
0.11
4.52
4.89
1.9
0.36
0.92
4.78
2.87
1.66
1.81
0.39
3.67
1.68
1.91
1.64
1.16
2.43
4.35
0.06
4.44
4.44
4.04
1.55
1.22
4.26
3.17
0.85
1.54
2.95
0.46
3.22
1.51
4.12
3.73
1.49
4.07
1.43
3.11
3.03
3.16
4.73
4.12
0.3
1.47
2.36
3.44
2.28
1.67
4.31
1.78
5
4.83
3.01
2.08
3.83
4.44
0.08
3.56
2.16
2.19
3.54
2.7
0.54
1.77
1
1.19
3.07
2.61
0.41
4.19
2.12
3.86
4.51
4.41
0.01
1.42
1.16
0.45
0.93
1.41
1.8
2.65
0.21
4.65
2.41
4.11
2.67
4.79
0.69
4.7
3.66
4.63
1.3
0.51
4.87
1.01
4.13
3
2.9
4.99
1.24
3.49
4.07
4.6
3.96
0.72
1.78
2.23
0.68
4.91
4.65
2.3
4.59
0.4
3.59
0.49
1.22
1.18
1.53
2.77
2.18
1.54
2.66
0.59
0.33
4
3.18
4.28
3.91
3.06
3.41
4.63
2.43
1.17
3.31
4.49
3.19
2.74
4.91
2.68
0.2
4.12
4.47
3.74
0.73
1.16
0.03
4.99
1.43
0.31
0.03
2.16
2.45
2.3
3.42
2.85
2.53
1.04
1.7
3.6
3.42
4.71
2.81
4.06
3.01
1.17
4.74
3.97
2.24
4.97
1.99
1.16
4.33
1.19
2.33
3.69
3.51
0.17
3.64
1.53
1.75
1.26
5
0.43
4.39
3.94
3.33
2.88
0.14
3.21
4.48
3.97
1.22
3.71
2.07
2.16
4.2
1.72
0.88
2.21
0.61
4.72
4.58
3.06
4.74
2
1.29
4.86
0.12
4.65
0.16
4.4
2.25
4.09
2.24
4.1
4.29
4.07
0.1
4.92
2.24
1.69
1.9
2.35
2.45
3.23
3.25
2.04
4.06
0.84
3.59
1.5
4.04
1.57
3.85
2.47
0.77
1.75
1.33
4.08
3.52
0.53
4.71
4.01
2.85
4.11
4.72
0.36
4.82
4.34
0.92
4.76
1.18
1.23
0.22
0.53
0.98
0.89
1.47
2.17
0.01
0.51
4.57
4.13
1.74
1.43
3.31
3.47
2.03
4.85
0.3
1.19
4.15
2.3
3.16
4.85
0.2
3.7
3.09
2.48
4.65
4.86
1.73
1.26
2.62
2.34
3.62
0.24
0.57
2.89
4.41
0.84
3.83
1.77
1.1
4.98
1.37
4.27
0.52
2.45
1.58
4.35
4.94
1.85
1.81
1.63
3.37
1.02
2.96
3.93
4.17
3.14
1.97
0.07
4.21
0.53
4.62
0.14
4.49
4.38
1.75
3.25
2.16
4.71
1.53
3.7
1.91
4.81
0.4
1.36
3.57
2.49
2.66
1.07
1.74
4.6
0.75
4.65
0.1
2.08
0.48
3.09
3.62
1.27
4.35
4.89
4.33
1.27
2.88
2.3
4.13
4.61
1.85
1.41
1.94
1.21
1.18
4.28
3.2
4.28
4.08
0.86
4.39
1.81
1.18
0.98
4.47
1.84
3.66
4.04
2.31
0.62
4.68
1.28
2.47
3.71
1.13
3.16
2.77
3.63
0.92
0.24
0.71
4.53
2.21
4.58
3.88
4.39
0.45
3.43
4.35
0.83
2.25
0.33
1.59
4.42
4.71
1.86
2.74
1.53
4.25
4.16
2.4
3.55
4.46
2.1
0.38
3.01
3.98
1.11
3.91
3.96
3.24
4.07
4.05
2.76
4.55
3.12
0.39
0.65
0.11
2.53
4.88
2.82
2.01
1.8
2.01
0.23
4.33
0.85
4.59
2.03
1.14
0.1
1.65
3.55
0.73
0.48
1.52
0.82
1.89
2.09
1.06
2.79
2.81
4.57
0.72
0.63
2.94
3.08
3.04
4.14
2.27
0.38
1.9
1.47
3.76
0.77
4.24
1.12
1.75
2.67
4.99
4.97
4.06
4.49
4.05
4.88
4.41
4.5
4.96
1.59
2.42
5
2
1.93
4.45
3.11
4.2
2.77
2.62
2.24
0.56
4.98
3.48
4.53
1.92
4.08
3.98
5
1.35
4.22
2.15
4.56
1.57
4.12
1.47
3
4.88
0.39
2.01
2.13
3.85
4.44
1.47
4.96
2.39
1.64
0.13
4.64
4.11
4.99
3.22
2.16
2.67
4.44
3.99
2.62
4.14
2.46
4.99
1.15
0.63
4.02
2.84
2.78
2.45
3.07
4.53
3.84
1.64
4.83
0.88
4.23
3.96
0.66
0.02
0.72
3.03
4.58
0.98
4.46
1.12
0.12
3.57
0.34
1.1
0.46
4.36
0.24
3.49
3
2.16
4.47
3.53
0.95
4.19
4.95
0.38
4.85
2.03
4.77
1.07
4.64
3.93
3.74
2.24
2.62
1.48
3.85
4.96
1.06
2.1
4.9
3.36
0.58
3.26
2.83
3.93
4.67
2.96
2.43
4.95
4.08
4.04
1.23
1.38
2.93
2.34
1.67
0.92
1.57
1.04
2.95
3.71
4.16
4.85
2.32
0.94
2.38
1.23
4.84
0.89
2.77
3.25
4
2.79
1.15
0.13
1.73
2.28
4.99
1.65
2.93
1.59
1.11
0.26
1.01
0.67
0.57
2.74
3.94
2.14
2.6
0.34
4.2
3.66
0.14
4.79
3.15
4.09
1.05
3.89
3.3
1.16
1.23
3.87
1.67
0.04
1.34
2.49
4
3.84
3.91
2.99
3.23
0.89
3.62
4.45
4.02
0.58
4.81
2.11
3.65
4.88
3.94
3.18
2.17
4.29
3.89
5
2.32
1.6
3.17
3.22
1.16
2.68
0.06
5
3.76
2.56
1.05
0.44
0.35
2.45
1.59
0.86
0.59
1.43
1.54
2.7
2.1
2.8
4.77
2.22
3.25
1.18
2.15
3.24
2.08
0.43
2.04
4.06
3.26
3.2
0.29
0.01
0.01
3.83
2.92
4.74
3.75
1.38
4.02
1.98
3.03
2.34
1.7
3.37
3.67
4.79
3.8
2.29
1.22
1.37
3.86
4.59
1.94
0.47
0.66
1.83
3.31
4.19
4.46
1.83
4.71
1.42
0.98
1.81
2.64
4.77
2.88
1.05
3.55
3.31
4.78
2.29
4.26
4.06
3.87
3.21
