1.7
4.88
3.25
1.48
2.82
4.3
4.47
4.13
4.39
1.97
4.59
0.91
4.4
2.04
1.6
0.73
1.02
0.88
2.93
4.83
0.16
2.95
3.71
4.62
4.23
2.42
2.9
4.45
4.85
2.74
2.84
0.57
3.58
0.04
1.61
2.93
0.71
3.14
0.85
3.69
0.54
3.48
0.38
3.44
2.81
3.59
4.85
4.95
4.66
1.81
2.31
1.11
4.87
0.63
2.55
2.7
1.26
3.1
3.22
4.07
2.81
3.65
1.34
0.65
0.02
2.08
0.93
0.38
5
3.75
4.01
4.82
2.23
3.95
4.69
1.08
3.77
4.41
1.85
0.47
0.81
2.97
0.44
3.12
3.24
3.97
2.15
1.69
3.01
3.96
4.19
1.73
3.16
4.04
4.99
2.39
0.37
0.71
4.21
1.6
2.46
0.33
0.71
3.17
4.89
2.8
2.69
0.58
4.15
0.14
0.37
4.51
0.79
4.02
3.79
0.66
2.39
4.13
3.64
3.02
2.84
4.39
4.14
3.51
4.41
2.11
1.44
1.44
1.73
3.73
2.72
2.48
4.59
0.36
3.2
1.01
2.63
4.14
1.44
4.38
0.55
2.31
2.97
0.16
0.69
1.52
0.65
0.19
4.82
4.18
4.89
4.33
2.19
2.41
3.68
0.9
0.97
3.78
1.62
2.42
0.91
2.08
3.77
3.26
3.64
0.72
3
2.98
3.43
2.42
1.84
0.01
3.43
1.37
3.66
4.6
4.58
3.22
4.53
2.87
4.11
4.82
3.78
2.26
1.37
3.65
1.57
2.62
3.72
3.03
1.72
4.23
3.64
4.2
2.33
1.81
2.97
0.15
0.44
2.78
4.1
4.89
1.95
4.71
3.37
1.89
4.46
3.29
4.76
3.16
0.09
2.66
1.34
4.7
4.29
1.75
0.77
2.74
4.58
3.02
2.14
4.96
2.09
2.31
1.45
4.4
0.35
0.53
4.17
4.18
2.5
1.32
0.03
4.12
1.81
3.81
0.72
0.43
0.64
2.66
4.33
3.34
2.06
1.58
1.72
5
4.4
3.03
0.24
0.41
1.82
3.86
0.27
4.77
0.61
4.66
1.23
0.31
1.31
3.74
0.06
3.59
3.7
4.89
2.66
4.67
3.91
1.19
1.86
3.92
1.53
0.43
4.21
0.03
1.78
0.75
2.75
3.21
1.41
2.04
0.29
2.77
5
4.47
0.7
1.99
3.62
2.39
3.39
1.59
0.03
0.76
1.7
0.56
5
2.54
2.25
0.55
1.28
3.29
1.45
3.7
2.67
0.03
1.68
2.66
2.96
1.42
3.92
3.42
2.22
0.62
4.98
4.53
1.09
1.83
4.49
3.12
0.64
2.15
2.88
3.41
1.89
3.01
0.47
2.35
1.16
0.49
1.66
3.08
1.08
3.04
1.27
2.16
1.76
0.9
1.59
0.3
0.96
4.31
2.81
3.79
4.94
0.33
2.26
0.09
1.46
3.25
0.84
1.48
3.75
0.16
3.77
2.24
1.5
1.7
3.83
0.58
3.46
2.05
3.03
4.91
3.92
4.18
4.07
4.2
3.09
3.43
0.97
0.48
2.84
0.71
4.07
4.11
3.69
0.48
1.73
4.52
4.58
1.76
2.03
3.82
4.66
2.71
1.98
0.39
2.7
1.8
1.99
3.34
4.39
0.5
3.27
3.44
0.53
3.11
3.4
0.83
3.66
4.02
0.91
3.89
4.47
3.46
4.04
4.86
0.99
4.63
3.66
1.11
0.56
4.12
2.76
0.75
3.94
3.73
3.12
4.67
3.64
1.69
2.53
0.04
4
4.94
0.76
4.4
0.3
4.8
1.81
2.42
1.29
3.12
2.89
0.58
4.11
1.63
4.6
1.75
2.59
4.98
3.49
2.9
0.99
4.08
4.53
0.26
2.05
0.9
3.22
3.2
1.71
0.73
4.97
2.78
1.68
1.64
0.72
1.26
0.08
4.55
1.72
2.47
1.66
1.55
0.08
3.42
4.18
1.46
1.02
1.58
1.28
4.55
0.38
5
2.49
2.88
3.41
3.07
3.67
2.21
4.77
1.53
3.98
3.1
1.55
1.36
4.24
4.37
0.78
0.5
1.97
3.91
2.74
1.15
3.76
0.16
1.61
2.65
0.42
1.05
3.34
3.57
1.76
0.18
3.93
2.56
0.59
3.23
1.43
4.24
4.46
3.47
3.95
4.73
3.97
0.87
0.45
4.46
2.71
4.5
4.44
3.43
0.7
2.23
0.14
3.43
3.93
3.49
0.06
2.09
3.57
0.43
0.91
0.72
2.33
2.89
0.54
2.99
3.51
4.87
4.67
2.72
4.41
2.04
0.82
2.54
4.51
0.93
2.51
2.88
1.41
1.57
4.01
3.29
4.2
0.16
0.01
1.42
1.39
0.79
3.64
4.6
2.99
0.85
1.13
2.32
4.82
0.67
2.2
2.22
0.6
0.92
2.47
0.02
0.78
1.37
2.83
2.81
3.81
2.49
0.58
0.22
2.54
1.32
1.73
2.28
0.1
3.97
1.02
3.29
3.64
4.42
0.72
3.92
1.52
2.63
1.89
1.74
3.15
2.42
0.32
1.46
0.53
1.28
1.01
4.03
0.36
3.87
2.84
1.91
4.13
0.66
5
1.43
1.56
1.94
1.85
4.53
0.1
4.17
3.53
2.54
0.66
1.52
2.18
1.37
4.98
0.3
1.32
0.29
0.33
0.81
4.94
2.18
2.85
4.54
2.21
3.85
1.63
0.21
4.35
1.55
0.64
1.44
2.33
0.4
3.56
4.57
2.29
1.21
2.13
0.2
3.59
1.33
2.45
3.1
3.91
1.76
1.11
1.37
4.06
1.54
1.3
2.73
2.08
1.74
4.13
2.11
4.79
2.98
2.41
0.85
3.91
3.74
3.42
0.54
4.49
2.91
1.9
0.03
2.26
0.79
2.82
1.46
3.34
2.08
1.98
4.24
4.69
2.7
0.12
0.59
4.56
0.77
1.02
0.1
4.65
3.42
1.36
4.05
4.21
2.01
0.79
4.48
1.86
3.44
1.56
4.7
2.54
1.44
1.41
2.75
0.57
4.31
2.98
2.43
0.39
0.72
0.44
2.21
3.78
1.47
0.31
2.18
4.38
4.57
2.24
2.29
0.12
0.54
0.64
4.1
4.34
0.03
3.48
2.31
2.26
0.4
1.62
1.85
0.72
3.53
3.53
3.76
4.23
3.89
3.79
2.1
0.46
3.31
4.38
1.79
1.77
0.79
3.78
4.57
1.04
4.54
0.77
3.89
4.18
4.71
0.35
1.28
4.15
3.85
0.51
4.08
3.7
4.39
1.09
3.5
4.77
1.25
2.43
0.51
1.71
2.21
2.29
2.71
1.99
3.21
3.91
3.53
1.92
3.63
1.94
0.72
4.77
2.15
4.66
2.86
3.19
4.38
3.98
1.79
2.72
4.81
1.33
4.65
4.13
0.8
4.66
3.55
2.69
2.62
3.76
0.8
4.44
1.25
0.73
4.41
0.09
3.34
0.24
0.3
3.04
3.41
1.96
2.94
0.72
3.46
2.5
4.3
3.93
2.14
3.37
3.11
2.54
2.79
0.44
0.14
3.58
2.33
4.09
2.49
4.43
3.8
3.29
3.92
0.9
2.08
3.22
4.7
0.2
2.25
1.25
3.01
1
0.8
1.6
4.14
4.91
0.1
0.81
4.99
3.64
0.61
4.44
0.62
2.53
1.99
0.22
3
4.67
2.82
4.09
1.01
1.9
2.38
2.1
2.03
1.13
2.61
3.99
4.97
0.36
0.64
2.81
4.13
0.11
2.14
2.16
4.38
1.31
3.09
3.9
1.35
2.88
0.28
1.33
2.97
4.67
1.76
3
4.1
0.69
2.78
2.95
4.21
3.59
1.28
4.79
1.48
0.51
0.05
3.02
4.15
4.58
4.31
2.34
2.82
0.72
3.75
3.05
3.8
3.36
0.93
0.63
3.56
0.4
0.37
4.54
0.52
3.79
4.14
0.23
2.61
2.4
5
4.13
1.23
2.38
4.83
1.55
1.98
4.87
3.81
3.03
1.62
1.93
4.54
2.27
2.95
1.71
4.89
0.19
2.76
1.91
1.88
3.44
1.96
3.87
4.87
0.81
2.96
0.67
4.24
4.48
1.24
2.82
2.98
1.14
4.23
0.86
4.88
1.38
4.61
3.65
0.11
3.97
1.03
1.63
3.85
3.29
2.26
3.42
0.16
2.46
0.08
0.46
4.89
3.11
3.98
3.98
2.48
2.1
1.1
0.16
3.36
2.2
1.45
4.58
4.75
4.34
3.84
1.11
4.44
3.02
3.68
0.39
4.82
5
2.85
3.08
3.99
4.32
3.18
1.04
3.82
1.22
1.99
0.27
4.76
1.79
2.24
1.72
0.83
0.4
4.33
1.78
3.96
0.45
0.38
2.29
4.24
0.45
0.32
1.81
3.08
4.83
1.15
0.58
0.03
0.5
4.6
4.18
0.29
4.67
4.92
4.93
2.92
1.45
1.3
0.69
1.29
4.35
3.38
0.52
3.6
4.27
1.56
1.82
2.89
1.77
4.3
0.25
2.73
3.07
2.56
0.39
2.89
1.72
3.03
3.54
4.96
2.43
1.23
2.96
0.6
2.91
4
0.42
0.77
0.91
0.59
4.8
2.47
4.88
2.53
1.77
2.11
0.43
4.2
2.8
4.84
1.74
1.32
4.22
0.82
1.48
4.25
4.63
1.64
4.08
4.09
1.68
4.52
0.31
2.5
1.03
0.2
1.43
1.24
3.57
3.11
3.12
0.8
0.74
3.65
1.79
3.53
1.29
2.5
4.69
0.33
4.73
1.24
4.91
1.97
1.02
0.29
4.52
0.31
1.69
2.19
2.47
2.2
2.14
0.88
3.31
2.25
0.48
3.74
1.19
0.37
1.39
4.6
3.46
2.53
3.95
3.25
1.02
0.15
3.76
3.45
0.6
1.72
0.56
3.04
2.29
2.99
2.07
1.58
4.68
2.79
4.3
1.66
2.58
1.86
4.94
3.53
2.26
2.92
2.16
2
2.93
0.33
4.69
3.28
2.3
4.86
2.94
2.37
2.36
4.01
0.37
1.66
1.71
3.16
1.26
0.2
1.81
1.43
0.76
0.7
2.87
4.93
3.56
1.52
0.71
0.96
2.33
3.6
2.38
4.24
0.31
4.65
0.84
3.14
2.15
1.21
1.71
3.32
0.44
0.06
2.54
4.38
4.41
2.8
2.02
4.42
2.66
3.79
2.43
1.03
4.93
1.02
1.8
3.86
3.1
2.17
0.5
2.34
2.49
2.2
1.42
1.64
1.58
1.46
3.6
1.33
1.73
1.17
3.76
3.22
0.04
3.52
4.82
3.36
3.97
3.65
4.07
4.51
2.82
1.27
0.63
1.39
2.42
1.11
1.72
0.52
2.22
0.28
4.29
4.17
3.31
0.75
4.52
0.18
1.3
2.35
2.09
3.09
4.99
3.53
0.82
1.14
1.06
1.73
3.07
1.76
0.28
3.7
1.15
2.67
1.77
1.49
1.69
3.44
3.45
4.92
0.39
4.69
4.94
3
4.9
1.07
2.49
3.96
0.13
1.45
0.69
1.02
1.76
4.08
0.14
2.97
0.25
4.46
3.32
1.15
0.56
0.41
4.52
4.59
3.09
2.13
4.36
3.16
2.81
4.69
0.71
4.7
0.66
3.29
4.67
1.51
4.93
4.99
0.33
2.64
3.99
3.38
1.85
4.33
3.28
3.43
4.67
1.22
1.52
3.79
1.31
4.25
1.96
2.29
1.51
3.36
3.64
2.73
1.22
3.74
3.18
0.57
4.84
3.35
1.28
1.79
3.52
3.76
2.95
2.24
4.63
1.82
0.27
2.46
1.35
0.43
4.35
1.03
3.75
1.5
0.79
3.99
0.43
0.88
3.39
0.07
3.25
1.29
3.58
1.02
0.48
4.58
1.97
2.32
4.9
1.8
4.58
4.71
2.68
1.08
0.96
3.84
2.55
1.92
3.78
2.73
0.66
2.64
1.3
0.44
1.06
0.84
2.23
4.08
4.88
0.43
2.18
0.52
1.44
2.2
3.19
3.32
2.67
0.64
1.98
2.96
2.7
2.45
1.44
4.66
2.45
4.46
3.94
0.06
3.76
3.85
0.23
3.47
1.58
4.3
3.57
1.01
4.29
2.64
1.12
4.19
2.74
1.4
1.22
1.06
4.54
0.41
4.98
4.34
1.19
2.23
3.34
3.32
3.88
4.53
4.23
1.54
4.18
5
4.27
1.82
2.64
3.6
1.48
4.55
0.45
0.66
1.21
4.66
0.27
3.42
4.03
3.25
4.16
0.5
3.2
0.53
3.02
3.01
2.69
4.68
1.47
1.46
0.54
0.04
3.79
4.41
1.26
2.81
2.89
2.34
1.34
3.74
4.23
1.56
2.27
4.5
1.1
1.99
1.18
4.69
2.69
2.39
0.07
0.47
1.9
3.71
2.07
0.14
0.5
2.58
2.6
2.69
4.76
2.99
0.92
3.46
4.22
0.8
1.44
2.08
3.52
2.93
1.63
2.25
1.81
4.38
3.39
1.73
4.52
2.22
2.87
2.42
3.41
0.5
3.52
3.53
0.37
2.25
4.62
1.89
1.83
4.49
2.88
3.51
0.98
0.79
4.15
1.22
1.78
4.89
3.26
4.43
4.7
1.59
0.04
1.95
2.56
3.24
2.8
2.94
3.29
2.53
3.79
4.3
3.26
4.77
0.52
0.11
1.55
3.61
0.22
4.56
3.81
4.86
0.4
2.86
0.07
2.98
0.73
1.8
1.24
0.42
2.39
1.46
3.24
2.24
4.87
1.02
2.92
2.75
1.66
2.16
3.66
3.77
2.56
0.43
0.51
2.61
3.68
0.96
1.87
3.58
4.33
4.35
0.58
0.76
0.52
3.23
3.88
4
3.58
2.68
4.91
3.3
4
1.1
1.82
0.14
2.36
0.77
1.77
2.77
4.77
3.84
4.81
1.64
1.48
3.99
4.12
1.68
1.81
1.2
1.42
4.92
4.52
0.65
1.32
1.93
3.46
0.76
2.1
2.8
4.48
3.64
1.52
0.44
2.27
3.03
1.67
2.38
4.22
3.31
1.34
2.21
4.12
3.68
2.69
4.92
4.65
4.09
4.11
1.42
2.46
2.88
3.39
3.43
4.95
0.77
4.94
2.57
2.94
0.73
3.32
1.58
0.62
0.33
3.81
1.71
3.82
2.08
4.63
2.1
1.85
3.35
3.79
3.73
0.73
1.63
1.61
0.76
3.51
0.19
0.07
2.41
2.56
1.49
1.2
4.2
0.33
1.25
3.03
2.52
4.66
2.63
3.51
2.99
0.72
0.47
3.52
2.02
1.3
1.92
4.4
3.94
3.09
1.02
4.85
0.03
2.53
4.63
0.83
3.59
4.15
0.78
2.29
1.9
0.58
0.72
3.19
0.44
3.9
0.04
1.55
0.99
0.15
3.74
1.1
0.19
3.76
0.8
3.85
2.87
1.65
1.21
4.53
3.36
3.48
0.06
1.08
2.37
4.71
3.47
2.03
1.96
1.71
0.43
5
0.68
4.83
3.94
3.49
4.5
4.45
4.41
2.86
4.58
2.99
2.78
1.61
0.98
0.31
4.42
3.53
1.61
4.57
2.75
1.42
4.19
1.42
0.45
3.55
3.5
4.63
4.77
4.75
2.27
1.11
3.25
2.98
0.89
3.67
2.85
0.61
3.68
4.1
0.73
2.73
1.36
3.13
0.86
2.14
2.16
4.56
0.51
2.11
3.39
2.86
0.58
0.29
1.33
0.24
0.32
4.01
4.96
4.88
4.76
2.81
0.87
3.51
3.66
2.6
4.26
3.79
1.88
3.95
0.55
2.58
2.99
0.39
4.01
0.15
1.36
2.62
1.48
3.57
2.25
4.32
0.28
1.87
4.12
2.55
3.22
3.27
4.8
1.96
1.1
2.83
3.53
3.84
1.92
1.45
0.6
0.38
4.8
0.65
4.94
1.48
1.92
1.3
1.31
4.54
0.49
2.52
3.03
1.36
4.21
4.45
1.99
2.61
0.07
3.1
1.63
1.06
0.9
0.5
1.68
1.61
0.44
0.24
2.33
1.72
3.35
4.5
1.89
0.08
0.52
0.7
4.9
0.16
2.71
3.59
3.72
3.88
3.4
3.04
4.57
4.68
0.63
2.78
2.88
4.5
3.79
4.9
0.1
2.83
4.97
0.02
3.69
4.96
2.69
1.55
3.08
1.49
2.57
2.63
3.25
0.27
3.6
1.43
2.2
0.55
3.19
2.16
2.45
0.25
4.44
2.22
3.94
4.51
0.77
0.41
1.86
1.33
4.24
3.15
4.52
3.04
0.16
0.35
4.17
3.74
2.9
3.51
2.22
4.75
2.92
1.73
3.56
3.78
3.79
2.12
1.36
0.6
0.43
1.56
2.89
4.25
3.56
3.09
1.52
2.73
4.23
0.91
0.49
0.34
2.07
0.06
2.72
2.28
0.54
1.73
1.27
2.7
1.87
4.39
1.13
4.72
0.87
1.01
2.05
3.38
0.66
0.16
1.77
0.15
4.05
4.54
1.37
1.41
0.29
1.16
2.73
0.12
1.32
4.76
2.32
3.12
3.59
3.09
1.76
3.15
3.63
2.96
0.12
0.89
0.42
1.91
2.46
3.26
0.63
2.61
0.59
0.6
1.12
4.08
4.83
3.65
3.15
4.9
3.64
3.97
0.81
2.88
2.72
1.57
0.05
2.36
1.75
3.26
3.54
1.66
3.43
1.37
2.6
3.89
2.25
2.81
4.73
2.94
1.86
0.68
5
4.79
1.72
0.27
4.23
2.26
0.72
4.13
0.55
3.99
1.95
0.81
4.74
3.19
1.12
4.2
1.45
1.76
0.82
2.6
1.17
3.6
4.23
3.32
3.45
1.2
0.87
1.38
4.97
2.17
1.82
2.78
2.3
2.74
2.12
3.06
0.66
4.87
2.74
1.36
1.09
3.8
2.19
4.54
0.86
2.49
0.3
3.54
4.28
0.75
1.58
2.79
4.68
2.08
2.58
1.65
2.83
4.82
4.1
3.72
4.23
0.94
1.48
4.29
2.82
3.84
1.41
1.78
4.76
1.59
3.54
1.44
1.12
2.39
0.14
1.02
3.35
3.67
4.73
0.66
0.69
3.97
3.61
4.33
1.92
3.85
3.96
3.61
1.19
3.66
2.33
0.84
3.65
3.89
2.82
0.63
4.88
3.07
1.08
3.94
2.52
4.4
3.97
2.52
0.67
1.88
2.73
0.21
3.77
4.72
3.53
0.56
2.34
1.53
2.53
3.27
0.41
4.17
0.42
0.57
3.05
0.66
1.28
4.18
4.51
3.22
3.5
4.11
3.09
1.08
4.28
1.62
3.41
2.13
3.46
1.92
2.88
2.15
0.56
2.3
3.89
4.38
0.52
1.9
4.76
3.26
0.24
4.59
4.26
1.08
1.5
3.92
0.84
0.52
1.29
3.16
0.21
2.02
2.07
0.84
3.2
2.13
2.3
4.46
1.04
2.51
3.84
1.03
4.22
1.77
0.82
4.57
4.31
0.99
1.47
1.51
3.05
2.58
4.06
1.67
3.78
4.93
1.25
0.34
3.76
0.1
4.39
0.86
2.35
4.65
3.06
3.75
0.24
1.47
4.73
0.23
4.26
1.77
2.69
1.62
0.04
1.45
0.21
1.87
4.26
1.15
4.54
3.21
0.57
1.13
4.85
4.76
4.37
1.26
0.1
1.21
0.79
0.95
0.51
3.78
1.65
1.64
4.99
0.78
0.62
2.2
0.41
4.85
4.49
1.76
1.44
0.21
2.75
3.03
2.45
3.16
0.65
4.71
3.31
2.41
2.48
0.42
3
2.07
3.25
1.78
0.58
2.31
3.79
2.61
0.42
1.82
1.9
3.52
1.2
1.21
3.18
1.08
1.83
0.65
1.7
4.52
4.48
0.13
2.86
2.58
0.57
4.89
2.54
1.49
1.46
4.11
0.7
2.26
2.6
3.5
3.48
2.59
4.62
2.04
1.3
4.47
4.42
2.34
1.28
4.24
0.59
3.93
4.17
1.21
0.23
1.65
2.75
0.53
0.28
3.64
3.67
4.35
2.21
1.24
2.54
3.54
3.1
3.93
4.31
3.74
4.44
2.79
0.6
3.39
2.55
1.56
3.33
1.2
0.31
0.54
3.31
3.89
1.3
3.93
1.21
4.56
0.29
4.21
1.47
2.74
4.74
2.85
1.16
0.59
0.02
0.82
4.11
1.17
3.85
1.45
1.92
3.01
4.45
2.16
4.56
0.57
0.01
3.15
2.18
3.4
2.61
1.62
3.22
3.9
4.91
5
3.54
0.27
0.04
1.42
2.52
1.37
1.03
0.21
4.64
1.89
2.45
0.76
1.46
3.2
0.56
4.82
2.81
3.51
0.11
1.13
4.35
0.42
3.44
2.76
2.57
3.23
1.76
2.03
3.74
2.11
0.88
4
4.75
3.26
3.44
3.4
1.84
4.88
4
0.53
3.56
1.87
4.27
4.37
1.35
2.69
2.5
3.89
0.79
3.49
2.19
3.77
4.66
0.34
3.33
2.88
1.39
0.76
2.28
4.92
1.99
0.23
1.83
0.29
0.34
0.98
2.52
2.28
3.34
3.56
4.53
0.85
3.98
3.67
1.95
2.52
4.03
4.62
0.3
3.36
4.92
4.83
1.07
1.77
1.28
4.95
2.92
4.69
3.43
0.29
3.66
1.45
4.26
1.41
0.49
3.62
2.64
2.91
3.34
2.76
0.4
4.28
2.72
2.72
1.37
1.71
1.89
0.7
1.62
1.49
3.84
3.6
1.67
3.44
3.95
4.04
4.29
4.53
1.13
