2.44
2.66
4.59
2.46
3.2
4.74
4.89
1.72
1.9
2.47
3.22
4.88
4.75
1.87
4.57
0.78
4.79
0.17
1.51
4.23
4.17
0.43
1.49
2.08
4.32
1.92
0.41
2.88
0.72
0.74
4.8
1.57
2.65
4.66
3.44
4.53
2.81
1.82
3.71
1.77
4.54
2.88
3.31
2.55
0.46
1.7
4.07
1.05
2.32
3.85
4.65
4.79
0.72
2.62
4.01
3.23
1.36
1.57
3.98
4.3
1.21
3.28
0.2
2.27
0.65
2.24
1.81
4.73
2.39
0.16
2.9
0.03
0.1
2.22
2.74
2.48
4.14
0.45
1.78
3.73
3.42
0.48
1.1
1.03
0.18
5
1.1
2.26
2.97
2.44
1.24
1.05
2.08
4.68
1.67
3.53
0.39
3.83
0.75
3.52
3.54
1.11
1.56
1.57
1.4
1.11
2.28
3.35
3.56
4.33
0.86
2.12
4.92
1.35
2.44
0.28
3.05
0.06
2.35
4.25
0.24
2.47
1.45
3.58
2.14
0.38
4.06
1.79
1.41
3.8
1.76
3.69
3.98
2.67
2.82
4.44
1.06
1.38
1.73
0.87
1.37
0.8
3.92
0.82
2.19
3.49
4.19
1.37
1.52
1.09
3.54
2.23
0.66
0.23
0.24
2.65
3.48
4.03
2.36
4.57
4.95
0.75
2.84
2.57
0.75
2.9
3.33
3.3
1.11
2.14
3.56
2.12
1.85
3.47
2.52
4.83
0.21
4.48
0.35
1.89
5
3.02
4.86
2.58
2.03
1.49
1.62
3.57
4.53
3.7
3.67
0.15
2.45
1.77
4.75
0.57
1.23
3.81
1.13
3.05
0.51
0.65
3.66
0.98
3.49
2.89
4.97
3.58
4.54
4.52
1.93
3.79
1.76
1.93
4.93
1.88
1.24
0.9
4.49
2.34
4.65
1.89
0.51
3.41
4.74
0.43
3.59
0.79
4.95
3.07
2.83
4.93
2.58
4.5
4.36
1.04
0.69
2.87
4.15
0.63
2.57
0.05
1.91
0.62
2.34
0.94
2.39
3.11
1.53
4.15
0.02
4.85
2.22
3.15
3.36
2.34
4.89
3.45
3.37
0.95
3.63
0.66
2.32
4.28
0.19
1.4
4.11
2.43
4.43
4.02
2.37
2.76
4.16
2.16
4.54
4.03
2.27
0.3
1.74
1.11
4.78
1.18
4.32
3.98
3.82
4.96
4.83
2.5
0.08
0.33
2.9
0.45
2.89
2.88
3.91
4.03
0.3
3.92
3.49
3.47
4.44
2.93
4.05
0.75
3.34
4.58
4.99
3.41
0.81
1.46
2.24
0.09
1.44
3.56
4.99
2.34
0.4
3.18
3.2
2.37
0.51
3.38
0.52
2.77
2.65
1.55
0.94
4.24
0.75
1.83
3.08
2.49
3.09
2.6
1.92
3.67
1.93
2.7
4.39
0.05
1.11
4.29
4.94
0.46
2.63
3.86
1.56
3.64
1.54
0.75
5
1.74
3.19
3.76
3.16
4.38
1.29
1.75
4.88
2.65
1.34
1.73
4.76
4.71
1.53
3.01
4.98
1.91
2.56
1.07
0.08
4.86
2.26
4.08
1.76
4.94
1.73
2.06
4.61
4.69
1.73
3.05
1.77
2.5
3.06
4.89
1.3
4.26
2.2
2.53
1.15
4.59
0.88
0.49
0.37
3.82
0.2
3.47
4.11
2.52
0.8
0.23
0.64
3.42
4.71
4.44
1.13
3.32
0.42
2.08
2.73
2.94
3.82
0.74
3.88
3.85
2.57
3.01
5
2.16
0.87
1.49
2.58
2.88
1.69
4.58
2.33
1.14
1.05
2.29
0.72
3.96
3.71
1.61
1.6
0.15
0.33
3.82
3.29
1.58
0.81
0.37
4.72
1.59
0.23
2.67
3.59
1.64
1.42
4.16
1.43
0.78
3.65
0.76
4.34
2.22
2.98
2.05
4.3
0.22
0.24
3.59
2.83
1.28
0.39
2.32
4.69
1.85
3.45
3.68
1.9
1.29
3.66
0.16
4.33
1.11
0.81
4.66
2.39
1.06
0.53
1.75
3.33
2.59
4.94
4.63
4.72
4.22
0.55
3.58
2.93
4.81
1.8
1.78
2.48
4.83
3.4
3.5
2.51
3.3
0.42
0.31
2.65
1.39
4.86
2.42
3.72
3.2
0.97
1.54
0.93
4.85
1.93
3.17
4.91
0.62
4.71
1.48
0.8
4.15
0.98
2.01
4.78
0.91
2.7
0.38
3.69
2.78
4.08
2.65
2.39
1.76
2.22
0.96
2.82
4.67
0.27
1.62
2.28
1.8
1.84
2.92
4.66
2.27
3.03
2.23
0.03
4.66
2.96
3.2
3.33
2.19
3.74
4.16
0.34
1.26
0.43
2.42
1.51
2.43
0.06
2.19
2.79
3.01
1.31
1.29
1.35
1.94
2.38
2.54
1.09
1.53
0.63
2.99
2.11
0.96
1.83
1.93
1.44
0.35
3.84
0.83
4.57
1.77
1.39
0.44
1.91
4.86
3.74
0.96
0.72
4.19
3.35
1.47
4.82
4.08
0.85
0.01
0.08
3.43
3.73
1.3
4.78
4.73
2.96
1.04
0.39
0.69
1.25
3.01
2.56
1.7
1.28
2.71
2.09
3.29
2.93
3.67
4.88
3.25
0.93
3.53
0.32
2.58
2.88
3.07
2.03
2.42
4.83
3.14
1.34
3.55
2.41
2.98
4
4.24
4.13
1.56
1.16
2.65
2.09
1.14
0.52
3.59
1.01
2.47
0.33
3.83
2.48
0.12
1.44
0.44
2.71
3.73
3.26
3.15
0.15
0.77
1.87
4.17
3.43
3.77
4.99
0.84
3.39
4.21
3.16
1.07
4.83
1.79
3.25
0.38
2.74
0.97
1.02
4.74
1.62
1.35
1.38
3.7
1.28
3.6
3.66
0.74
3.61
3.98
0.52
1.44
1.6
2.88
3.48
4.52
0.81
1.79
0.35
3.48
2.3
1.47
2.85
1.54
3.15
0.82
1.55
1.83
1
2.74
1.91
2.7
2.73
2.89
3.18
1.72
4.6
1.74
4.94
3.64
2.28
0.18
1.01
3.1
1.99
1.65
1.49
4.5
2.48
1.56
1.99
1.58
0.52
4.24
2.86
1.13
4.63
0.55
1.03
0.4
0.48
3.98
2.26
3.61
3.85
4.34
3.04
3.65
4.06
2.47
1.84
4.44
2.08
4.24
3.4
2.22
4.56
3.76
0.03
3.37
4.24
0.14
0.07
3.56
0.82
0.55
1.17
4.3
0.07
2.5
2.14
0.1
3.93
2.63
0.89
3.29
3.48
0.84
0.92
2.83
2.45
1.95
3.89
3.09
1.25
0.83
2.34
3.75
4.69
0.68
4.16
2.54
1.8
0.16
0.37
3.4
0.4
3.57
2.11
2.84
3.94
4.69
1.36
4.82
1.19
2.8
2.92
2.08
2.79
0.3
0.72
3.76
2.34
1.75
1.89
0.14
3.53
2.12
2.45
3.59
4.16
1.18
1.01
1.13
2.46
1.86
0.19
0.05
2.39
0.73
2.02
0.52
0.23
1.69
0.54
4.29
2.85
4.25
4.11
1.39
2.85
4.53
0.63
0.67
2.26
3.36
0.96
4.96
3.6
4.34
2.25
1.08
0.47
4.62
2
0.58
4.51
4.37
2.99
1.41
2.52
4.82
1.44
2.36
0.6
3.99
3.12
0.86
0.29
1.75
2.48
0.66
3.07
4.8
2.65
0.26
4.69
3.44
3.31
0.43
1.34
4.12
4.01
1.47
3.65
2.84
0.2
3.89
2.93
0.86
0.26
2.78
4.36
1.16
4.26
1.48
1.73
2.06
4.65
1.48
2.2
0.23
1.9
1.09
3.37
0.07
1.93
3.14
4.02
4.08
4.56
1.45
4.93
0.99
4.21
1.63
0.02
0.28
4.92
1.92
0.71
2.84
4.79
4.23
3.48
1.98
3.03
0.94
2.64
0.11
4.82
1.44
2.3
1.04
2.62
0.24
3.46
0.84
3.92
2.99
0.11
2.93
3.97
3.28
3.94
0.23
3.03
3.84
2.56
2.45
1.27
4.74
0.99
0.71
1.31
1.37
1.99
0.12
4.58
3.05
4.01
1.59
1.47
4.97
0.96
1.91
4.67
4.06
2.68
4.79
1.46
4.16
0.13
4.05
3.09
1.48
2.45
2.68
3.85
1.45
0.72
4.5
4.46
0.44
1.35
2.56
4.64
0.85
0.58
1.63
1.7
2.63
3.84
1.9
3.11
3.46
0.97
1.47
4.51
1.24
3.73
1.73
4.46
2.9
3.09
2.35
4.04
2.31
2.56
0.6
4.21
4.67
3.02
1.93
3.46
4.5
3.06
1.88
4.73
3.1
3.14
4.01
1.76
0.12
5
0.14
2.03
4.71
2.31
1.33
1.26
2.2
4.33
3.22
4
4.84
1.5
1.14
2.91
3.37
4.54
1.84
4.93
4.76
1.4
3.77
1.08
0.15
4.2
2.1
0.31
0.14
0.08
3.01
4.1
3.95
0.93
2.29
3.87
1.47
0.13
4.26
2.64
4.35
0.81
4.61
0.05
3.54
2.17
2.38
0.4
2.43
2.26
2.79
1.45
3.16
1.53
4.18
1.95
4.49
0.01
2.1
3.81
0.59
1.75
2.07
0.77
4.93
3.11
4
2.54
1.03
0.77
4.8
4.1
1.13
0.65
1.95
1.09
1.16
4.13
4.28
0.05
0.77
1.55
3.45
2.14
2.12
4.13
0.86
4.09
1.49
0.7
1.97
3.37
1.54
1.98
3.66
1.9
0.77
3.3
1.27
4.35
4.78
3.53
2.43
4.77
1.61
3.74
4.48
4.77
0.78
4.77
0.11
4.9
0.16
2.72
1.02
3.09
1.43
1.68
3.44
4.23
1.26
1.03
4.76
2.9
3.08
4.52
0.91
0.47
4.3
2.66
1.78
3
1.31
2.41
3.84
1.09
0.15
0.48
4.5
0.8
1.62
5
4.69
2.96
0.66
4.35
1.17
0.7
2.78
3.67
1.82
3.19
0.01
3.04
0.64
1.6
0.12
4.39
4.96
3.27
2.11
3.67
3.26
3.89
1.19
3
4.76
3.89
3.63
4.99
0.79
4.93
2.11
1.66
1.7
4.55
0.87
0.9
4.89
1.22
1.11
3.31
3.2
1.38
0.93
2.63
1.87
3.63
2.96
2.69
2.44
3.5
0.07
3.53
2.42
3.09
1.78
2.59
4.47
4.93
4.99
0.5
3.18
3.48
0.8
1.08
4.3
4.87
1.44
2.04
3.36
0.94
4.56
4.77
1.83
2.69
0.84
2.71
4.03
4.04
2.43
2.46
3.86
2.24
3.38
2.52
2.94
3.41
1.45
0.2
2.71
2.17
0.61
4.09
3.73
1.54
1.34
2.57
1.58
3.06
2.4
1.83
2.44
0.84
1.74
4.37
0.19
2.56
4.67
1.58
0.64
2.32
0.75
4.07
1.09
3.08
3.91
1.26
0.12
1.95
2.13
1.58
1.88
4.31
4.14
1.26
3.14
3.14
4.77
0.33
0.1
0.29
3.18
3.05
3.72
3.04
4
3.45
0.65
1.72
2.2
3.09
2.36
0.16
2.19
3.26
0.03
3.47
2.11
4.55
1.37
4.96
3.48
3.39
4.84
0.6
3.66
4.46
3.63
0.49
0.75
0.86
1.01
0.42
0.59
0.7
1.32
0.96
0.69
0.18
0.59
4.9
4.38
2.41
3.02
2.4
1.67
1.69
3.3
0.71
4.94
0.04
1.66
4.68
0.08
3.07
2.93
1.58
1.14
4.47
4.3
0.41
2.35
3.13
1.36
1.08
0.27
2.49
2.79
1.79
4.43
0.46
2.51
2.82
3.09
4.13
2.75
0.26
2.63
2.88
2.17
3.27
2.36
4.34
4.3
3.53
1.85
0.17
2.74
1.21
1.51
3.48
3.9
4.57
4.03
2.28
0.62
3.37
2.67
3.52
1.77
2.95
1.78
3.43
1.59
3.87
2.17
3.64
4.22
4.19
3.42
1.13
2.88
0.88
0.94
4.1
2.25
0.3
3.74
3.32
0.84
1.87
2.39
1.03
1.51
3.34
0.41
0.54
1.31
4.47
1.71
2.85
0.98
0.17
0.65
2.55
2.41
3.3
1.29
1.63
2.25
2.18
1.33
2.26
3.98
1.22
1.14
4.85
0.37
4.25
1.29
3.89
1.31
1.63
1
3.66
2.17
2.81
2.1
4.33
0.06
0.06
3.29
3.58
1.25
2.76
4.57
4.89
5
1.65
3.94
1.01
2.81
0.94
4.09
4.12
0.85
1.85
0.42
3.06
4.28
2.4
0.31
2.71
4.6
1.28
0.03
2.84
4.79
3.84
0.58
2.98
0.58
0.17
4.76
3.49
4.49
0.89
4.09
4.67
3.31
1.23
3.88
2.59
1.1
3.08
0.36
1.28
0.34
4.93
4.76
0.34
1.24
4.45
2.1
3.62
0.33
2.63
0.05
0.97
4.89
0.46
1.49
4.71
2.77
0.14
4.34
1.9
3.06
0.81
1.32
0.06
0.34
1.02
4.41
3.91
3.66
0.12
2.95
1.39
1.17
0.54
2.5
3.1
2.13
1.84
0.89
1.2
3.19
4.78
2.44
3.88
2.26
3.95
0.86
4.06
4.8
0.22
1.46
0.25
1.96
3.52
3.99
3.76
0.97
1.68
4.09
0.81
3.01
3.5
3.57
4.76
1.82
2.4
3.3
3.6
1.03
0.46
0.87
1.74
1.4
3.72
1.74
3.38
1.55
4.84
1.05
0.59
3.01
1.12
2.14
3.96
3.35
1.41
4.42
3.47
2.66
2.17
3.83
1.58
2.13
0.27
0.57
4.18
3.16
0.51
2.45
1.68
4.77
1.68
4.38
4.67
1.41
2.02
1.41
3.49
3.76
1.51
1.47
2.98
0.17
1.86
4.17
1.24
2.96
1.43
0.13
2.81
4.44
0.86
4.58
1.53
0.09
0.09
1.47
2.25
4.87
0.3
0.44
0.68
0.35
3.7
0.08
3.93
4.45
2.74
1.62
3.89
1.42
4.17
0.77
4.93
2.22
1.24
3.87
3.04
1.89
1.7
2.4
4.52
3.32
1.91
4.65
1.28
3.54
3.28
0.53
1.91
2.65
3.21
0.09
2.68
3.61
2.87
0.84
3.5
3.45
2.37
1.15
3.09
3.29
4.89
4.67
4.18
1.57
4.73
3.26
1.12
2.84
0.49
4.62
3.98
3.5
2.88
3.6
4.86
4.28
0.46
1.67
3.06
1.61
2.25
1.86
0.58
1.25
4.8
4.7
2.1
3.64
2.48
1.67
0.37
2.88
2.65
2.46
0.44
4.05
0.08
0.94
4.8
2.74
2.35
3.3
0.95
4.07
0.75
2.73
2.24
2.04
0.31
3.35
3.06
1.48
0.01
1.02
3.06
0.96
3.97
1.72
0.39
0.22
3.83
4.73
3.85
2.96
1.34
1.23
3.13
3.28
3.18
3.47
4.5
1.2
2.51
1.77
4.73
4.85
2.63
4.18
2.83
4.5
1.15
4.35
2.41
2.11
1.8
3.9
0.39
1.04
1.42
4.86
4.89
0.63
0.89
0.23
1.53
0.17
2.45
3.01
2.4
4.52
4.86
4.6
0.81
0.12
2.24
2.09
4.07
4.38
2.06
2.43
4.04
3.66
2.65
2.31
0.94
2.57
4.28
3.29
4.82
1.46
2.01
0.6
0.04
3.69
4.42
1.33
3.39
3.79
3.83
2.52
3.58
2.46
0.1
1.73
3.76
0.61
4.15
2.62
3.17
2.25
3.1
2.21
1.36
0.46
4.41
4.71
1.71
2.35
3.52
0.55
0.37
3.05
0.12
1.62
1.77
1.97
3.66
2.99
1.7
2.23
1.46
1.79
3.06
0.3
2.24
2.77
2.64
2.34
0.2
3.49
4.34
2.14
1.78
4.64
4.37
1.42
1.67
1.24
2.78
0.83
4.72
3.01
2.55
4.42
1.94
3.1
3.9
3.61
2.98
2.2
1.96
0.86
4.87
2.41
0.1
2.55
3.29
4.15
2.87
1.43
4.55
0.81
0.3
0.42
4.39
0.94
0.73
3.04
0.38
0.99
2.38
1.42
1.16
3.44
3.11
0.93
3.48
1.5
2.35
0.05
0.75
2.08
4.16
4.94
1.55
3.2
2.12
0.69
2.38
4.08
2.81
4.43
2.76
3.72
1.62
4.88
0.11
4.92
4.97
1.41
0.6
3.25
1.06
0.61
2.65
1.04
3.3
2.02
2.61
0.26
3.36
1.94
0.08
1.31
1.84
2.22
2.5
4.25
1.53
1.98
2.92
1.03
1.76
3.4
3.37
3.45
1.94
3.43
3.07
3.4
4.23
0.57
1.19
4.14
0.68
3.49
1.33
1.14
2.22
2.31
2.94
0.94
4.24
1.46
4.28
4.28
2.96
3.7
0.31
3.65
4.29
1.97
3.84
2.37
2.76
2.27
3.05
1.24
0.73
0.73
4.88
2.2
2.84
2.14
0.73
2.14
1.5
4.6
3.28
4.86
1.54
0.97
2.23
0.75
3.18
4.45
2.19
1.88
1.73
1.24
3.25
0.99
4.88
3.84
1.87
3.29
4.59
0.29
0.18
4.27
0.71
4.96
0.76
0.98
0.06
0.09
1.09
3.29
3.37
0.93
3.02
0.87
3.52
0.01
2.11
3.53
4.28
0.43
2.42
4.07
1.94
3.15
3.26
0.82
0.81
4.37
1.95
2.17
0.49
0.56
3.94
3.02
0.2
1.64
0.71
1.99
0.61
3.17
3.73
0.47
2.35
4.63
3.03
2.53
0.44
3.9
3.58
1.3
4.47
2.29
4.2
3.54
0.35
4.11
1.46
2.06
4.09
4.72
0.66
4
1.19
2.99
4.31
1.44
2.02
4.24
3.14
2.68
1.62
0.15
4.15
4.94
1.01
0.75
1.05
0.71
0.83
4.36
2.23
0.65
1.68
4.33
4.72
1
0.72
3.23
0.11
4.95
2.7
1.6
2.19
0.44
4.14
1.55
1.73
2.11
1.33
3.97
2.96
3.11
2.21
3.52
3.31
4.33
3.05
3.51
1.75
0.84
4.34
2.83
1.67
4.56
4.64
4.91
3.7
4.58
0.27
1.52
1.73
3.88
4.35
2.24
0.59
1.79
3.54
1.72
3.78
3.31
4.35
2.03
1.5
1.47
3.19
2.45
3.76
4.75
0.13
1.44
4.65
4.13
3.36
4.86
0.3
4.38
4.48
0.61
0.35
1.64
1.93
1.45
2.68
2.47
1.02
0.47
3.9
4.45
0.23
3.42
4.5
3.38
2.05
0.08
2.98
4.28
1.07
1.78
3.92
1.28
2.41
2.16
1.39
0.52
2.05
0.98
0.71
2.01
1.6
3.82
1.71
4.46
3.03
3.03
1.91
2.56
2.31
1.4
4.77
4.34
2.68
1.9
4.75
0.39
3.22
3.18
0.15
3.76
0.06
1.51
4.49
3.12
1.4
0.01
4.07
0.07
4.59
4.34
4.18
1.71
0.95
1.39
4.88
1.06
3.28
1.63
2.61
4.86
0.41
0.58
2.5
2.74
1.97
0.17
1.85
2.35
2.41
1.81
1.99
0.57
3.69
1.64
3.22
2.46
4.56
0.71
0.33
1.7
3.4
4.76
4.88
4.44
4.8
4.09
0.15
2.68
0.83
0.78
1.73
0.84
1.93
2.09
2.87
0.38
3.91
0.83
2.14
4.57
4.37
0.9
3.13
0.02
2.96
1.55
4.27
2.87
3.69
0.46
3.03
1.84
0.01
0.93
1.17
2.87
0.43
2.2
0.54
3.59
0.37
1.17
4.07
0.7
2.83
0.46
3.86
1.99
4.71
4.4
2.97
2.04
4.08
3.57
2.79
4.37
3.06
1.38
2.7
0.56
3.41
2.04
4.06
1.54
0.73
4.27
3.38
0.71
1.64
0.28
0.19
4.79
1.79
3.91
0.37
3
3.28
2.16
4.17
3.21
4.16
0.5
0.83
3.83
2.79
2.13
3.46
0.25
2.74
1.4
0.54
1.92
4.71
2.21
3.86
4.79
2.47
3.61
0.59
4.47
1.9
0.25
2.4
4.1
3.63
2.16
2.07
4.77
3.41
3.59
1.18
0.24
2.92
3.16
1.19
2.23
2.54
0.13
3.7
4.37
0.34
1.47
3.45
1.76
0.13
0.71
2.44
1.13
4.41
1.42
2.75
0.06
1.01
3.38
3.7
3.89
4.95
4.05
3.78
2.5
2.41
4.75
4.48
3.33
4.08
2.26
2.7
3.13
3.28
1.1
3.43
3.92
2.41
1.76
0.13
3.72
1.23
0.97
1.51
3.53
0.91
4.27
4.89
2.21
1.58
2.62
1.05
2.89
3.45
2.89
0.57
2.25
3.41
2.4
2.28
0.76
2.35
3.88
2.48
4.69
1.35
2.9
1.2
2.53
3.39
1.24
5
4.92
4.42
3.51
3.95
0.4
2.19
0.76
2.42
3.8
4.29
3.59
3.57
1.48
4.61
3.21
4.17
4.02
4.79
1.94
0.53
1.97
0.13
0.69
4.84
4.14
0.04
4.01
0.1
1.38
0.05
0.82
4.56
2.47
4.29
2.09
4.77
3.71
4.77
3.35
1.13
3.01
4.03
0.56
2.51
2.61
3.95
2.93
0.67
2.22
4.93
2.41
3.45
1.22
4.66
3.49
3.7
2.38
0.84
2.57
4.65
0.94
2.43
1.11
0.89
3.42
0.63
3.32
1.86
4.76
1.25
2.73
3.54
3.39
0.73
4.37
1.11
0.95
