1.63
0.26
1.39
3.73
4.99
5
2.94
3.09
2.04
4.19
1.1
2.31
4.52
2.98
0.3
2.31
3.47
4.34
2.22
2.12
0.53
2.64
0.42
1.08
3.12
2.23
2.39
3.28
0.24
3.36
3.44
0.6
0.48
4.74
4.41
3.52
1.06
1.32
1.03
0.28
0.1
3.83
0.58
2.57
0.23
2.75
0.13
3.95
4.59
2.21
0.03
3.49
1.27
2.25
4.03
4.44
2.25
2.9
0.93
1.56
3.24
0.23
2.56
2.5
4.1
3
1.47
3.36
1.94
2.06
3.81
3.61
1.78
4.17
0.3
0.61
2.97
2.61
0.64
1.62
1.89
2.29
4.63
0.02
4.58
1.77
2.59
0.45
2.01
1.24
3.49
2.12
3.5
4.24
1.23
1.94
3.67
4.23
4.34
1.35
3.46
1.06
3.8
0.98
0.08
3.97
2.23
0.72
1.59
3.74
2.54
4.6
3.35
1.18
2.38
3.83
1.82
1.67
3.2
4.02
3.12
3.63
1.15
1.04
2.88
1.5
0.7
4.26
3.84
3.1
0.59
3.08
3.86
1.51
4
0.44
3.95
0.95
2.33
4.51
0.69
2.76
3.27
3.8
0.87
2.49
3.5
2.56
1.77
4.35
1.12
1.38
0.44
2.73
1.67
1.47
1.65
0.11
1.38
2.08
4.32
4.91
2.72
2.39
0.12
3.33
4.12
4.78
2.57
0.98
1.53
1.3
5
1.85
2.34
4.83
0.36
4.7
3.72
0.22
2.18
4.63
1.76
1.37
0.06
3.71
0.83
3.9
4.62
1.52
1.71
3.93
3.2
3.9
1.17
0.32
1.13
2.59
1.33
3.74
2.4
0.77
0.38
1.19
1.21
0.34
0.97
0.92
2.54
0.66
0.64
4.7
3.93
2.31
2.64
4.69
1.62
3.65
1.3
1.62
3.66
2.46
3.21
2.43
2.8
0.73
3.86
0.25
0.13
3.37
1.72
3.6
4.61
4.46
4.8
3.5
3.35
1.24
3.12
3.95
3.45
3.19
4.03
2.78
0.75
1.14
1.06
3.81
4.68
0.28
4.53
2.26
2.83
1.69
0.53
1.96
2.16
2.79
4.25
3.82
0.35
1.51
2.28
0.18
4.16
0.14
1.06
4.01
3.42
1.59
4.23
3.52
2.35
3.54
1.89
1.27
4.86
1.74
1.05
2.33
2.49
3.77
4.93
0.23
1.27
4.74
4.05
1.74
0.59
3.9
1.26
4.41
2.64
0.26
1.64
3.75
3.94
4.95
2.76
0.93
3.44
0.77
1.8
1.4
1
2.5
3.88
0.68
4.54
4.45
0.93
1.36
2.34
0.82
1.11
1.28
1.45
4.28
1.99
1.3
4.01
0.51
0.83
0.87
2.21
4.98
2.13
2.84
4.57
2.26
2.84
2.84
3.35
4.16
3.83
2.07
1.44
1.17
0.28
3.83
1.01
2.77
4.92
2.58
3.9
4.27
2.64
1.07
2.06
4.52
1.24
1.59
0.76
2.2
1.99
1.15
2.51
2.65
3.47
1.1
1.84
4.77
3.05
3.99
0.06
0.64
2.75
0.66
2.6
1.62
1.74
4.12
3.98
1.15
2.48
4.52
2.15
4.71
4.25
3.95
0.24
3.39
4.96
2.87
1.07
1.75
3.78
3.26
2.36
4.38
1.18
4.24
0.07
4.4
0.7
1.7
2.3
2.62
4.06
0.38
2.1
0.86
1.25
3.01
0.57
2.67
3.03
2.28
2.45
0.01
0.1
2.59
4.2
3.33
1.92
0.84
4.91
0.01
2.24
1.1
1.68
0.73
0.86
2.6
4.16
0.34
4.01
1.09
1.99
2.84
2.9
0.15
1.63
2.39
2.6
1.15
1.15
3.3
2.61
2.73
1.8
3.53
4.78
1.63
1.07
0.31
1.53
2.28
1.39
4.98
4.92
3.47
3.53
4.48
1.4
2.93
2.96
3.83
0.08
0.15
2.47
1.68
4.22
2.59
3.5
4.93
2.67
2.72
1.13
1.47
4.47
4.06
3.2
4.6
0.5
3.27
3.61
3.63
3.27
4.92
0.38
2.81
2.59
0.21
2.7
0.2
2.65
4.81
4.05
1.52
0.75
0.15
3.67
0.07
2.75
0.95
3.85
1.23
4.17
4.93
4.6
0.95
4.39
4.01
0.98
1.15
1.65
2.4
4.66
2.31
3.08
2.26
3.86
1.84
2.24
3.14
1.84
1.14
4.04
3.58
1.32
3.64
2.33
0.07
1.46
2.56
4.17
2.78
1.32
3.61
1.35
4.2
4.32
4.11
4
2.21
0.07
4.11
1.7
0.62
3.83
3.57
4.49
3.81
1.62
3.17
3.52
3.42
1.52
1.01
0.76
2.4
1.64
4.08
1.96
0.07
2.38
2.69
4.93
0.05
2.79
0.29
4.54
3.13
3.54
3.29
3
3.83
1.13
2.22
4.46
4.56
3.87
3.19
2.69
2.93
2.6
4.97
0.92
1.17
4.81
4.12
1.57
4.25
4.56
4.84
4.49
1.43
1.98
1.84
0.31
3.94
4.04
4.27
0.7
2.46
2.26
2.95
4.6
1.41
0.71
2.19
0.9
3.88
3.57
2.07
3.15
4.83
0.61
1.1
2.16
3.17
0.86
0.29
1.12
3.87
0.93
1.19
1.6
2.53
4.47
4.7
2.19
4.16
1.47
1.29
3.05
2.15
0.45
2.26
0.5
4.61
3.48
4.56
3.44
4.93
3.65
1.14
1.07
2.76
0.08
2.48
1.77
2.01
1.62
4.85
0.58
3.73
4.05
0.31
2.4
4.76
3.41
1.09
4.82
4.21
1.71
4.49
0.31
1.73
2.96
3.4
0.52
2.76
2.75
0.94
0.43
2.76
3.96
3.93
4.65
2.7
2.81
5
2.26
3.65
3.42
3.08
1.9
0.12
4.79
1.27
1.3
0.71
3.41
4.05
0.66
2.76
3.31
1.63
0.06
0.27
2.8
3.28
3.6
0.8
3.37
0.45
3.09
3.74
4.55
3.67
4.24
3.53
1.11
4.38
3.96
4.69
0.89
0.27
3.53
0.69
0.55
0.3
3.91
4.54
2.78
1.53
3.27
3.63
4.11
4.61
1.72
4.42
1.56
0.21
4.49
1.54
2.82
3.42
2.66
0.89
1.74
3.53
1.65
4.9
4.39
1.98
4.66
3.98
1.52
2.82
2.94
3.74
4.55
3.78
3.21
2.4
4.3
0.46
4.37
3.29
2.69
3.27
1.03
0.2
1.72
0.89
3.07
4.93
2.16
3.38
2.02
1.71
3.76
2.52
3.24
1.92
2.35
0.6
2.34
1.05
2.92
2.41
4.3
2.18
2.93
0.25
3.86
0.43
0.38
0.48
3.78
3.96
0.57
0.85
0.82
4.37
2.21
4.47
0.09
4.42
0.18
3.82
4.49
0.44
0.96
2.15
4.93
0.97
1.31
4.79
1.81
4.04
0.63
3.45
3.74
1.91
3.51
3.38
1.09
4.15
1.21
3.66
4.11
4.58
3.78
3.57
0.99
2.45
2.61
1.77
1.83
3.7
4.09
3.16
0.19
1.91
2.08
0.68
4.12
0.78
3.54
4.3
0.16
3.78
4.18
4.46
1.45
4.67
3.08
4.93
3.64
2.07
0.82
2.58
2.68
2.21
4.46
3.08
0.35
0.06
1.08
2.78
1.42
0.95
4.46
3.97
3.29
2.43
3.97
2.3
0.47
4.26
0.64
3.08
0.2
2.67
2.72
3.35
0.51
3.13
3.89
4.44
2.16
2.46
0.37
1.42
4.7
1.85
3.98
4.08
4.92
0.2
3.61
3.09
1.04
1.07
2.87
3.49
4.07
3.3
0.13
4.04
3.58
0.21
0.76
0.82
1.6
4.72
3.48
3.5
4.57
2.71
3.3
0.53
2.99
3.38
2.76
3.43
3.59
2.4
1.2
0.89
2.85
3.22
4.38
2.91
0.79
4.34
1.35
2.18
3.25
0.16
0.3
2.97
4.93
1.67
0.8
3.88
0.1
3.6
4.44
3.73
1.43
1.6
1.62
0.96
3.59
2.47
0.37
4.42
1.63
3.09
1.51
0.74
1.34
1.33
4.26
1.6
3.3
3.27
3.09
1.15
3.06
0.76
3.94
1.2
1.93
0.75
1.33
3.33
3.94
4.94
4.17
4.76
1.41
3.21
3.75
2.07
4.22
2.58
0.74
1.77
3.48
2.44
2.44
4.98
3.03
0.93
4.8
1.35
3.33
2.86
4.98
3.34
3.82
4.59
1.95
3.04
3.89
3.95
1.72
2.28
4.63
4.12
3.13
1.85
4.02
0.89
3.77
4.02
4.93
2.42
0.88
3.51
2.76
0.21
4.83
0.99
4.47
0.77
1.65
0.52
0.88
1.04
3.44
2.57
4
0.46
3.34
1.27
0.71
1.1
3.52
4.1
0.1
0.01
3.77
4.16
4.6
1.2
2.79
0.55
3.89
0.05
1.83
1.12
0.8
4.07
3.05
2.54
3.37
4.65
4.34
1.99
4.03
1.36
1.71
4.59
3.89
1.13
2.48
0.29
3.53
1.71
1.85
0.66
4.57
4.68
3.08
3.64
0.66
1.44
1.72
2.76
0.38
2.84
1.17
2.15
3.26
4.53
0.14
4.53
2.04
3.39
4.54
1.62
0.38
3.08
1.55
2.98
4.34
1.81
1.3
2.26
0.2
3.54
4.25
2.27
0.28
2.17
1.81
2.64
0.84
0.02
4.76
2.78
1.03
1.87
2.76
0.37
2.25
3.39
1.47
3.81
4.53
3.29
4.91
2.49
1.87
0.42
4.5
0.73
2.71
3.55
4.37
1.67
2.38
0.5
2.13
4.82
3.15
2.44
3.8
0.18
3.21
2.89
1.84
3.26
0.08
3.52
1.83
0.81
3.34
4.75
1.57
0.35
0.59
2.67
0.17
0.6
1.78
1.28
1.96
3.41
0.79
0.59
1.08
1.16
3.65
3.73
4.89
2.67
4.05
4.93
0.81
2.87
2.87
0.37
0.29
0.38
0.64
0.52
1.09
1.84
2.17
0.26
3.72
4.57
1.83
2.47
3.32
0.24
3.56
4.13
2.88
2.77
4.51
4.47
1.09
0.82
0.9
4.66
3.85
3.73
2.63
2.81
3.33
0.03
2.54
3.48
0.77
1.75
0.93
1.37
4.04
3.74
0.32
3.64
0.72
1.93
0.68
4.7
2.42
1.43
0.38
2.6
1.16
0.09
0.02
4.1
3.64
3.28
3.04
4.06
2.5
4.57
4.41
4.31
3.43
0.38
1.95
4.18
1.03
3.85
0.42
2.62
4.39
2.93
1.87
4.58
0.34
0.45
0.98
4.1
3.2
4.2
4.95
4.29
0.64
3.77
1.64
2.22
1.33
1.7
1.25
1.14
2.42
0.77
0.3
0.89
3.87
2.46
4.97
4.67
3.31
4.59
2.48
1.14
0.35
3.85
4.5
3.65
2.78
4.34
1.58
2.82
1.33
4.99
3.83
4.22
2.41
1.88
4.38
0.96
2.67
0.18
1.53
3.01
4.03
2.6
0.01
2.22
1.55
3.03
4.24
4.09
1.06
2.33
3.22
0.54
3.93
3.14
4.62
4.81
1.18
1.82
4.95
4.71
2.78
4.03
0.36
3.98
2.2
1.16
1.25
4.41
0.39
4.4
0.12
4.06
0.54
1.3
4.43
3.57
4.8
4.2
0.12
0.5
3.45
2.05
2.61
0.29
1.74
0.24
4.27
2.2
3.87
1.21
3.5
1.4
1.02
3.5
2.91
2.8
2.81
3.86
0.17
3.89
0.72
2.39
1.1
2.87
1.55
4.91
1.93
1.99
2.58
2.77
0.79
3.85
3.64
4.87
2.3
0.09
3.18
2.29
3.25
3.75
4.7
2.48
2.06
0.51
2.32
0.5
0.93
3.62
1.81
2.31
4.18
0.06
1.2
2.07
3.39
1.18
0.45
0.48
0.27
3.87
0.2
3.68
1.97
3.46
3.15
2.64
0.31
3.64
4.93
3.17
4.77
0.83
2.04
4.57
3.39
2.33
3.68
0.35
2.05
1.25
3.07
2.09
1.7
4.4
1.47
0.85
4.83
0.91
2.04
1.04
0.59
1.12
0.55
3.59
3.33
2.87
1.36
0.82
2.88
2.19
3.59
4.31
1.02
2.72
3.1
3.4
4.15
1.17
4
3.87
4.05
2.08
0.18
2.91
0.51
3.04
2.01
1.85
1.46
2.51
1.93
2.09
2.7
4.05
4.51
2.07
2.39
0.21
3.7
2.71
4.11
4.45
4.29
4.27
1.9
1.36
0.01
0.02
1.06
0.44
4.25
0.59
2.62
0.53
4.02
0.96
0.16
2.24
3.5
4.28
4.25
4.72
0.86
4.94
4.61
1.76
0.75
0.83
0.3
2.1
4.76
0.11
1.04
0.91
2.6
2.58
4.12
1.31
4.55
0.76
0.08
3.94
3.5
3.46
4.81
3.56
2.18
2.97
0.64
4.12
0.44
3.22
0.69
0.87
4.17
0.29
2.41
1.67
0.42
1.91
2.53
0.2
1.97
1.54
3.35
4.9
2.64
0.14
0.81
0.64
0.39
1.36
4.33
3.99
1.41
4.21
3.49
1.46
4.79
2.84
3.01
4.29
3.93
1.4
3.37
1.82
4.88
0.37
2.4
2.26
1.72
3.32
1.12
3.68
5
4.88
1
3.04
3.84
0.14
3.05
2.17
4.6
0.07
0.92
0.22
4.02
1.71
4.88
3.31
2.28
3.67
3.91
1.81
4.33
0.04
4.21
3.91
4.28
3.65
3
2.22
1.15
2.8
2.12
0.14
1.7
3.2
1.28
3.21
1.77
3.85
4.77
4.55
2.26
1.63
4.79
2.54
3.75
1.69
0.84
3.8
2.33
3.24
4.56
1.04
3.78
4.95
0.91
0.71
1.75
3.86
4.97
3.94
2.3
4.22
0.63
2.86
3.26
3.09
0.09
3.5
2.54
0.58
3.95
3.16
3.5
0.08
4.09
3.31
1.87
1.87
4.13
3.43
0.64
1.85
1.75
1.43
2.73
0.75
1.52
1.82
0.7
4.57
1.38
4.13
4.33
1.76
4.41
1.08
3.11
1.95
0.26
2.54
1.59
4.7
4.55
1.98
3.98
1.26
4.39
2.65
4.98
1.8
2.45
4.36
5
2.56
3.05
3.48
4.63
1.05
3.14
4.32
3.21
0.12
3.71
0.39
2.33
4.9
1.67
1.54
2.92
2.4
2.36
1.29
3.73
0.03
4.92
0.7
0.86
4.59
0.19
4.51
2.83
0.73
4.67
3.88
2.89
0.14
0.73
2.92
4.2
0.8
1
1.74
1.34
0.44
4.23
4.24
0.38
4.54
0.09
3.93
4.09
3.96
1.87
3.78
4.88
4.88
1.17
1.29
3.35
3.85
2.02
4.03
0.48
1.53
3.07
4.16
3.09
3.28
2.74
0.63
3.13
3.85
1.56
4.9
1.86
1.24
1.97
4.75
4.99
0.41
0.09
0.27
2.36
4.11
4.75
2.75
4.04
3.23
0.68
1.89
0.05
3.5
4.78
0.97
4.67
4.64
4.42
4.64
1.74
3.69
1.63
3.07
4.79
0.75
0.51
3.19
4.71
2.83
4.46
0.92
3.41
0.76
3.78
2.25
3.98
2.79
4.11
2.64
4.23
3.68
2.66
3.89
1
1.96
0.45
4.97
4.02
3.9
4.4
4.07
1.18
3.92
2.52
2.25
2.08
1.32
1.35
0.82
1.55
1.01
3.48
4.03
0.79
0.35
3.89
2.28
2.84
2.63
0.46
1.37
2.47
1.19
3.34
1.78
3.78
1.44
1.77
2.99
1.95
0.08
4.1
2.9
4.29
1.52
0.6
4.41
0.23
4.39
0.98
0.7
2.92
0.77
1.61
1.99
4.91
4.69
1.7
0.48
4.58
3.88
0.63
1.85
1.97
3.64
0.36
4.91
1.77
1.45
2.93
3.36
3.29
1.02
2.08
1.47
1.86
0.41
3.32
1.38
4.18
1.69
1.42
3.02
2.89
4.69
4.46
4.92
1.8
3.49
3.95
1.25
4.67
3.35
1.36
1.45
4.78
3.37
2.49
1.34
1.56
0.87
4.72
0.04
0.16
0.6
2.82
0.87
0.77
3.2
0.51
2.86
1.07
2.29
2.8
0.46
1.31
2.24
1.64
4.53
1.7
4.67
1.04
0.58
4.38
4.1
1.63
4.82
0.74
1.29
2.42
4.26
1.51
3.45
3.57
1.23
3.79
0.6
0.26
0.07
1.8
1.05
3.65
3.09
0.53
3.32
2.94
0.13
3.46
2.5
0.51
3.13
0.45
3.79
2.01
5
0.24
3.78
1.83
0.96
2.16
4.62
3.91
3.31
0.05
0.21
1.75
2.38
1.12
0.75
4.55
0.34
3.92
1.92
0.72
3.66
1.15
2.08
0.94
2.29
2.93
3.97
3.13
4.32
3.63
0.5
0.64
3.92
0.9
1.68
3.49
1.34
4.36
0.43
4.9
0.03
2.4
0.95
4.32
3.71
2.03
3.75
0.59
1.38
3.51
0.71
2.35
4.26
1.62
2.12
2.61
2.98
4.73
1.45
3.21
2.28
5
4.23
4.15
2.21
1.88
2.37
4.69
1.11
3.75
4.98
1.61
0.44
4.54
3.16
2.33
3.46
4.7
0.52
4.03
0.1
3.84
1.17
0.66
3.99
4.91
2.61
1.68
2.43
0.97
3.81
1.71
3.41
2.75
4
0.89
1.89
1.39
3.11
0.23
1.03
1.62
2.17
1.82
4.38
2.13
0.38
2.6
1.25
3.3
3.76
4.24
2.92
2.86
2.32
3.82
3.74
0.38
0.38
3.86
0.43
2.21
2.64
3.36
2.44
3.32
0.34
0.22
0.01
1.76
4.87
3.9
1.73
0.87
0.51
1.2
0.21
4.48
3.63
0.82
4.48
4.87
4.92
0.59
1.65
3.24
1.23
0.62
3.6
1.75
2.96
0.64
4.95
1.98
0.47
3.66
1.22
1.19
4.32
3.91
4.1
2.01
2.03
0.02
2.91
0.67
4.78
0.44
1.02
2.85
1.15
3.67
3.72
1.42
2.88
4.11
1.34
4.67
3.18
2.02
0.19
0.75
0.29
0.76
0.26
0.52
4.87
0.21
1.38
3.63
1.36
3.3
3.51
1.44
1.86
1.11
3.67
1.4
2.14
2.18
0.87
1.91
4.49
0.78
1.3
3.06
3.22
1.03
4.44
2.87
1.18
1.5
2.14
1.78
2.03
2.19
1.12
3.5
3.08
1.49
2.81
2.17
2.73
2.28
0.29
3.02
4.4
1.87
4.56
0.05
1.14
2.28
0.18
4.69
4.71
3.21
3.19
1.92
2.68
2.09
5
3.68
3.04
4.74
1.77
1.12
3.02
3.16
4.36
2.49
1.3
1.17
4.69
4.29
4.79
1.21
1.89
4.91
2.91
3.8
4.88
1.77
3.48
3.46
3.44
4.78
4.37
4.75
4.71
2.35
0.81
3.97
3.59
0.44
3.95
3.89
4.84
4.66
3.46
1.41
0.45
4.27
0.6
1.18
0.35
0.6
0.05
3.82
3.27
3.2
1.75
2.72
1.04
3.36
1.93
2.03
2.94
2.23
1.42
0.75
1.97
0.72
0.12
0.73
2.97
4.69
4.6
4.82
1.38
0.42
1.52
0.75
3.14
4.9
3.62
4.29
1.1
0.83
3.3
1.83
2.72
1.53
0.97
2.57
2.32
4.71
1.54
2.57
3.49
0.44
4.92
1.57
1.46
4.05
1.51
2.26
4.56
0.57
2.01
2.61
0.72
4.12
2.22
2.16
2.48
1.36
3.63
4.79
2.98
3.46
3.79
3.28
3.74
1.26
2.67
5
4.34
1.96
0.23
3.04
0.17
0.88
3.6
4.89
1.4
0.94
1.06
4.92
3.39
0.08
4.36
4.42
3.11
2.72
4.23
2.55
3.59
4.96
4.17
2.92
1.55
1.03
0.5
4.27
0.55
1.14
1.74
0.54
0.77
3
3.37
4.4
3.49
1.39
2.91
4.65
0.53
0.9
0.9
4.49
4.25
0.4
0.08
4.41
1.47
1.89
4.82
4.87
1.23
1.22
1.48
3.59
1.28
3.53
3.33
3.95
2.18
0.45
3.59
1.94
1.01
3.12
1.94
0.01
3.22
1.07
3.77
1.9
4.22
4
2.58
2.09
1.13
0.42
0.29
2.29
4.7
4.53
2.15
4.48
4.88
0.04
4.84
3.19
1.36
0.34
1.98
3.18
0.43
3.24
1.36
3.47
3.72
4.19
2.61
4.08
1.83
2.85
1.04
2.06
5
0.35
2.92
4.06
3.27
2.65
3.3
3.04
2.27
4.85
3.3
1.05
4.78
2.41
0.08
0.67
3.6
4.06
2.73
2.24
1.41
1.9
1.61
0.11
2.27
4.49
4.48
3.17
3.28
2.22
4.17
4.68
3.32
0.82
4.59
4.57
3.83
2.07
2.56
1.54
1.07
1.97
2.64
1.12
4.33
3.88
3.4
4.16
2.56
0.84
0.71
4.9
1.97
1.35
1.31
3.57
1.25
4.62
0.37
2.89
2.77
1.6
0.18
0.59
3.39
0.44
1.24
2.75
4.5
4.63
0.55
2.33
2.79
0.55
0.18
1.12
2.83
3.16
2.42
3.39
1.05
4.97
1.13
0.13
4.41
3.47
3.65
3.67
2.31
2.37
3.42
4.79
4.62
4.38
0.43
4.48
4.55
3.19
0.58
4.85
2.77
0.8
3.35
1.86
3.83
1.93
4.14
0.49
3.23
4.69
0.1
0.35
0.44
