2.05
3.08
2.12
2.53
4.18
2.77
4.1
3.35
0.77
4.65
1.22
0.36
3.57
1.17
0.88
2.52
0.63
2.78
4.53
0.87
1.05
0.42
3.35
4.78
4.5
4.34
3.44
0.38
3.81
2.86
1.55
4.69
0.71
0.07
3.95
2.94
4.42
4.27
3.86
3.99
1.49
3.58
1.42
3.74
2.79
4.97
4.65
4.11
2.18
0.26
1.25
1.98
2.2
1.92
0.63
4.24
3.19
1.22
0.72
4.23
4.2
4.92
0.59
2.49
0.22
4.45
2.97
3.37
1.8
2.46
3.92
0.37
2.61
1.49
0.1
3.42
1.74
3.06
3.14
0.84
3.92
4.4
0.19
4.93
4.08
0.37
2.49
0.2
1.3
3.66
2.29
1.38
3.83
4.33
3.59
3.41
3.92
4.27
0.03
2.73
3.76
1.26
0.02
3.86
1.47
0.37
0.2
1.76
1.76
1.41
1.26
4.03
2.13
0.87
3.08
2.16
1.57
4.84
3.92
1.38
3.56
3.86
2.06
0.46
1.86
4.22
0.19
1.45
4.95
2.2
4.35
4.83
4.29
1.25
0.41
2.77
1.76
1.61
1.76
3.36
0.04
2.68
4.73
2.13
1
2.03
3.49
1.8
0.53
3.6
3.73
0.56
0.11
4.91
3.5
4.88
3.81
0.91
1.32
0.87
3.66
0.01
1.91
0.85
4.58
0.95
2.88
2.83
3.58
1
2.11
4.19
4.55
3.1
0.92
2.71
2.1
1.81
3.73
2.54
4.79
2.75
0.02
3.17
4.08
1.89
2.59
1.27
0.46
3.31
3.94
0.03
3.36
2.92
4.57
1.75
2.12
1.31
1.46
1.27
2.47
2.02
0.36
0.08
4.1
0.9
4.88
2.06
4.53
3.46
1.42
4.53
3.52
1.37
1.39
4.85
0.59
0.95
4.96
2.97
1.65
1.73
0.91
3.33
3.86
4.31
3.93
4.15
1.04
1.28
2.35
1.4
2.63
1.33
4.33
4.28
2.36
1.59
3.51
2.81
2.16
3.17
3.23
0.15
0.04
2.91
4.25
2.33
0.64
0.92
4.81
2.17
1.81
3.8
2.19
0.86
3.78
2.53
3.24
3.47
0.15
2.97
4.45
3.07
4.73
1.68
3.9
4.67
3.72
4.21
4.67
0.9
3.82
1.34
0.72
0.19
4.31
3.09
1.35
4.96
1.08
4.94
0.07
1.62
3.68
1.15
1.7
2.04
4.87
1.41
4.57
0.04
3.75
0.43
0.95
1.51
0.04
2.93
2.81
2.94
2.72
4.04
4.11
2.74
1.36
1.03
0.22
3.01
3.76
1.87
3.02
1.86
3.78
3.37
3.07
4.38
2.71
0.4
1.72
1.06
4.41
3.84
3.18
4.38
2.79
2.24
4.17
0.76
3.45
3.26
0.49
3.55
1.71
1.06
0.69
2.48
1.92
1.84
1.7
3.3
2.99
1.76
2.76
1.08
0.48
0.59
2.92
0.96
1.91
3.92
3.4
0.52
0.34
2.78
1.29
2.72
3.52
0.81
3.76
2.09
4.85
0.03
0.74
4.61
1.94
2.15
4.06
1.18
0.09
3.17
0.84
1.82
4.62
1.22
4
4.01
3.47
1.61
4.65
2.63
3.57
0.23
0.69
0.35
2.69
2.93
4.89
1.43
3.25
4.57
0.55
1.48
0.09
1.94
1.26
2
2.57
3.24
4.12
0.01
3.21
1.3
2.65
0.22
3.67
2.18
3.29
1.94
3.46
2.79
3.51
4.4
0.34
1.41
2.86
4.49
3.36
4.04
0.91
2.83
4.7
3.51
4.6
0.9
1.03
3.51
3.46
3.29
3.65
2.5
3.21
1.29
0.73
4.35
4.76
4.91
3.83
3.15
1.23
4.25
4.32
0.94
2.41
3.15
4.14
1.07
2.22
2.55
1.39
1.33
2.7
2.05
3.19
3.3
1.53
0.3
0.05
3.24
1
1.09
1.89
4.47
1.5
4.96
2.46
3.81
0.05
3.81
2.34
3.78
3.59
1.78
1.75
1.52
1.81
4.72
0.15
4.87
1.64
2.1
0.68
4.5
3.9
1.43
1.33
3.25
3.62
4.1
3.5
3.34
2.12
2.44
1.8
3.68
4.87
2.4
4.94
1.74
2.78
0.81
2.2
3.16
3.22
3.73
3.97
1.5
4.97
0.8
1.74
4.74
3.93
0.18
0.56
3.88
0.77
4.08
3.92
4.59
1.16
2.03
2.12
2.59
1.38
1.1
3.24
2.2
1.01
2.12
4.14
1.1
1.87
3.18
3.62
2.04
0.88
3.42
3.3
2.8
3.96
4.48
2.83
4.84
0.62
3.76
4.93
4.23
0.06
1.8
1.4
3.34
4.34
1.51
3.12
4.99
3.92
2.39
3.87
0.62
0.45
2.7
4.67
2.76
1.44
0.35
2.61
0.32
3.16
4.27
2.19
3.64
0.66
2.74
4.57
1.96
4.77
1.6
3.95
3.69
4.21
1.48
4.73
4.73
3.35
0.41
4.04
0.84
3.88
3.51
1.25
2.88
0.19
2.28
1.43
2.46
0.56
1.15
3.56
2.25
1.15
4.21
4.37
0.6
1.59
4.19
4.09
2.52
1.62
1.74
4.18
4.24
4.46
1.77
1.55
1.16
4.03
2.75
4.35
1.65
3.93
1.81
3.86
3.62
4.6
3.02
2.54
0.87
4.33
0.11
4.3
1.39
0.84
2.02
2.13
4.22
0.38
4.1
2.52
0.95
3.78
3.68
0.87
3.21
2.08
4.36
2.87
0.17
3.74
4.55
3.89
3.8
1.48
4.67
3.61
0.26
1.5
1.43
0.73
0.44
3.98
4.13
0.96
2.53
0.25
2.83
1.64
0.56
0.98
4.25
1.05
0.83
0.69
0.16
3.01
2.25
0.62
0.42
3.7
4.57
2.79
4.6
4.54
3.67
3.93
1.16
1.46
0.67
1.95
1.26
0.32
0.79
3.71
2.79
2.02
0.27
3.12
4.11
4.38
0.91
2.03
0.22
2.6
3.18
3.67
0.16
3.94
4.2
2.68
2.09
4.26
4.01
1.79
1.18
2.45
3.81
2.77
1.61
3.31
5
0.97
0.47
4.82
4.39
1.87
3.99
2.2
1.91
4.4
4.24
4.49
0.62
1.52
2.5
0.3
3.51
0.33
1.14
3.23
1.92
1.07
0.08
4.56
4.84
0.59
3.39
1.34
1.74
0.99
3.58
2.65
4.08
3.87
1.59
2.4
3.89
2.67
0.03
0.9
3.86
0.91
1.23
4.85
2.16
3.87
0.18
4.67
1.84
0.66
3.36
2.84
2.85
4.55
1.5
4.13
2.47
2.35
2.85
4.01
2.01
4.95
1.83
1.75
2.77
1.38
1.03
3.49
2.44
1.84
4.18
1.61
2.93
0.68
4.2
0.19
3.71
1.31
1.64
0.04
4.48
1.43
4.02
2.74
1.04
3.28
2.31
2.27
4.33
2.68
4.5
2.01
4.74
0.93
0.63
1.66
4.14
0.5
4.08
3.52
4.69
3.45
4.25
2.04
3.94
1.36
0.82
2.87
0.76
2.96
2.31
1.59
3.34
3.78
1.03
2.74
4.39
4.76
3.43
3.71
3.8
0.62
4
4.5
4.03
4.34
4.08
3.63
2.34
1.73
2.19
4.44
3.82
2.73
0.18
3.19
1.37
2.92
0.53
2.18
3.63
1.19
1.28
0.68
0.83
2.36
1.64
1.66
3.55
2.59
2.26
2.1
4.13
3.28
0.1
4.73
2.55
4.52
4.77
3.54
0.12
2.37
2.14
4.55
2.21
0.7
4.5
0.5
4.99
4.32
0.39
4.56
4.54
2.09
1.22
1.23
0.28
3.52
2.01
3.08
3.31
3.6
0.95
3.92
3.09
3.52
3.44
1.17
4.83
0.12
3.4
2.48
3.06
4.5
2.9
3.85
3.89
0.92
2.71
2.79
1.64
3.28
4.05
4.52
2.85
0.84
4.86
3.44
0.88
2.89
1.96
2.02
2.22
0.89
0.6
4.03
3.64
1.37
0.48
0.92
4.15
4.68
4.93
2.76
3.87
0.78
0.52
2.48
3.39
3.01
4.93
3.6
1.55
1.02
4.46
0.45
4.82
2.56
0.23
3.42
3.58
2.11
4.26
3.96
4.3
0.89
3.62
2.52
1.34
0.19
0.99
1.33
2.12
0.96
0.64
3
1.76
3.11
2.96
2.4
3.74
0.65
4.59
2
2.17
2.43
3.68
4.81
4.24
2.06
4.02
0.15
3.15
2.39
2.37
3.46
3.27
2.14
4.75
3.98
2.79
2.92
3.45
1.45
0.45
4.63
1.41
1.8
0.73
1.33
2.13
0.73
4.86
1.07
2.51
2.59
4.73
2.23
0.58
3.33
0.67
0.34
4.47
1.45
1.98
2.15
4.89
2.32
3.12
3.49
3.81
4.41
0.6
1.35
1.24
2.77
2.17
3.5
1.71
4.64
4
2.78
3.71
4.43
0.61
3.84
2.01
4.54
4.93
1.82
4.03
4.88
2.63
0.75
3.03
3.42
3.66
2.55
4.58
4.26
4.89
4.01
3.96
4.39
1.38
3.11
2.59
3.74
0.67
1.41
3.68
1.81
0.26
2.13
2.03
3.54
0.54
2.42
0.14
0.44
0.91
1.01
0.32
0.22
2.12
4.67
1.14
4
1.72
0.24
4.43
1.57
2.23
3.31
4.95
1.16
4.78
1.9
2.39
2.39
3.69
0.91
4.28
4.47
1.28
1.15
2.14
2.15
1.95
1.14
2.74
4.29
3.28
4.37
2.34
2.32
1.48
2.31
0.74
3.68
1.56
0.79
4.16
2.75
0.1
3.1
1.72
0.21
2.34
1.25
3.14
0.54
2.89
3.35
2.2
2.63
2.9
1.03
3.98
5
0.79
3
3.06
2.68
1.1
2.9
4.31
4.04
3.54
4.68
3.11
0.98
1.38
4.83
2.79
0.85
1.14
1.05
2.1
4.78
2.07
2.06
2.12
3.68
4.12
2.14
2.16
2.16
2.35
3.03
3.71
2.22
1.3
3.41
4.67
3.38
0.14
4.02
2.34
1.82
1.55
2.77
0.34
1.82
0.91
3.54
4.4
4.04
4.52
1.46
2.27
4.47
0.89
3.7
0.49
3.67
1.89
4.66
0.93
2.02
3.25
3.57
0.85
0.3
1.35
0.06
0.02
4.42
1.52
0.83
4.6
1.93
0.48
4.87
2.6
3.74
1.4
0.13
1.7
2.04
2.14
4.55
1.43
1.34
4.32
3.93
0.72
3.24
4.41
4.94
3.02
0.12
0.22
3.83
1.52
4.62
0.71
4.58
0.42
4.22
1.3
3.45
3.83
3.83
1.34
1.99
4.6
0.19
3.13
4.58
0.4
0.46
4.77
3
0.31
1.01
4.6
3.28
1.57
0.72
2.37
3.92
3.64
1.98
4.23
3.08
3.54
4.92
1.17
3.3
3.94
0.62
0.86
0.3
3.04
3.89
1.2
1.2
4.94
3.13
0.86
2.12
0.13
4.39
2.41
4.58
0.24
3.06
1.53
0.95
4.96
3.44
3.66
3.7
2.17
2.2
4.44
0.63
0.37
3.27
1.36
0.94
0.16
4.01
4.54
2.61
1.59
1.66
3.02
3.8
2.28
4.04
4.9
3.26
2.2
2.8
4.49
4.25
2.16
0.41
0.9
4.17
1.48
1.06
3.21
1.53
4.46
0.43
0.91
3.52
3.14
0.02
1.27
4.37
2
1.12
0.12
4.06
2.57
3.76
3.17
2.49
1.33
0.17
2.39
0.89
2.81
1.01
3.48
1.78
0.05
4.28
2.2
0.53
2.83
3.81
0.96
4.14
2.87
4.44
1.35
2.11
3.84
1.42
1.44
1.48
4.75
0.34
0.51
4.21
1.78
2.63
2.9
3.39
1.86
3.4
3.69
4.33
0.64
0.56
4.73
2.8
2.49
0.9
0.52
4.08
4.76
3.25
4.82
1.24
2.18
1.05
2.68
3.25
0.54
0.39
0.91
0.42
2.39
0.15
3.36
1.94
1.82
1.44
1.4
0.96
4.3
2.95
4.04
2.62
4.75
3.51
2.06
1.99
2.55
1.84
3.72
4.27
2.35
2.57
0.91
2.56
3.61
1.54
3.58
2.13
3.37
1.88
4.79
1.97
2.48
3.92
4.26
4.47
0.75
3.08
4.63
2.41
4.38
4.34
1.98
3.02
2.31
4.7
4.72
1.26
1.57
1.1
0.06
4.51
2.68
4.28
2.02
3.01
2.66
4.27
2.14
4.33
3.19
4.15
1.08
4.23
3.76
4.03
0.28
4.71
2.43
2.33
2.11
1.81
2.08
0.24
3.45
0.1
1.14
2.32
4.83
0.29
2.49
3.98
2.94
0.28
3.83
1.03
0.84
2.86
3.95
4.12
2.71
1.85
0.96
0.19
1.88
1.65
3.68
2.68
2.49
0.28
3.82
0.48
1.82
0.35
4.4
1.47
1.15
1.79
2.51
3.85
2.54
1.77
3.36
0.16
4.55
2.26
0.73
2.68
4.77
4.37
4.73
1.61
2.14
4.86
4.92
0.89
1.54
3.15
1.64
3.03
3.93
2.28
3.25
3.88
2.02
2.17
0.35
3.46
2.59
2.63
3.42
0.63
3.29
3.39
1.5
1.09
1.55
2.1
4.02
1.08
1.14
1.26
1.17
0.6
3.92
0.55
4.17
0.49
1.07
2.83
2.54
0.14
2.88
2.23
3.29
3.01
1.17
1.09
0.34
2.91
0.61
0.05
3.42
2.81
2.13
3.38
0.17
3.34
2.11
3.73
1.49
0.45
4.15
2.48
0.26
4.85
2.57
4.36
0.49
4.58
1.23
0.08
2.52
0.58
2.72
0.16
3.88
4.2
1.49
3.04
3.03
4.57
4.23
2.08
2.31
3.66
2.67
0.23
3.37
4.54
4.53
0.75
3.04
4.12
2.95
2.03
0.35
0.81
1.77
1.49
1.34
0.24
3.26
1.05
1.42
0.16
4.47
4.74
1.46
2.4
0.85
1.03
3.15
1.72
0.49
3.99
3.71
1.15
2.09
4.38
2.2
3.69
2.71
2.52
3.63
4.71
1.72
4.21
3.23
3.84
2.65
4.51
3.25
2.53
2.85
3.04
0.88
0.4
4.62
3.81
2.03
4.53
4.49
0.36
3.91
4.44
0.88
3.22
1.91
0.35
2.9
3.21
4.04
0.6
1.99
2.74
2.63
1.76
4.88
2.06
0.32
2.19
1.06
0.4
2.41
4.64
1.48
1.8
3.24
3.7
4.87
1.65
3.02
0.71
2.8
4.09
3.61
1.28
1.88
4.8
3.59
1.68
4.6
3.62
4.33
2.01
1.95
1.32
0.32
0.92
0.16
2.87
1.8
1.87
1.21
4.72
3.58
1.05
2.93
3.09
2.86
0.05
4.37
1.61
4.27
1.31
2.38
4.22
0.5
2.03
2.71
0.27
0.47
1.11
1.09
2.38
2.98
4.87
4.67
2.96
3.43
3.18
0.43
0.65
0.91
2.31
2.72
2.93
0.21
0.99
0.18
2.97
0.62
4.51
0.71
3.4
4.04
2.88
4.62
0.75
2.9
0.43
1.87
1.95
4.49
0.93
4.69
4.21
0.97
4.11
4.85
2.65
2.05
1.35
4.93
0.54
1.27
1.77
4.72
0.36
1.62
1.14
3.23
3.24
3.96
3.3
3.54
3.62
3.01
3.25
1.94
1.48
0.09
1.88
4.35
2.82
1.85
0.11
1.9
0.51
1.27
4.47
4.83
3.28
1.3
3.65
4.18
2.23
2.12
4.67
0.83
3.86
3.02
3.04
3.88
2.22
0.6
1.36
1.29
3.5
0.75
0.57
0.11
3.97
1.12
0.19
1.83
2.18
4.03
1.99
3.32
3.43
0.19
0.33
1.3
2.37
0.88
4.32
3.77
3.42
4.41
1.23
4.97
1.08
1.79
4.59
2.38
2.05
1.1
0.55
2.14
4.15
3.66
2.39
4.16
1.99
4.46
3.46
3.6
1.58
4.07
4.16
0.46
2.94
1.94
1.27
0.28
2.81
1.38
3.04
1
3.48
2.72
0.55
2.22
0.32
0.91
0.47
3.19
0.7
0.83
2.24
0.14
2.06
1.33
1.93
4.43
2.83
3.87
3.47
2.08
0.52
4.64
2.56
1.98
3.05
3.87
4.71
0.35
3.4
4.68
2.26
0.4
1.74
2.35
1.89
2.72
3
0.08
0.42
0.17
4.77
3.24
0.18
4.88
1.82
2.69
2.31
0.16
4.55
0.89
0.27
4.72
3.56
1.94
4.73
4.47
3.44
2.72
4.94
3.14
3.16
3.85
1.58
0.66
0.32
3.99
0.42
3.45
2.89
0.43
3.14
4.93
1.48
1.45
0.25
1.21
1.55
0.29
1.3
0.94
2.17
1.92
3.7
0.96
0.68
4.09
2.91
0.59
3.53
4.91
2.29
3.09
0.13
2.01
1.44
1.35
0.83
3.66
1.66
0.25
3.24
2.19
2.48
1.4
0.21
0.05
1.47
3.15
1.65
0.11
0.07
0.82
3.51
4.03
0.14
3.16
1.86
2.03
2.65
2.43
0.53
0.8
3.28
4.5
4.91
4.97
1.73
2.23
2.17
4.13
0.3
4.86
2.43
1.89
3.78
2.05
3.9
0.29
4.34
1.3
2.89
4.58
4.68
4.69
2.45
4.79
3.42
2.35
3.56
3.69
0.17
1.6
1.22
1.88
0.11
3.7
4.9
1.62
4.9
0.02
2.12
1.43
3.05
2.44
0.64
1.25
5
4.03
3.69
0.18
4.9
0.42
1.01
0.85
2.24
1.54
0.18
2.77
2.61
2.2
0.59
0.87
4.91
0.72
2.16
4.83
1.13
0.72
1.86
4.6
3.7
0.6
4.34
0.82
4.39
0.21
3.62
3.47
0.99
3.55
1.72
0.25
2.84
2.32
3.16
0.52
4.47
1.64
0.47
0.51
2.17
1.59
4.78
0.44
2.82
1.12
4.18
4.75
0.64
3.7
3.57
4.4
1.91
0.23
1.44
0.41
4.34
1.05
4.58
4.39
0.79
0.04
0.76
3.91
1.05
2.8
4.64
2.46
4.53
3.11
1.44
3.52
1.57
3.43
3.57
3.71
0.26
3.33
3.75
0.4
0.56
4.3
4.68
1.69
0.37
0.83
4.59
0.58
3.07
4.43
2.22
1.15
3.22
0.75
4.91
4.86
2.53
3.88
3.15
4.72
2.92
0.51
2.09
0.54
4.3
3.26
4.84
0.54
3.3
3.96
0.24
0.84
2.66
1.7
3.65
0.05
4.51
4.23
1.87
1.19
1.27
0.64
0.28
2.38
4.71
1.74
1.09
4.87
0.57
0.91
3.68
2.16
4.97
2.53
3.8
2.66
4.72
3.96
1.84
2.94
3.59
3.08
3.2
3.8
0.08
0.46
3.94
1.07
1.64
4.76
1.23
0.75
2.19
2.93
0.9
4.44
0.23
3.86
4.01
2.73
0.22
0.08
3.56
4.76
0.9
4.58
0.99
3.87
4.73
1.83
0.28
2.01
4.57
1.47
3.59
2.58
4.5
0.9
4.24
4.82
0.71
1.4
4.79
0.63
1.81
2.48
2.21
3.81
3.59
2.53
4.57
1.56
1.17
4.75
1.35
4.78
3.46
0.45
0.24
0.04
1.31
0.5
3.78
4.56
2.39
0.94
2.86
3.86
2.2
1.01
4.01
0.7
2.84
1.87
4.3
2.12
4.29
2.34
0.08
0.68
4.82
3.14
1.48
0.3
1.57
3.75
3.6
4.93
3.35
0.51
0.71
2.25
4.63
4.51
0.65
4.17
0.54
0.83
1.05
0.21
4.1
4.2
3.18
2.21
3.4
0.97
3.57
2.22
1.64
0.54
0.89
0.67
3.91
2
1.45
0.56
1.35
0.18
3.97
2.04
1.67
2.26
3.31
0.43
3.39
4.34
3.13
3.94
2.96
2.29
4.9
3.59
1.6
1.2
3.34
0.47
3.83
2.8
4.65
3.63
0.65
4.52
4.38
1.28
4.06
2.2
0.83
0.06
2.78
0.86
2.67
1.83
1.79
2.21
4.11
3.28
2.21
0.97
3.68
3.84
0.81
2.56
0.68
1.49
1.9
1.07
1.59
0.42
4.93
4.59
3.77
1.16
0.83
1.15
4.06
3.31
3.14
3.42
4.57
2.66
1.54
1.3
1.58
1.61
1.45
3.16
1.86
1.65
4.85
3.83
1.6
2.58
1.26
2.38
1.68
3.58
3.61
1.19
3.73
0.33
4.53
2.14
3.25
1.98
3.48
0.92
3.6
1.97
3.34
0.94
2.73
4.32
2.93
2.04
0.5
0.33
3.9
2.72
2.2
1.49
0.65
4.11
2.25
4.81
2.6
0.34
2.93
1.04
4.33
2.05
0.35
4.86
4.25
2.29
4.03
1.37
4.02
4.43
0.61
4.06
4.42
1.73
4.09
2.97
1.12
1.63
2.22
0.9
4.68
3.13
4.62
1.85
1.1
0.53
2.6
1.31
0.85
1.47
0.13
4.16
1.38
3.21
3.81
2.31
0.34
0.07
2.69
4.24
3.09
2.16
1.68
2.72
1.03
4.7
0.72
1.69
3.6
3.17
1.63
1.69
0.23
4.51
0.86
2.87
1.81
3.68
4.15
4.42
1.93
0.74
0.25
0.55
3.57
1.56
4.97
4.79
1.56
1.01
1.33
1.46
1.4
1.06
3.22
2.29
2.26
0.21
1.11
4.21
3.32
3.19
0.05
3.16
0.01
5
1.97
2.34
2.51
1.23
4.9
1.06
2.4
3.43
3.27
3.75
