2474.54528
0.28177125020557
1690.0688
1329.167
1527.2118
40.16828000005
0.26970418467499
1059.3968
298.65312000004
0.002748201383838
1732.7979200001
1836.6585265759
1769.1405
266.828
0.29589029710769
2144.15568
1706.6405
753.58594000004
2046.46624
0.16782169438738
2434.28254
43.813
921.3749762111
1687.16344
1370.54204
0.21622318106711
3987.60184
1160.6792
0.091942590750477
1514.9845
0.060578483107747
748.52976000005
0.12266436893879
0.18112038985055
2387.77736
29.076640000048
1055.6488
3049.20326
0.010766489305752
0.010641808436048
3710.90272
827.71200000004
0.25032632023795
0.02539885115857
2181.8975
771.7436167336
353.65392000005
327.165
1276.6365062171
230.28
4697.4338018996
305.68
0.085773397544472
0.27457108403632
380.34
1233.32
207.04968000005
235.085
987.016
2326.1592
0.29578884758394
0.078295299226738
676.29890000001
2675.4525
45.74325
1805.836
1940.6
1946.3993803558
1105.12
151.28000000006
133.265
