4.75
2.57
1.74
4.62
1.36
2.83
2.59
3.45
1.38
4.89
4.58
4.92
1.75
1.59
2.32
1.42
3.99
2.97
2.59
4.48
4.49
3.27
3.13
1.95
1.31
0.25
3.28
4.75
3.49
1.3
0.43
0.81
4.17
0.6
4.1
3.65
4.11
4.14
0.7
3.22
3.65
4.26
0.92
4.12
0.22
2.68
2.65
4.97
0.52
2.02
2.27
0.23
4.76
4.65
2.33
3.13
4.84
1.22
3.28
0.63
3.14
4.45
1.37
2.72
2.37
0.32
1.7
1.73
4.49
2.41
0.05
0.79
1.15
1.07
1.91
0.23
3.09
2.15
3.3
0.17
0.46
2.02
3.66
2.92
1.81
2.1
1.67
4.28
1.79
0.3
2.03
4.52
1.05
3.82
3.07
3
4.36
3.19
3.17
0.61
0.87
3.06
1.4
3.83
1.26
4.32
4.41
4.58
1.03
2.76
3.44
2.49
1.82
0.48
1.37
2.86
0.67
1.42
4.84
1.44
0.21
0.37
4.25
0.15
0.34
1.29
4.01
2.67
2.11
2.24
4.14
2.65
2.94
4.42
2.98
3.31
2.16
1.73
2.1
3.34
0.38
3.03
0.98
1.88
3.34
4.61
2.08
4.74
3
4.81
2.49
0.07
1.36
2.6
2.74
4.13
2.95
0.87
4.74
3.26
4.54
3.63
2.33
2.32
0.17
2.3
4.63
4.69
4.53
3.08
2.04
0.24
3.32
0.31
0.7
3.93
1.95
1.95
4.31
4.23
1.54
2.63
3.63
0.19
4.13
4.03
0.25
4.08
1.55
1.74
3.43
2.48
4.44
0.61
3.19
1.67
0.35
3.15
1.1
3.86
0.93
0.85
3.42
3.54
2.57
1.83
4.76
3.81
4.23
3.55
3.85
1.97
4.87
4.44
4.06
3.04
1.09
4.13
1.39
4.75
1.27
1.13
4.15
0.14
4.57
0.41
4.08
4.12
1.6
2.13
1.5
0.75
4.8
3.17
2.52
3.87
3.56
1.35
1.47
0.46
0.96
0.87
4.72
1.29
3.39
2.62
4.54
2.11
0.88
1.07
4.52
4.85
4.72
3.5
3.01
0.19
1.58
3.29
1
3.79
0.73
3.01
0.14
3.6
1.7
0.37
4.93
3.13
4.78
4.09
4.83
3.01
0.37
4.59
1.07
1.52
4.42
1.11
2.07
3.35
0.17
1.64
0.43
3.14
2.72
0.68
4.93
1.56
2.12
0.09
1.79
1.66
0.66
1.52
4.14
2.78
3.64
2.52
0.78
0.67
4.36
4.33
4.95
2.04
3.3
3.17
1.77
0.81
4.31
4.21
2.28
3.4
4.67
1.37
2.59
4.64
1.04
3.39
2.51
0.05
4.32
0.6
1.99
1.47
1.16
0.59
0.2
0.24
1.76
4.94
1.8
2.26
1.03
0.07
4.41
0.19
4.82
2.73
1.51
2.96
1.42
4.9
4.44
0.26
2.01
0.35
2.77
1.05
0.75
2.94
4.12
4.15
4.15
4.55
3.55
4.38
3.82
1.71
4.12
1.91
0.58
2.74
3.91
4.35
2.06
0.91
0.74
2.26
4.44
3.88
0.44
0.53
1.33
3.72
2.95
2.95
3.55
2.18
3.34
1.32
4.87
2.36
3.5
3.72
2.86
3.29
0.58
0.25
1.23
1.35
2.82
0.4
4.15
4
4.91
1.65
0.8
2.95
4.9
3.45
0.5
1.41
4.04
1.38
1.53
3.2
4.1
3.99
4.38
2.5
1.94
4.95
1.84
5
1.52
4.76
0.36
4.48
0.99
0.54
1.38
2.75
3.81
1.14
4.13
2.58
2.52
1.05
2.3
0.66
3.52
0.99
1.69
2.99
1.45
4.09
2.34
2.18
4.91
0.56
4.86
1.36
2.97
2.24
2.06
4.05
2.67
0.79
3.51
2.93
2.36
4.31
1.83
4.92
1.74
0.89
4.57
2.81
0.31
1.7
0.7
4.7
2.93
1.87
1.12
3.32
3.7
4.34
1.5
1.26
4.19
4.52
4.97
2.47
2.95
0.47
1.73
1.3
4.73
3.33
3.12
3.78
0.38
0.76
4.89
4.92
3.42
3.06
4.27
3.86
3.44
1.77
4.25
1.7
2.27
4.76
1.56
3.32
3.96
3.03
3.36
0.22
1.11
3.09
4.34
1.66
2.2
0.86
2.94
4.07
4.04
1.93
4.98
0.37
4.74
2.69
2.34
0.42
4.96
0.22
3.14
1.95
0.12
2.93
3.68
1.72
2.88
0.21
4.47
3.31
2.65
0.62
2.98
2.13
2.32
1.35
3.51
2.89
1.48
1.57
3.03
4.41
3.09
1.95
1.61
2.16
1.75
4.95
2.26
4.94
4.73
4.85
1.81
3.47
3.16
1.16
2.39
3.48
1.2
1.61
4.75
1.27
4.67
2.48
0.47
1.15
1.41
0.59
0.36
4.87
3.68
0.3
2.89
3.43
2.17
3.94
0.18
3.6
4.71
0.08
2.11
1.58
0.54
3.86
4.43
1.33
0.33
2.06
2.66
1.65
2.07
0.95
2.62
2.59
2.93
1.76
3.34
3.08
3.67
3.56
1.79
3.03
2.07
1.99
2.47
2.29
1
0.88
4.15
0.37
4.5
0.26
2.86
3.68
1.34
2.47
4.15
1.54
1.11
2.66
4.75
4.09
0.24
0.57
2.75
0.52
3.31
0.15
1.26
2.44
3.1
4.44
1.34
4.86
4.92
1.6
0.23
3.88
3.05
2.97
4
4.35
0.58
3.53
0.92
0.82
2.23
3.59
2.68
0.28
1.65
0.26
1.84
1.59
0.35
2.22
0.7
1.23
1.07
0.45
4.55
2.44
3.56
3.81
4.55
0.23
4.3
3.72
0.73
2.55
2.39
4.2
1.04
4.16
3.95
0.24
2.26
0.27
4.13
4.1
4.18
3.18
0.19
3.13
4.07
2.72
4.33
0.17
3.03
4.57
0.28
1.62
2.08
3.58
1.23
1.87
3.78
1.77
1.55
3.6
0.6
4.61
3.19
3.75
4.51
0.64
3.84
4.52
2.18
2.69
2.04
0.55
2.42
0.16
2.7
3.43
4.47
1.24
0.25
3.34
0.01
1.72
2.59
2.14
2.17
3.87
4.95
3.71
1.7
1.39
1.2
0.26
1.61
3.59
2.59
1.52
2.6
2.06
2.04
4.03
3.35
4.1
2.82
2.83
3.76
5
1.43
1.66
0.2
3.32
1.22
4.69
3.46
1.21
0.28
4.02
2.62
1.57
0.31
3.17
4.09
3.89
4.02
1.88
2.76
1.67
2.6
4.06
4.9
4.97
1.54
4.85
2.13
4.22
3.37
0.59
3.81
3.68
0.79
4.01
4.46
2.41
3.1
1.28
4.58
1.77
3.51
1.25
2.56
3.74
1.69
4.51
4.5
2.74
4.13
2.18
3.21
0.03
3.12
3.04
2.04
4.75
0.82
3.03
1.72
4.59
4.3
1.6
3.16
0.02
4.09
0.44
0.08
1
2.55
4.23
3.09
3.14
1.91
0.36
2.66
3.05
4.8
3.51
4.09
1.23
3.89
4.21
4.3
1.35
1.33
3.12
4.61
3.36
2.31
0.99
0.55
1.9
4.08
4.65
3.49
4.65
3.25
0.73
1.25
3.69
1.44
3.56
2.76
2.36
1.17
1.1
3.8
2.69
0.07
4.35
0.46
1.08
1.15
3.24
0.78
0.21
1.82
4.89
1.44
0.83
4.95
1.57
4.87
3.94
4.44
3.91
3.9
4.52
2.02
4.81
1.97
3.95
1.29
0.87
0.84
0.05
3.54
1.62
1.27
2.02
4.98
0.84
1.63
4.85
1.22
3.2
4.66
2.87
1.34
2.4
4.37
0.76
2.81
2.46
3.75
3.75
3.54
2.09
2.83
3.26
1.59
4.64
0.83
1.86
0.62
0.17
3.9
1.63
3.87
3.35
1.85
2.79
2.16
4.87
4.09
0.24
1.2
3.11
2.88
3.52
3.73
3.6
3.24
4.49
2.76
1.79
0.74
2.91
2.99
2.38
4.57
4.24
0.5
3.86
1.49
0.74
4.44
4.36
1.62
3.04
2.78
2.85
0.43
1.96
1.86
4.49
4.07
2.52
3.38
0.58
4.34
2.52
1.95
3.81
3.17
3.11
0.43
3.54
1.51
1.88
4.29
2.05
4.86
2.37
3.29
2.31
0.21
1.05
0.65
4.92
3.74
2.54
0.66
0.04
0.24
2.65
4.67
1.75
1.68
3.32
3.08
4.24
0.11
1.9
2.22
4.51
0.43
1.32
0.87
1.99
4.1
3.76
0.19
0.31
0.33
0.02
3.3
1.8
2.22
3.39
2.34
0.08
4.92
0.12
4.36
2.37
0.76
2.44
1.86
0.5
1.84
3.7
1.86
2.07
1.47
2.16
2.09
2.68
1.23
3.68
3.27
1.15
4.51
3.63
1.65
1.74
0.53
2.52
1.65
4.54
1.61
4.71
4.4
1.24
1.11
2.76
2.14
0.02
0.32
0.51
1.17
1.32
3.3
0.16
4.36
2.1
1.73
1.5
3.03
3.18
0.34
3.92
1.69
4.85
2.15
0.09
0.62
3.7
0.3
1.42
4.44
1.77
3.49
3.54
0.86
0.45
1
2.59
4.64
2.63
3.89
0.6
4.51
4.62
2.4
3.15
0.85
0.4
0.72
2.24
3.99
1.66
2.48
3.49
4.26
0.93
2.69
0.58
1.34
0.16
3.27
4.15
4.74
3.75
3.55
4.27
0.9
0.84
1.68
2.7
0.19
4.48
0.7
2.71
4.5
0.52
2.37
0.95
3.27
4.14
4.21
2.13
3.73
1.04
4.86
1.53
0.63
0.39
2.19
1.87
0.44
2.18
4.8
4.94
4.48
0.52
1.04
2.51
3.46
1.92
2.12
1.01
2.96
3.56
3.46
3.39
4.48
0.04
3.25
0.22
4.73
3.74
2.5
2.74
3
0.54
2.12
2.11
2.92
0.39
0.13
4.7
3.21
3.05
1.48
3.22
1.68
3.85
2.55
1.98
1.64
1.7
4.85
1.95
2.01
4.35
1.96
0.14
2.76
4.77
3.7
1.87
1.47
4.27
4.2
4.16
4.73
4.32
2.59
1.07
3.33
0.2
0.35
4.84
4.5
2.9
0.47
4.75
0.36
1.68
1.83
4.93
1.26
4.68
1.17
1.1
0.44
2.74
4.56
0.17
4.41
3.64
3.57
1.79
0.13
3.18
2.57
2.91
4.15
2.66
2.45
4.26
1.54
2.5
2.3
4.35
4.45
1.61
4.09
0.31
0.95
2.68
4.86
3.55
3.85
0.6
0.59
3.87
0.26
4.7
0.97
4.04
2.87
3.91
0.57
4.81
3.42
1.96
0.5
2.88
3.01
3.83
4.1
2.85
0.62
3.45
3.58
3.14
4.8
3.68
2.47
0.96
4.79
0.25
2.6
3.46
0.48
1.37
2.69
1.12
1.22
2.73
3.11
3.14
1.55
0.86
1.03
2.21
4.49
1.29
0.78
0.96
1.31
4.77
1.06
2.32
3.26
1.03
4.08
3.01
0.9
2.96
1.05
4.15
4
1.37
0.58
2.55
1.91
1.69
1.14
1.04
1.85
2.31
0.94
1.52
2.7
4.33
0.91
2.87
4.41
1.64
0.3
4.09
3.71
2.26
4.58
4.73
1.7
3.13
4.92
4.67
0.21
3.94
1.37
0.33
2.11
2.59
2.69
1.34
3.55
0.67
4.83
1.31
3.52
1.24
3.6
1.08
1.87
1.46
4.65
2.02
3.31
1.07
2.66
2.96
4.3
3.25
1.01
2.17
3.62
1.74
0.79
4.29
3.82
3.13
1.62
1.84
3.51
2.21
0.7
1.04
3.34
0.98
0.27
4.16
2.75
0.46
4.78
1.76
0.64
0.8
3.92
1.96
0.98
1.54
0.13
0.53
3.73
3.33
2.17
1.79
2.52
0.7
3.05
4.11
2.52
0.11
3.4
0.82
3.29
0.82
4.45
3.24
2.59
0.74
4.67
4.45
2.65
1.11
2.98
2.46
4.64
0.69
4.74
0.31
4.07
0.43
2.53
2.54
4.9
0.6
4.76
3.86
3.95
2.32
1.31
3.12
2.08
1.79
1.74
4.99
1.3
4.2
3.76
3.59
2.26
1.77
1.21
2.13
0.91
0.89
1.01
0.19
1.92
2.52
3.42
2.65
1.26
1.96
1.17
2.17
0.44
3.76
1.44
4.95
4.16
3.44
2.88
0.6
0.14
3.19
3.48
1.52
4.87
1.69
4.64
2.7
1.26
2.45
0.56
2.37
4.3
3.64
0.37
0.39
1.11
1
1
2.11
3.18
4.96
2.12
0.56
2.48
2.87
0.63
3.86
3.18
1.4
4.2
4.94
1.41
0.88
4.94
1.99
3.63
3.32
4.62
0.4
4.25
4.64
3.9
0.42
1.88
1.09
2.06
4.8
4.6
3.2
1.99
2.09
2.83
0.42
0.16
1.52
3.86
1.96
1.48
2.3
4.56
1.3
1.33
0.58
2.14
3.75
3.2
4.99
1.33
1
3.54
2.53
0.4
2.17
4.68
2.71
0.76
1.87
4.8
2.26
0.03
1.52
0.87
1.54
2.28
4.37
0.26
2.62
0.94
1.5
2.34
3.93
4.74
4.48
3.26
4.71
4.17
0.41
1.23
4.08
3.9
2.91
3.59
1.96
2.98
4.97
4.97
0.88
1.12
1.74
2.08
3.2
1.82
2.63
3.74
1.22
3.62
1.73
1.06
1.69
1.7
4.3
2.02
0.49
2.33
2.58
2.42
2.74
4.06
1.84
2.44
4.98
0.75
1.49
2.64
3.1
3.52
4.64
2.89
4.47
0.1
2.59
4.45
0.37
3.2
0.02
3.59
2.86
2.97
4.29
0.63
0.93
2.78
3.54
1.29
1.35
4
1.65
3.32
0.78
0.79
4.07
3.78
4.41
0.53
3.11
4.39
2.76
0.73
4.54
0.88
0.97
4.15
4.38
4.54
0.34
4.84
4.03
2.3
3.32
3.08
0.9
3.37
0.53
1.55
2.7
0.94
0.77
1.08
4.06
2.84
3.12
0.48
1.12
1.82
0.78
4.61
4.79
4.65
2.49
0.86
4.43
3.41
0.99
0.59
2.71
0.7
1.51
1.45
3.67
1.08
1.58
0.54
4.84
0.38
3.84
3.91
1.81
4.83
3.46
2.88
0.5
1.27
2.15
4.61
4.35
2.6
2.2
4.38
4.27
3.84
1.42
0.97
2.09
1.73
1.38
3.89
2.48
3.5
0.2
4.64
2.2
0.48
0.78
0.63
0.93
2.62
1.42
4.98
0.85
0.8
3.7
4.85
4.71
4.08
4.18
3.45
2.4
0.29
0.41
2.34
3.84
1.39
1.57
4.32
3.52
1.22
0.5
2.13
0.31
0.5
3.19
1.73
1.65
0.69
3.95
3.82
3.93
3.08
3.07
1.99
0.86
3.71
2.28
2.07
2.78
1.57
2.35
4.48
0.86
2.74
4.84
4.24
3.51
1.8
2.84
4.48
0.63
3.99
3.17
3.28
3.59
1.42
0.06
0.31
2.05
1.63
2.84
0.48
0.26
4.35
2.02
0.61
3.81
0.25
1.45
4.74
2.53
3.06
3.92
2.18
3.31
4.52
4.73
3.06
0.73
3.32
4.94
4.08
4.73
1.84
0.07
3.06
1.56
0.93
3.27
2.31
2.94
2.75
2.93
3.77
2.87
3.44
4.14
4.2
4.01
1.45
0.48
1.19
3.06
2.69
0.17
4.05
1.52
0.79
2.07
2.82
3.32
2.03
0.11
4.16
2.23
1.99
4.7
3.46
4.93
2.51
3.62
2.73
3.42
2.77
0.29
0.48
3.48
4.76
1.64
0.08
3.47
4.55
4.7
0.09
1.76
1.48
1.72
2.76
3.59
3.26
4.28
0.28
3.63
0.82
4.99
3.78
3.6
1.03
3.97
2.97
1.33
3.01
2.1
3.52
3.7
0.6
2.25
2.8
0.91
4.84
4.74
0.59
0.03
4.18
4.16
3.58
4.5
0.06
0.26
2.32
0.47
4.42
2.35
4.68
4.09
1.15
3.8
0.32
1.84
3.05
0.78
1.57
2.4
1.03
3.63
3.51
3.5
2.99
3.28
1.14
1.96
0.27
2.66
3.92
2.39
1.92
0.06
4.84
3.34
0.88
3.38
4.59
0.87
3.79
1.51
3.58
0.2
4.65
0.54
2.09
4
0.65
1.57
1.98
3.84
0.18
4.52
0.87
5
3.78
2.66
3.32
4.45
1.4
3.32
1.18
2.77
2.47
4.13
1.62
5
4.07
0.34
4.96
3.65
0.16
4.96
0.34
4.21
3.59
2.4
3.59
2.45
2.87
3.27
1.42
4.66
1.98
3.78
1.62
2.71
2.22
0.05
3.9
3.04
3.59
3.82
3.47
4.17
1.08
4.92
3.85
1.38
2.45
1.93
3.04
4.06
0.83
3.16
2.17
1.34
1.92
0.08
0.82
3.32
0.05
3.56
1.39
2.39
4.53
1.22
3.67
0.65
1.45
0.41
0.43
1.22
2.22
2.86
4.39
3.3
0.27
4.48
1.07
2.52
3.32
1.58
3.57
1.06
0.7
0.45
2.8
4.93
0.81
0.29
2.86
1.24
4.13
3.32
1.58
3.16
0.7
2.03
0.35
2.44
4.21
1.08
2.19
1.14
3.78
1.46
2.68
2.62
0.32
1.12
3.13
4.73
4.84
0.42
0.37
2.46
1.92
1.69
0.98
1.84
1.12
3.37
2.64
0.05
0.66
0.56
0.79
0.18
3.73
3.42
1.77
0.67
0.09
0.05
2.15
1.73
3.61
0.88
2.49
4.15
3.24
3.92
3.99
1.14
3.41
3.07
4.87
2.27
3.09
3.49
3.8
2.77
0.4
1.71
3.45
2.67
0.45
1.37
3.22
1
0.75
4.66
0.56
0.65
0.69
0.82
2.77
1.08
1.07
4.52
2.47
3.91
1.01
4.42
2.15
3.93
1.45
0.18
0.12
2.3
1.59
4.68
2.2
1.31
2.74
0.15
4.07
2.63
3.84
0.99
4.79
0.02
1.57
0.93
0.93
4.61
1.82
2.44
4.52
2.42
0.67
2.52
1.94
3.66
2.33
4.68
1.86
3.7
3.76
1.76
4.21
1.43
2.72
2.53
2.72
1.3
3.28
2.66
4.16
1.38
4.06
1.41
4.98
0.96
2.28
4.39
2.36
1.1
4.56
2.53
3.59
1.02
1.52
0.39
0.96
1.87
3.64
3.49
2.57
0.71
2.69
2.02
0.49
1.1
2.38
1.47
3.31
0.26
0.98
4.68
4.3
4.52
0.17
0.38
1.57
4.49
1.7
2.87
4.05
3.56
4.06
3.79
1.35
3.98
1.38
1.59
4.5
4.65
4.08
1.49
1.54
4.12
3.71
1.93
2.93
4.75
2.37
0.09
4.12
2.12
3.82
3.94
3.71
0.91
0.82
3.25
4.61
1.46
0.27
1.84
1.94
4.85
2.91
4.89
4.18
0.36
4.96
3.37
0.55
1.19
1.73
2.3
1.4
2.89
4.89
1.89
3.87
2.99
0.41
2.78
0.41
4.69
1.37
2.53
2.32
3.07
0.64
2.05
2.14
2.71
2.21
0.49
0.17
4.53
0.47
0.93
4.04
3.33
0.39
3.14
0.82
2.53
2.99
3.68
2.55
1.12
2.78
1.39
3.79
3.06
0.47
2.4
2.94
2.32
2.95
1.79
2.65
0.37
0.84
2.73
1.88
3.94
2.8
2.82
0.05
3.98
4.38
2.76
4.9
0.06
2.25
4.38
0.51
1.09
3.04
4.17
0.59
2.19
2.54
4.8
0.82
3.41
4.19
1
0.33
1.71
4.16
0.78
4.92
4.74
1.43
0.28
3.08
3.05
3.19
2.23
2.74
3.25
0.19
4.05
0.9
3.28
1.33
0.18
1.91
2.32
3.44
4.64
2.8
1.38
4.56
0.82
0.23
4.85
3.88
0.37
1.31
2.18
4.49
1.46
3.44
0.85
1.03
1.71
1.29
4.54
3.35
2.32
1.22
1.01
3.07
4.87
4.25
4.48
4.46
2.01
2.51
3.78
4.67
4.7
2.5
4.63
0.18
3.31
0.66
4.49
4.55
4.91
4.27
4.39
4.92
1.53
1.6
1.58
1.43
4.91
1.03
4.27
2.67
3.63
0.02
4.91
0.74
0.71
2.51
3.47
0.19
3.42
4.96
1.12
3.31
2.61
4.69
3.64
1.81
1.16
1.16
1.97
3.39
0.34
2.32
0.73
0.98
2.74
3.65
3.17
4.22
3.27
4.49
3.26
0.97
4.15
2.33
0.72
1.86
4.22
0.41
1.79
0.08
0.06
2.12
1.71
2.65
3.83
0.03
0.66
2.13
0.76
1.85
1.54
4.17
2.33
4.84
1.95
3.55
0.35
3.33
2.01
2.99
0.62
2.63
1.17
1.19
0.69
0.5
2.88
3.64
4.97
3.63
2.27
4.55
3.09
3.35
3.32
0.16
4.96
2.99
4.43
1.42
3.9
4.77
3.24
1.17
0.49
1.88
1.13
2.31
2.83
2.84
1.54
2.22
3.23
0.97
3.99
4.95
3.94
4.55
1.32
4.25
3.49
3.62
4.44
1.89
0.14
2.52
2.09
1.72
1
2.08
0.03
0.13
1.96
1.47
0.06
1.46
4.16
2.82
0.01
2.83
0.14
4.62
2.41
1.36
0.82
3.96
1.76
0.55
2.75
1.46
4.11
3.98
1.82
0.35
1.56
2.05
2.09
1.15
2.05
2.64
0.04
0.06
2.03
