1.82
0.18
2.7
0.88
3.36
4.78
0.33
1.14
4.49
3.32
4.03
1.68
0.13
1.13
3.52
2.17
2
2.22
2.89
3.8
1.84
4.11
3.29
4.42
1.99
0.32
2.25
4.36
1.37
1.62
2.18
4.05
0.79
1.95
2
1.24
0.89
1.53
3.81
3.19
3.05
1.31
4.24
3.04
0.61
4.39
4.76
1.19
2.61
2.99
3.52
3.2
4.49
3.87
1.59
1.44
2.31
1.08
3.46
3.99
4.32
1.14
0.35
0.55
2.97
2.81
0.54
4.83
0.71
3.14
2.34
3.06
3.02
1.89
4.37
1.97
3.18
0.8
1.24
3.89
3.97
0.43
4.48
3.21
1.68
0.9
4.43
2.63
4.88
1.44
1.98
1
3.05
1.17
0.5
3.88
3.59
2.4
2.82
3.17
3.93
3.33
3.14
1.69
3.19
1.39
1.28
0.62
4.55
4.88
3.91
0.49
2.86
3.09
3.97
0.99
4.65
2.91
1.56
4.21
1.67
4.45
1.89
1.91
4.42
0.5
4.95
4.42
2.6
1.71
0.71
0.94
1.47
4.61
2.61
3.97
0.6
3.28
3.08
4.51
0.73
0.43
4.53
1.98
0.61
2.06
0.98
1.57
0.84
0.1
1.82
2.33
2.92
4.88
0.64
0.96
2.26
3.45
4.49
4.1
2.11
4.41
3.05
1.15
1.29
3.5
0.29
4.4
0.39
1.28
0.53
0.72
1.16
2.35
0.18
1.88
2.92
2.64
2.12
0.27
0.37
1.93
2.29
1.72
3.7
4.94
3.01
4.66
0.03
3.4
3.13
1.79
0.55
3.21
0.17
1.18
2.55
3.34
4.33
4
1.59
2.15
3.56
0.22
3.15
2.25
3.37
4.99
0.98
0.61
0.59
1.7
0.87
4.42
1.28
3.77
1.22
3.73
3.86
1.32
0.28
1.71
1.13
1.19
4.69
0.17
3.33
0.88
3.16
3.24
2.32
3.94
0.15
2.6
4.51
3.48
1.16
0.82
3.29
4.74
4.75
1.97
0.93
3.93
3.38
3.98
2.83
4.38
0.39
1.09
3.34
4.71
3.27
3.34
2.77
4.16
4.34
3.88
0.09
1.68
1.56
0.91
2.22
0.4
3.7
2.86
3.76
4.29
0.26
1.88
1.53
2.04
1.82
3.91
3.53
4.72
1.93
3.63
4.01
4.18
2.08
4.1
1.58
0.11
1.47
0.4
4.79
4.71
3.13
1.84
4.48
1.53
2.28
2.94
4.84
4.02
3.66
5
2.73
3.34
4.46
1.52
2.44
3.06
4
1.13
1.53
0.66
2.23
0.27
4.8
1.23
1.08
0.57
3.56
2.59
0.9
3.04
4.49
4.11
1.64
3.2
0.61
1.21
3.94
4.2
1.54
3.04
5
0.82
4.44
4.89
3.91
4.68
3.43
0.11
2.28
0.2
2.53
2.05
1.88
1.56
2.27
2.8
0.88
2.81
1.58
3.72
2.63
1.91
4.94
3.15
0.65
3.3
4.11
3.84
0.32
3.59
2.96
4.02
3.15
4.71
1.74
4.98
4.71
3.17
1.59
0.59
0.93
2.37
3.74
2.25
4.59
1.34
2.64
4.89
0.9
3.32
2.51
0.04
4.23
2.47
0.37
4.21
4.54
3.59
1.83
0.02
4.01
0.94
0.21
2.18
0.51
4.54
4.43
1.52
3.47
3.91
2.09
0.05
1.33
1.33
1.51
1.15
2.4
4.83
3.22
3.23
0.55
4.44
0.56
2.07
0.39
1.34
3.88
3.07
0.51
0.15
3.59
0.88
4.53
0.95
0.73
0.92
1.47
3.01
0.48
3.32
2.78
4.35
3.73
4.86
2.97
1.29
4.91
4.34
3.62
3.76
2.47
1.52
3.93
3.59
4.16
3.22
3.38
1.17
1.29
2.09
2.49
0.41
0.81
1.04
1.97
4.15
4.14
1.53
1.44
4.47
3.61
4.25
3.34
3.93
2.17
4.2
1.31
1.6
3.73
3.11
0.75
4.48
1.41
4.4
3.02
1.57
0.21
0.46
0.12
0.25
1.26
3.38
3.37
3.89
3.43
4.74
2.81
0.61
2.41
3.91
2.05
2.73
0.85
0.65
4.93
0.64
2.21
3.06
0.2
4.61
2.31
2.34
2.49
1.32
2.16
2.82
0.95
4.12
1.92
3.57
0.79
1.6
3.92
2.09
4.11
1.63
3.69
1.2
0.08
0.54
4.54
0.6
0.73
3.8
2.45
2.35
1.75
3.34
3.93
4.21
2.16
3.5
1.57
2.55
0.24
1.1
4.7
0.63
1.52
4.85
0.97
2.98
1.02
0.19
2.7
4.97
2.68
1.5
2.32
4.69
0.48
4.27
1.84
3.45
0.31
4.34
0.47
4.16
2.32
1.47
0.17
2.06
3.52
2.68
2.39
0.04
0.78
3.96
0.51
3.3
4.4
4.85
3.82
4.76
0.2
1.6
0.65
3.88
4.8
4.62
3.23
0.04
0.93
1.79
3.83
1.89
4.16
3.67
4.25
4.6
2.32
0.87
3.43
1.88
4.67
4.53
1.73
4.39
0.18
3.07
1.45
1.67
1.7
2.82
2.85
2.82
4.19
2.05
1.84
1.14
4.51
1.24
3.89
2.15
3.97
4.16
4.41
0.91
0.38
3.5
4.79
1.2
4.09
2.01
4.61
1.04
3.59
3.11
3.9
2.17
4.36
1.17
3.61
3.72
1.2
1.34
0.25
3.27
3.81
1.99
0.57
2.87
3.04
1.98
2.59
2.65
4.51
4.73
1.79
4.97
1.7
3.66
3.19
0.36
0.71
2.17
3.52
0.43
2.07
0.11
1.62
4.52
3.56
4.93
4.62
4.52
1.63
4.68
3.95
2.08
2.24
4.06
3.03
0.39
3.45
4.87
4.16
2.4
3.77
1.75
2.61
2.54
4.79
3.22
0.83
0.24
4.78
2.12
4.15
3.17
1.65
4.48
4.05
2.37
2.48
4.91
1.96
3.82
2.72
4.96
1.05
4.92
2.16
0.56
0.95
1.6
3.29
2.24
1.7
3.62
4.44
2.92
3.37
4
0.44
2.17
3.66
0.66
2.66
1.57
2.57
0.95
4.76
4.73
0.99
4.18
4.19
4.15
3.32
4.31
3.61
1.52
2.98
2.01
4.2
4.77
3.15
4.45
0.01
3.25
4.52
0.21
4.41
3.55
2.25
2.5
0.2
4.93
0.86
3.95
3.11
2.75
4.48
1.68
0.65
1.42
1.48
0.38
4.81
2.6
0.28
4.96
0.95
0.74
1.76
0.85
0.49
4.16
3.29
0.65
4.26
3.09
0.14
4.43
2.18
0.31
1.75
1.36
1.71
3.84
1.6
1.93
3.16
0.87
0.66
0.82
2.28
1.99
4.82
4.74
0.22
3.01
4.55
2.34
2.62
0.52
0.69
0.24
4.37
2.61
0.96
2.31
3.03
0.77
2.43
1.16
3.8
3.86
2.17
3.46
0.08
2.28
2.82
2.86
3.81
1.27
2.21
1.64
1.75
0.24
0.63
0.07
1.26
3.29
1.63
3.01
4.7
0.11
3.43
0.48
4.34
4.56
0.55
3.32
0.82
3.68
2.79
1.78
1.45
4.75
0.18
3.49
4.72
1.64
4.84
0.2
3.91
4.09
3.68
3.55
0.47
3.48
2.63
3.17
2.8
1.02
0.47
3.09
0.63
1.42
2.43
4.79
0.39
1.67
0.28
2
0.92
1.42
0.61
1.41
2.29
3.52
4.05
0.33
4.69
2.09
0.89
0.16
0.46
2.86
1.34
3.83
3.97
1.22
1.96
4.85
4.68
4.86
4.84
2.09
3.33
3.22
0.26
0.89
1.16
0.13
4.47
1.15
4.65
4.84
3
2.25
0.79
2.18
1.87
4.39
4.18
3.08
4.22
3.18
2.64
1.96
3.66
3.19
0.3
0.62
2.37
1.58
4.04
1.38
0.83
0.34
3.3
3.61
3.78
2.07
2.56
1.67
2.64
4.9
0.99
1.77
2.57
4.96
3.61
1.7
1.02
1.68
0.79
3.7
2.96
2.21
2.5
1.04
0.37
3.91
2.6
0.26
0.08
0.19
0.1
2.94
1.54
1.74
2.25
4.01
2.71
3.87
0.92
1.58
1.93
2.69
0.53
1.7
4.32
3.94
0.06
4.51
2.54
1.8
0.27
2.5
1.5
0.77
2.65
3.65
3.23
3.36
3.19
3.26
3.72
3.6
1.91
4.99
0.49
2.04
4.33
3.64
3.67
3.84
2.49
1.35
2.74
0.23
4.92
0.39
2.32
3.48
0.03
3.61
4.29
1.95
1.74
1.64
1.78
0.25
0.62
1.94
2.96
2.11
1.54
0.35
4.24
4.87
2.84
1.28
3.78
4.39
0.82
1.96
1.87
4.15
3.49
3.24
0.84
3.34
0.3
4.56
2.57
0.04
0.63
3.37
2.83
1.87
2.5
0.89
4.86
0.4
3.99
0.4
3.51
2.11
2.49
3.47
2.53
3.64
4.03
0.6
0.02
4.34
4.81
1.7
1.65
3.44
2.26
2.08
1
4.12
3.58
3.21
3.59
3.93
1.99
3.46
2.89
1
4.5
4.12
0.35
0.87
4.22
3.38
4.27
3.35
2.59
2.29
1.74
0.39
4.15
1.37
4.7
3.07
2.32
1.9
2.95
3.37
2.8
1.03
0.63
4.43
3.93
3.94
0.25
3.09
0.22
0.14
0.91
1.35
4.47
0.16
1.51
1.64
2.36
1.74
2.05
3.27
1.69
0.08
3.51
2.67
4.5
0.03
3.99
0.04
1.66
4.02
2.2
1.69
1.66
2.07
3.3
3.69
4.55
0.75
4.61
3.2
4.64
1.62
3.25
0.34
1.7
1.71
2.76
4.2
4.84
3.55
4.6
2.77
2.41
1.8
0.46
1.49
1.48
4.22
4.38
1.06
4.41
3.78
0.86
0.23
3.52
2.47
0.35
1.78
4.18
0.24
1.16
4.99
1.84
3.25
0.31
0.12
0.02
3.58
0.43
3.62
1.64
0.6
4.48
2.22
4.76
2.94
4
2.98
2.31
0.65
0.78
3.91
1.13
2.27
3.47
0.83
1.75
3.97
1.97
2.16
1.76
0.75
1.77
0.66
3.42
4.51
3.72
0.32
1.61
4.15
2.1
1.35
4.42
1.85
1.52
2.15
0.25
3.69
3.64
3.43
2.21
2.2
2.54
4.87
4.7
4.48
2.69
0.62
0.03
0.47
5
2.75
3.11
4.35
3.58
2.09
3
1.1
1.28
3.87
1.95
0.71
0.7
4.76
2.59
0.67
4.45
2.57
3.62
3.32
2.59
4.76
4.03
0.27
2.03
1.58
2.43
2.6
3.66
0.01
0.01
2.28
0.09
0.59
2.21
0.14
1.95
3.35
4.18
3.47
0.43
4.64
4.33
4.31
4.35
0.57
2.56
4.21
0.21
1.72
2.61
0.72
4.81
3.57
2.58
3.3
2.6
2.93
4.08
1.75
0.22
4.85
0.31
0.76
0.52
1.53
0.34
4.32
2
1.23
4.49
2.86
1.06
3.24
1.58
2.23
0.5
3.53
4.3
4.99
0.24
2.2
1.85
3.8
4.99
0.75
2.83
1
3.86
1.46
0.91
3.9
0.52
3.08
3.27
4.06
3
1.06
4.32
3.16
1.52
1.11
0.81
0.57
1.33
1.19
3.89
0.25
0.17
4.82
4.29
3.45
3.08
2.27
3.8
3
3.06
3.23
3.13
0.5
0.67
3.81
1.92
3.84
1.54
2.28
0.32
3.01
1.33
4.71
1.1
3.93
4.45
2.53
1
2.93
3.19
1.85
2.82
4.16
4.87
1.98
0.8
2.82
3.86
3.23
0.26
4.08
3.94
1.68
0.34
3.05
3.55
0.66
0.74
1.39
0.66
1.55
3.61
0.63
2.67
4.76
0.48
4.17
3.63
3.44
4.14
1.21
3.07
4.26
0.5
4.49
2.92
3.33
3.4
3.91
0.29
3.14
1.37
3.44
4.34
4.28
3.6
4.15
2.56
3.65
2.38
4.9
3.46
4.3
3.67
2.42
3.73
3.27
3.13
2.99
0.05
1.43
3.9
3.88
0.26
1.09
4.06
3.44
2.78
0.91
4.76
0.41
2.67
3.41
0.36
4.51
4.83
1.57
1.64
2.1
4.73
2.55
3.78
1.9
1.99
1.31
4.86
1.45
0.8
2.36
1.74
2.95
2.39
0.16
3.76
0.66
1.57
3.3
4.57
2.18
2.21
3.77
1.95
4.05
1.36
4.25
3.69
2.71
0.91
0.95
4.83
0.7
3.82
1.15
1.68
1.2
1.69
2.6
0.68
4.45
1.73
1.98
1.58
1.88
2.19
0.73
1.32
4.26
3.12
3.57
0.09
3.05
3.94
1.63
1.21
0.04
0.53
1.65
2.21
2.76
4.59
4.95
1.24
0.72
3.36
2.72
3.14
1.05
3.4
3.78
3.02
3.33
2.47
2.96
3.28
2.26
4.69
1.1
2.59
4.42
3.87
1.09
1.95
4.87
4.94
3.47
4.38
4.33
0.75
0.92
3.53
0.59
2.32
4.88
0.68
0.77
3.36
3.55
1.87
3.73
1.61
1.57
2.97
3.15
3.01
0.24
3.44
3
0.93
3.43
2.32
2.59
2.42
3.68
2.9
1.1
2.86
1.27
4.34
1.81
1.96
0.25
4.22
2.34
2.36
2.97
1.3
2.48
3.73
1.99
1.27
2.41
2.28
0.92
1.16
3.21
0.05
4.78
3.81
4.58
0.9
2.34
4.46
1.63
4.03
0.15
4.87
3.43
4.66
3.5
2.84
4.22
3.88
2.35
2.39
2.07
2.57
1.81
3.76
3.13
4.93
2.28
3.72
2.18
3.45
0.9
1.17
0.41
1.5
4.37
1.77
1.49
3.77
0.9
0.89
2.97
3.15
2.01
2.74
4.18
4.7
0.36
0.38
3.93
1.51
0.22
2.71
3.83
3.56
4.39
1.9
0.25
3.26
3.43
3.81
0.87
4.2
3.07
0.39
3.02
2.23
4.06
0.44
3.69
3.03
2
4.71
3.01
2.9
3.08
3.55
4.87
2.58
1.17
1.33
4.91
4.12
1.89
3.33
3.04
0.81
1.2
2.21
1.4
2.64
0.27
0.71
4.53
3.82
2.78
0.58
0.59
2.61
1.71
2.82
1.6
4
2.37
1.75
4.49
4.7
4.51
2.79
4.94
1.45
4.7
2.97
4.76
4.59
1.71
4.49
3.99
0.74
1.15
1.06
2.92
1.63
3.87
2.7
3.3
2.2
2.69
3.32
3.58
4.42
4.97
1.65
4.82
1.91
1.74
0.32
2.08
1.52
0.34
1.28
3.68
4.83
0.26
1.83
0.2
2.15
0.08
2.41
0.17
4.31
3.54
1.64
4.79
1.94
0.55
3.99
1.13
0.03
4.72
2.3
3.85
1.89
3.8
0.31
1.29
0.83
1.93
4.19
2.12
0.48
2.34
4.1
0.22
2.55
1.43
3.57
1.18
1.83
0.02
3.23
2.35
4.64
3.13
0.61
2.75
4.02
5
2.9
3.23
1.6
2.81
2.22
2.52
2.98
0.54
1.53
3.97
3.25
3.97
2.54
3.42
2.06
0.76
2.7
0.09
1.57
3.33
0.96
0.42
2.17
0.95
2.9
1.8
3.21
3.85
1.44
3.05
2.05
3.37
3.64
0.31
2.72
0.86
1.36
0.23
2.79
4.6
2.13
1.23
2.91
0.25
2.19
3.75
4.55
3.22
1.48
2.58
1.64
1.44
3.85
3.25
1.1
3.47
1.12
1.85
3.02
4.91
4.43
3.68
1.53
4.6
4.64
4.97
4.94
1.71
0.43
3.41
2.2
2.76
2.68
1.08
1.12
1.97
4.44
2.22
3.15
3.86
3.34
3.31
0.17
4.72
4.93
1.06
1.29
0.43
2.93
2.72
2.32
4.09
3.57
0.01
2.01
3.05
4.27
3.23
2.21
0.28
4.72
2.63
0.85
0.28
3.88
4.42
3.64
2.54
1.57
0.7
2.02
3.47
2.29
4.68
1.68
2.7
2.2
0.87
4.09
4.25
4.73
4.38
2.59
0.91
3.83
2.38
4.48
3.7
0.4
1.06
3.01
2.04
0.64
3.96
0.52
3.92
4
4.47
0.84
3.76
2.56
4.94
2.6
1.65
1
3.63
0.57
0.53
4.98
4.49
4.06
2.81
3.05
0.82
1.42
1.18
0.98
4.61
0.54
1.44
2.68
2.44
4.48
1.28
0.38
1.95
3.81
0.14
0.17
1.39
1.89
1.93
0.8
3.53
0.77
3.01
4
4.04
3.58
3.43
2.67
2.99
4.96
1.29
4.76
2.33
2.49
0.15
1.83
0.85
3.1
3.47
2.29
3.27
1.15
4.14
1.61
1.36
1.21
2.3
0.94
3.31
4.02
4.38
2.5
1.91
0.55
1.09
3.1
4.01
4.55
2.54
3.75
0.69
3.76
0.11
4.06
2.25
3.26
2.72
0.96
3.8
4.43
1.23
1.53
3.12
3.03
2.31
2.53
0.44
3.78
2.93
4.52
0.09
1.88
1.58
1.92
0.21
1.3
4.95
1.3
2.81
1.8
1.78
3.09
2.34
2.92
0.65
0.26
1.25
0.46
0.16
1.21
2.21
2.27
2.05
0.47
0.09
2.23
4.23
2.69
2.57
4.6
1.08
4.1
3.98
2.33
4.8
1.91
4.51
1.86
3.49
0.37
4.25
1.75
3.52
1.58
4.4
2.62
4.61
4.13
0.44
0.98
4.61
2.03
0.27
3.26
3.43
4.57
3
1.48
4.68
3.98
0.36
0.47
0.48
4.46
3.08
0.99
2.73
0.72
4.53
3.63
0.13
4.99
1.34
4.01
0.35
0.36
3.4
0.16
1.02
3.81
4.27
2.03
2.22
3.32
3.63
0.12
2.35
1.71
4.1
1.35
3.84
3.11
2.77
2.02
0.45
2.56
3.63
0.21
2.16
2.56
0.82
2.91
4.8
3.03
2.47
4.7
0.78
1.19
2.31
3.63
3.01
2.75
3.58
3.36
1.43
0.65
1.52
3.89
1.86
2.38
2.33
4.39
4.4
1.08
3.19
0.07
0.84
4.79
1.18
4.54
2.36
1.8
1.53
1.02
1.21
1.92
0.01
4.87
3.48
3.33
2.35
3.7
1.23
0.87
2.8
4.92
4.12
2.95
2.67
2.32
3.54
1.16
4.52
0.93
2.65
1.82
2.96
1.95
0.48
0.27
1.28
4.25
3.2
1.7
2.1
2.94
4.41
2.83
3.18
4.26
4.66
0.15
4.5
4.54
0.95
1.65
3.02
2.65
1.23
3.02
3.67
1.51
4.29
3.63
4.99
3.82
3.59
3.42
0.35
0.48
0.68
0.38
2.58
0.68
1.47
3.7
2.23
2.91
3.7
2.06
2.76
3.85
1.52
0.82
4.71
0.92
2.38
0.08
1.98
1.15
2.99
3.03
3.57
0.07
2.4
2.55
0.33
4.32
2.91
3.17
3.16
2.93
3.72
4.34
1.42
1.52
2.83
2.78
0.71
2.44
0.76
2.12
4.79
2.11
0.35
0.52
1.85
3.32
1.48
1.6
4.12
3.55
1.29
4.6
3.5
2.27
0.16
1.7
3.21
0.64
2.51
3.37
1.32
0.09
3.13
2.76
2.97
2.74
4.51
2.49
1.6
1.26
4.68
1.33
4.09
3.78
0.18
1.64
1.49
3.07
4.12
3.3
2.31
4.64
4.99
1.99
2.87
4.93
3.91
3.11
0.34
4.45
0.09
2.24
4.78
4.55
4.98
3.9
1.46
1.62
3.31
1.03
0.02
4.65
3.15
4.13
0.21
1.85
0.99
0.32
0.59
4.51
2.21
4.81
3.95
0.2
2.28
3.46
2.19
2.87
1.78
3.29
4.82
4.12
3.05
2.67
1.09
2.74
1.02
1.09
2.77
3.53
3.61
2.39
0.35
4.44
3.21
0.92
4.11
1.2
3.84
4.13
4.42
2.79
3.18
3.18
3.87
2.68
4.15
4.64
4.72
0.01
3.72
1.08
3.62
3.35
1.66
0.36
0.65
3.22
3.98
4.95
1.92
2.12
1.72
4.41
2.68
2.73
4.48
0.11
1.82
0.36
0.46
2.65
4.88
0.7
2.06
2.44
3.01
4.53
2.27
1.7
0.92
2.58
3.3
1.04
0.65
0.49
1.49
0.57
3.02
2.19
4.63
4.04
4.19
3.04
0.13
2.46
4.48
0.56
1.32
0.76
0.97
2.17
3.26
0.95
2.34
1.64
3.33
3.56
1.54
0.46
2.6
4.99
4.37
2.85
0.33
3.32
3.56
2.17
2.48
3.2
4.12
4.53
3.62
3.41
1.64
0.52
3.52
1.1
0.41
2.17
3.41
4.62
1.21
3.27
0.88
0.84
3.31
1.83
0.74
4.92
0.82
4.08
0.89
3.04
1.71
4.17
1.2
4.4
4.53
2.83
4.56
4.71
0.68
3.03
3.95
4.33
0.31
3.37
1.77
1.84
3.06
4.57
4.53
0.87
4.77
2.42
2.02
0.74
2.8
1.13
2.76
1.29
0.15
3.76
2.9
3.01
1.19
0.55
1.96
4.78
4.23
2.95
3.21
4.94
2.11
0.25
3.63
4.83
0.15
1.93
1.6
4.52
4.11
0.34
2.75
1.84
2.09
3.47
1.33
4.86
3.05
0.09
3.46
1.92
2.48
4.55
2.44
1.5
3.34
1.98
2.17
2.59
1.47
1.63
0.7
3.21
1.44
2.19
1.03
0.74
3.25
3.14
4.33
