4.48
0.88
4.11
2.02
0.46
0.09
4.28
4.72
1.29
4.17
4.92
1.26
2.06
3.02
0.66
3.78
3.75
2.79
3.52
2.88
4.41
4.46
4.64
3.7
1.98
3.11
1.23
2.98
0.93
0.1
4.18
0.69
0.3
4.93
1.28
1.41
1.12
0.98
1.23
3.07
4.46
1.6
1.94
2.12
4.96
4.67
4.3
1.5
2.59
4.02
0.39
4.35
3.72
1.71
4.07
2.84
2.73
4.52
4.07
4.79
3.51
3.58
1.43
2.33
2.3
2.36
2.78
4.08
3
0.61
3.66
3.46
3.64
0.84
2.03
3.81
3.96
2.67
0.47
2.68
1.35
1.46
1.38
4.17
5
1.94
3.4
1.87
3.27
4.84
4.29
4.05
3.59
3.68
0.4
4.21
4.3
1.58
1.84
3.6
4.01
1.64
1.05
0.77
2.13
4.93
2.79
1.58
4.04
2.42
2.11
3.8
4.75
2.77
3.78
2.76
1.35
4.27
0.41
1.59
2.92
1.09
2.79
4.41
4.8
4.72
2.5
1.82
2.36
1.14
1.81
0.48
3.37
3.34
4.95
3.21
1.19
3.56
0.78
1.6
3.94
2.57
2.02
3.45
0.11
4.53
0.8
0.9
2.91
1.88
4.32
0.94
0.79
0.23
2.51
4.15
2.35
1.34
4.54
0.37
0.8
0.4
0.89
3.73
2.59
2.52
0.92
4.7
0.69
1.7
0.81
1.69
1.72
4.27
4.58
0.09
1.37
3.48
4.68
1.38
3.07
3.94
2.88
1.76
4.72
4.2
4.2
1.89
2.83
2.8
3.13
4.03
3.03
3.41
4.95
2.19
2.83
0.25
0.03
1.46
3.56
3.64
3.84
4.8
4.55
3.68
1.25
3.28
2.43
3.21
0.96
2.76
3.55
0.9
1.64
2.54
2.28
2.4
3.34
1.17
2.89
1.33
4.63
4.79
4.12
0.83
2.43
2.45
4.35
4.57
0.04
3.12
0.28
0.06
0.4
3.08
2.72
3.23
0.74
3.85
0.46
3.53
3.14
3.05
3.74
2.14
1.69
2.38
4.54
4.06
2.89
4.77
0.18
3.44
4.6
2.66
0.87
1.79
3.2
4.09
2.09
1.87
0.32
2.63
2.31
2.07
0.59
1.84
4.15
0.57
0.51
3.91
3.75
3.51
2.36
4.1
1.87
4.58
1.74
4.76
4.79
0.57
1.3
1.91
4.92
4.09
0.79
0.43
4.6
2.57
2.86
0.96
2.32
1.6
0.97
0.66
0.05
4.02
2.55
4.65
2.37
0.89
1.89
3.43
4.72
2.82
1.77
2.39
1.09
3.66
4.06
4.05
4.26
0.34
0.4
0.97
3.94
0.29
4.49
2.74
0.65
2.43
3.49
0.88
2.85
2.19
0.3
2.31
4.02
4.97
3.31
4.9
4.83
4.49
2.26
4.92
1.48
3.54
4.05
2.36
5
4.58
3.98
2.66
4.45
0.21
0.51
1.44
0.63
3.58
4.38
0.87
3.56
1.08
3.06
2.49
2.53
1.12
1.26
2.25
2.05
0.52
3.14
1.79
3.04
3.67
2.33
3.89
4.25
2.93
3.28
1.64
4.82
2.9
4.3
2.77
1.05
2.12
0.47
4.44
0.19
3.04
0.69
0.75
0.1
1.18
1.17
3.74
4.01
3.97
4.83
2.7
0.42
2.54
4.37
4.87
2.74
1.98
2.08
4.28
5
4.25
4.07
3.78
4.39
2.74
4.11
2.26
3.42
2.15
3.7
3.71
3.18
4.12
2.95
1.59
4.32
1.72
2.52
3.17
0.53
0.24
1.62
0.88
2.38
4.72
3.57
1.84
4.91
0.75
2.46
1.77
3.3
2.48
3.47
0.31
0.51
3.24
2.77
0.63
1.11
3.51
4.02
3.79
0.47
0.37
0.14
0.99
0.88
3.48
3.9
3.94
3.27
3.37
3.34
4.09
3.05
4.7
0.22
1.08
1.53
4.04
3.09
1.2
4.46
3.1
2.68
1
1.25
3.51
4.64
3.02
4.16
1.25
4.39
3.57
4.59
4.38
2.24
0.99
1.53
0.59
1.24
2.14
4.13
4.7
1.05
4.08
2.66
3.84
3.19
0.36
4.4
1.5
4.53
0.37
1.74
0.04
4.18
1.12
3.49
0.84
4.44
0.56
4.53
4.87
0.57
3.39
3.88
2.88
0.04
3.45
0.97
3.05
2.52
0.33
4.99
1.24
4.5
2.27
1.64
4.15
1.31
1.93
2.62
1.46
4.76
1.49
3.52
3.08
3.69
3.69
1.42
3.5
3.46
3.95
4.51
1.15
2.31
0.29
2.21
3.23
0.77
1.63
0.73
3.6
4.02
2.21
3.51
4.19
2.2
4.93
2.31
0.61
2.07
4.56
3.23
2.81
4.7
2.15
3.47
3.43
0.97
3.51
2.41
1.25
1.41
1.15
1.77
2.21
0.85
2.62
1.1
2.07
3.51
2.71
0.52
3.61
4.62
0.4
4.6
0.16
4.79
0.75
5
4.89
4.65
4.6
1.21
3.35
2.17
0.39
2.75
3.07
0.36
0.63
1.9
2.84
2.25
0.12
4
1.78
3.22
2.97
4.78
1
3.28
0.12
2.21
4.3
3.09
0.9
0.04
0.14
1.61
3.42
2.21
1.59
1.35
1.98
2.61
3.43
2.23
3.11
2.87
4.32
1.75
1.87
4.72
4.63
4.89
0.05
4.55
1.15
2.86
0.82
2.92
3.39
0.61
0.16
4.2
2.85
3.74
4.22
0.02
0.58
2.76
2.07
4.77
4.73
4.04
0.93
2.38
2.2
1.22
3.62
0.89
1.27
1.83
1.11
3.08
1.75
1.37
1.33
4.64
4.83
1.62
2.43
4.89
0.01
1.58
2.78
4.43
1.49
2.49
4.56
1.15
1.2
3.38
2.8
1.88
1.6
0.52
2.41
3.69
3.28
4.06
3.63
1.34
1.57
3.75
3.47
3.82
3.39
1.45
4.84
0.18
1.75
4.15
2.72
1.7
4.75
0.09
0.92
4.98
3.45
3.97
2.47
1.83
1.08
0.88
3.12
4.74
1.92
4.63
1.76
3.64
3.98
3.21
0.03
0.23
4.21
0.22
2.84
3.43
4.06
2.43
2.27
1.21
1.68
1.11
4.89
3.06
0.86
3.77
3.49
4.03
0.24
1.45
1.46
4.13
4.67
1.79
2.86
4.25
3.54
2.42
4.51
1.91
2.63
2.89
2.55
0.91
3.13
3.07
3.44
3.6
1.73
3.23
0.69
2.03
1.14
3.08
4.05
2.44
1.32
1.41
2.44
1.38
2.8
1.45
3.89
1.93
0.35
1.04
4.83
3.52
1.58
1.8
1.49
2.08
0.22
4.53
4.79
0.14
4.28
1.86
4.63
3.01
3.48
3.44
1.77
2.11
0.45
3.9
1.45
2.18
1.86
2.62
1.5
4.08
1.16
1.4
3.83
4.5
4.27
0.61
3.34
0.09
1.82
4.45
3.34
4.79
4.68
2.7
3.41
4.29
2.84
2.13
4.79
1.03
4.53
3.2
0.47
0.87
2.94
3.45
3.43
2.84
0.03
0.47
3.3
0.5
0.41
1.04
4.78
2.94
2.86
4.82
3.11
4.86
5
4.64
2.04
4.63
3.62
2.52
1.97
1.73
0.72
2.17
1.33
1.86
3.07
1.4
1.02
0.69
0.82
2.03
1.71
4.82
1.44
4.83
3.22
2.57
4.2
0.85
1.68
3.04
3.08
3.56
4.83
1.82
0.34
4.74
3.99
3.05
1.53
0.1
3.81
3.08
3.08
4.23
0.92
1.73
4.74
0.09
4.84
0.86
3.66
0.06
4.74
4.06
0.54
1.22
2.72
3.48
2.36
4.98
4.41
3.93
0.24
4.54
4.88
2.8
1.41
2.25
0.91
4.6
0.23
4.54
0.37
0.73
0.54
1.09
3.96
2.08
4.42
1.79
3.69
3.63
0.75
2.97
1.86
0.93
3.53
2.36
1.28
4.75
2.26
2
1.87
2.59
1.18
0.64
0.87
4.37
4.75
0.53
4.95
4.22
1.86
0.45
4.34
2.13
2.54
2.97
2.89
0.59
4.29
3.62
1.56
3.24
0.14
0.84
1.29
0.37
4.87
0.39
0.33
4.82
2.17
2.17
3.88
1.47
4.15
3.01
1.25
3.06
4.87
4.89
1.78
3.93
4.68
0.94
1.25
4.2
3.85
4.68
3.35
3.58
0.34
4.96
3.55
1.08
1.57
2.84
2.61
4.76
4.01
2.07
0.13
1.79
2.54
3.56
3.17
1.23
4.99
3.9
4.55
4.08
1.42
1.6
3.64
1.9
3.57
0.93
2.87
3.66
1.7
2.49
1.2
4.78
0.68
1.16
1.84
1.66
3.37
3.26
4.93
2.88
2.44
4.09
2.18
2.62
3.83
1.97
0.38
4.86
2.15
2.04
2.02
4.28
0.27
2.08
0.48
0.53
4.03
3.06
4.88
1.82
3.1
3.16
1.57
4.97
2.32
0.55
1.58
1.45
0.7
4.94
3.31
3.63
2.78
3.72
2.12
2.76
3.26
3.04
1.37
0.3
0.66
1.39
2.13
0.17
0.86
0.99
1
2.21
4.48
4.6
1.44
4.32
2.77
1.08
2.38
3.92
2.99
0.86
3.37
3.78
1.94
4.46
4.32
0.48
0.42
2.55
3.74
1.92
1.64
4.3
2.46
0.7
3.73
3.68
0.36
0.53
2.59
0.52
4.41
3.96
0.2
1.87
0.39
4.67
4.32
1.62
2.23
2.7
0.79
4.15
3.23
4.85
3.56
1.52
4.72
4.9
4.27
1.25
0.57
0.61
0.88
4.34
4.7
2.84
0.8
0.57
2.8
2.93
1.52
2.65
3.9
0.14
2.74
4.07
1.24
4.36
0.43
0.11
3.85
3.88
0.42
2.57
3.1
0.65
3.72
1.54
1.13
2.45
4.96
2.52
0.83
4.54
4.88
0.26
4.92
2.96
2.2
0.86
2.43
3.81
3.33
3.95
2.4
2.59
1.51
4.16
0.03
2.94
3.59
3.67
2.36
4.71
0.15
2.16
1.93
3.92
0.93
3.52
4.85
4.33
1.23
1.07
1.92
0.46
3.97
0.14
2.6
1.57
4.19
3.53
2.24
3.22
0.03
1.84
2.77
4.59
4.08
1.08
2.4
4.19
3.71
4.1
3.29
0.81
0.38
3.57
0.98
1.71
3.91
2.97
1.25
3.05
1.71
2.77
4.76
1.58
0.78
2.91
3.75
0.72
3.19
4.44
4.58
2.7
0.05
4.64
2.36
3.08
1.32
1.74
1.32
4.62
1.46
1.5
0.82
1.26
3.46
2.77
2.03
0.5
3.14
4.69
1.33
3.71
0.59
1.73
4.2
2.98
2.62
1.9
1.76
2.63
0.44
1.96
2.37
1.39
4.42
2.29
1.76
3.33
2.18
2.04
0.15
2.21
3.12
0.28
2.06
1.15
1.65
2.72
4.42
1.7
1.68
0.47
1.21
2.42
0.21
3.75
0.38
2.77
1.54
1.38
2.35
4.55
4.06
4.74
3.15
4.79
2.99
1.7
0.66
2.3
1.26
4.34
2.47
2.92
2.76
3.1
3.98
2.65
0.81
4.4
1.77
1.44
3.67
0.01
2.43
3.97
4.75
0.33
4.65
4.52
0.27
3.07
2.29
4.57
2.71
2.16
4.77
3.95
1.61
1.33
1.33
3
3.05
0.79
3.29
1.76
2.35
1.36
3.44
1.81
1.2
1.9
4.01
3.77
2.13
3.86
0.41
2.91
3.77
0.7
2.21
0.56
4.1
1.84
0.62
2.22
1.98
4.63
3.66
4.79
3.91
0.4
4.03
3.02
4.65
3.21
0.66
1.89
3.47
3.79
4.79
0.4
2.6
0.97
0.15
2.97
3.13
2.33
2.29
3.16
3.35
1.5
2.58
3.77
4.62
2.43
4.49
0.99
3.5
3.2
4.7
0.86
0.71
1.98
2.95
0.97
4.94
1.22
1.37
2.54
3.28
2.37
1.76
1.95
2.96
3.32
1.71
2.66
1.07
0.95
0.47
0.14
1.85
0.77
4.88
2.07
2.79
3.73
2.92
4.21
1.7
4.45
0.86
1.51
3.2
1.49
4.65
3.95
3.37
1.74
1.94
1.27
4.79
2.38
4.82
2.2
3.44
0.71
4.7
1.17
3.09
2.46
4.67
2.73
1.28
3.3
2
3.77
3.7
4.97
2.79
0.12
0.77
0.31
4.29
0.02
0.35
1.61
3.51
3.72
0.6
0.03
2.98
1.81
2.62
0.11
4.18
3.96
1.35
1.17
3.68
4.29
0.36
4.36
1.07
3.4
2.47
3.37
3.26
3.74
1.91
2.38
0.03
1.84
1.73
2.6
4.47
4.98
1.19
1.81
3.39
1.61
0.59
2.76
2.92
1.19
3.56
0.26
1.26
4.15
1.93
3.15
3.18
2.54
0.63
0.96
3.93
2.53
3.02
0.44
2.78
2.08
4.82
0.7
4.85
0.15
2.92
2.61
4.31
4.37
4.71
3.29
3.54
2.73
0.99
1.19
1.68
3.54
2.03
1.38
2.21
0.88
1.71
4.01
1.21
1.99
4.69
0.46
2.82
3.27
0.23
0.69
3.9
1.49
4.77
0.41
0.15
2.57
0.22
0.42
4.03
2.91
1.59
1.45
4.52
3.26
1.5
4.07
4.47
1.49
3.74
3.73
3.42
2.01
1.85
2.82
2.53
1.37
1.68
2.84
2.33
4.42
0.91
1.48
1.6
2.7
3.1
0.98
2.7
2.5
1.63
2.93
3.58
1.38
3.95
1.48
0.22
4.43
1.49
2.11
0.45
2.87
0.02
2.85
0.75
4.17
4.95
1.1
2.88
4.54
3.43
4.18
2.1
3
1.65
0.14
2.17
4.57
3.74
3.01
1.92
2.68
0.5
1.71
4.38
0.36
2.4
1.51
1.9
1.85
3.75
0.56
0.51
3.56
0.51
2.54
0.97
3.84
1.6
2.03
0.57
0.09
4.39
2.37
4.51
1.85
0.96
1.98
3.6
1.66
0.08
3.98
3.9
0.57
1.83
0.15
2.73
0.9
1.38
1.67
1.91
1.29
3.9
1.78
4.49
4.59
1.45
2.81
3.98
1.08
0.97
1.04
4.39
0.38
0.59
1.75
2.7
3.79
1.02
2.37
2.44
0.69
0.42
5
1.56
3.74
1.86
4.78
1.24
0.95
3.02
2.95
4.81
1.98
3.3
0.65
4.35
4.96
1.67
4.41
4.3
4.21
1.5
2.6
2.16
2.58
3.2
1.3
0.41
2.79
1.47
3.99
1.7
4.54
1.21
4.4
1.49
3.46
1.48
0.3
0.32
4.62
2.03
4.72
2.53
1.66
3
1.73
3.2
1.75
3.23
2.34
3.54
0.43
3.23
0.51
4.61
3.5
0.29
3.21
2.11
4.18
0.83
4.16
4.53
2.38
3.32
3.36
0.34
3.03
4.01
2.71
1.87
1.86
3.79
2.97
0.38
2.57
4.79
1.53
4.64
3.97
1.19
4.01
3.74
3.03
2.5
2.94
1.18
3.99
0.08
3.4
3.28
4.06
0.53
1.41
5
1.22
1.07
2.98
3.32
1.65
1.7
0.88
1.98
4.78
0.21
2.35
2.01
4.79
3.68
3.3
0.65
3.49
3.98
2.29
1.67
2.45
2.95
4.83
3.58
0.98
0.02
1.14
1.18
3.8
1.12
4.18
1.88
3.54
0.97
2.83
4.93
4.1
4.78
2.53
3.44
1.61
2.64
0.05
4.07
0.42
0.54
0.81
3.82
4.94
4.61
4.71
4.51
0.28
0.3
4.25
2.9
4.75
4.37
2.71
2.68
3.46
0.36
2.88
2.02
1.36
2.85
0.2
1.08
2.59
4.73
1.31
0.12
2.82
1.05
1.87
2.98
2.68
2.82
3.24
3.74
1.38
0.66
0.61
2.26
4.87
4.86
4.1
3.64
3.53
1.68
0.47
0.97
3.64
4.65
1.27
1.35
0.02
3.04
0.28
0.84
2.71
1.53
3.08
2.69
1.35
2.24
3.78
1.86
2.92
3.6
4.38
2.9
1.54
4.9
0.38
2.24
3.59
2.99
0.06
2.23
1.02
0.84
3
4.48
1.47
4.96
0.74
4.85
1.83
0.61
0.77
1.77
2.4
0.93
1.27
4.21
3.35
0.75
4.26
1.73
1.64
2.67
0.16
3.56
3.11
4.52
2.44
1.93
2.82
2
3.74
2.56
3.21
0.23
0.67
2.43
1.97
3.23
0.3
0.36
1.22
0.98
3.66
1.14
1.8
4.13
2.12
0.18
2.97
2.33
1.98
0.73
0.28
4.68
4.1
3.86
1.38
1.01
3.85
1.91
1.17
0.04
1.02
4.94
2.16
2.99
1.95
0.98
3.95
3.5
1.75
2.45
2.94
2.25
4.24
2.21
3.32
0.87
0.15
3.75
4.68
2.25
3.9
2.41
4.5
3.59
3.24
0.56
3.25
3.42
1.1
1.62
3.37
1.9
2
3.22
0.21
1.79
1.23
3.09
2.7
0.96
1.33
2.75
0.58
0.28
3.58
4.77
3.89
2.33
3.61
2.32
1.26
0.38
2.89
4.01
1.7
1.61
4.83
2.96
1.96
2.67
0.9
4.72
1.02
4.38
1.5
3.03
4.93
3.58
0.29
2.99
3.9
2.85
1.77
2.23
0.89
0.18
1.36
0.08
0.23
3.84
0.14
1.51
0.98
2.72
3.07
4.44
2.28
1.32
0.8
3.45
2.7
4.81
3.49
3.41
2.89
1.95
0.93
3.13
3.92
2.11
0.48
0.14
4.94
1.23
4.88
2.33
3.2
3.6
1.79
1.96
3.56
0.12
2.48
2.12
1.77
4.93
2.7
3.23
4.89
4.36
2.16
4.32
1.42
1.83
4.06
1.97
2.01
2.31
4.89
0.04
4.63
2.32
4.05
3.04
1.21
0.86
1.75
1.18
3.54
2.82
2.97
0.7
2.3
4.05
2.1
1.6
4.68
3.47
3.87
4.13
1.77
2.03
1.69
2.65
3.73
3.1
2.69
4.51
2.82
2.55
0.27
3.33
3.4
3.11
0.87
2.56
4.86
4.55
1.84
2.01
4.31
2.98
4.08
4.35
3.32
1.28
2.09
1.87
4.36
0.43
1.68
2.57
3.36
4.18
0.27
3.23
2.2
4.88
1.18
0.55
2.44
0.45
0.61
3.93
3.14
1.25
4.54
3.01
2.9
0.01
4.25
2.12
0.62
2.21
2.35
0.74
0.95
0.03
1.24
0.07
1.84
4.15
2.05
3.36
0.55
0.77
2.66
0.66
2.83
2.68
4.72
2.7
0.21
2.77
2.35
1.24
0.33
4.14
0.67
2.62
2.45
0.63
0.03
4.84
1.87
1.14
1.59
2.17
3.9
1.94
2.33
1.11
2.16
0.47
4.67
2.38
0.29
1.25
0.15
3.84
1.05
2.36
2
2.97
4.81
0.42
2.82
1.86
1.56
1.4
0.18
1.91
4.6
2.03
1.16
2.25
1.48
1.28
0.38
2.2
4.25
2.27
0.86
3.07
2.06
3.09
0.03
2.65
4.74
4.68
2.81
4.78
1.41
1.21
4.65
2.9
1.77
4.51
3.51
4.06
2.93
0.31
4.27
1.48
3.22
4.38
2.39
3.38
2.61
0.17
4.49
3.12
0.83
3.32
0.46
0.27
2.1
2.78
4.33
1.56
2.98
2.01
0.57
0.94
2.93
4.72
3.44
4.8
1.45
1.49
1.08
4.38
0.23
4.8
3.65
3.54
2.27
4.58
1.88
2.62
4.17
1.47
3.62
3.38
0.07
2.29
4.41
2.67
4.4
1.73
3.17
3.46
0.79
3.02
0.36
3.42
4.61
2
3.47
4.26
3.91
3.89
4.47
4.18
1.08
2.37
3.61
1.83
1.49
1.13
3.36
0.03
4.67
1.28
4.47
4.95
0.73
4.23
3.56
2.4
1.8
1.33
2.86
4.09
3.07
0.61
4.71
0.4
0.28
1.5
0.76
4.24
0.5
0.48
3.29
0.38
3.17
4.33
3.58
3.54
2.84
0.77
3.14
2.03
0.4
4.22
4.36
2.81
1.03
1.69
4.08
2.9
3.38
0.22
4.75
4.73
3.29
2.25
0.56
1.36
1.84
1.77
0.33
4.52
2.68
2.69
3.17
2.07
3.78
4.2
4.56
1.07
4.45
4.72
0.36
4.53
3.41
3.66
0.19
1.48
2.14
3.54
0.78
3.55
3.22
3.37
2.28
3.73
4.11
3.39
2.92
1.36
3.37
3.35
0.72
4.83
4.14
4.51
3.16
3.1
0.15
1.73
4.58
2.45
1
3.29
1.92
0.7
3.5
2.9
1
4.93
0.3
1.66
4.24
2.12
1.68
4.33
2.62
4.86
2.23
0.29
3.17
4.72
1.59
0.2
0.79
1.46
3.83
0.96
1.91
4.47
1.36
3.71
0.12
2.21
3.16
0.46
2.74
3
0.84
1.84
4.33
4.38
2.05
1.41
0.68
0.4
4.45
3.01
4.01
4.18
4.79
2.31
1.53
0.53
2.36
0.23
4.61
4.04
4.43
0.66
1.49
4.99
3.95
2.57
2.83
4.96
1.6
4.95
1.37
3.33
3.7
0.53
4.09
0.08
2.59
3.75
3.87
4.84
0.65
0.88
3.71
3.11
4.91
0.16
0.02
3.7
4.4
3.42
4
0.79
1
2.66
2.37
3.12
2.76
3.75
1.66
3.91
2.63
2.67
1.61
3.06
4.31
0.17
3.72
1.6
