4.02
4.29
1.5
3.35
2.16
1.95
3.82
4.88
1.48
4.78
1.41
3.09
0.63
3.69
1.87
4.22
2.96
1.44
2.07
4.03
3.46
1.23
0.27
1.08
1.52
2.39
1.9
3.86
1.82
4.14
2.74
0.14
1.85
3.83
4.09
3.68
3.42
5
0.25
2
3.84
2.31
4.3
2.98
2.36
3.42
0.28
1.79
4.45
1.46
4.17
4.93
0.14
4.91
1.49
3.63
4.03
1.36
1.08
0.36
1.43
3.88
4.26
4.59
2.21
2.15
2.66
2.42
4.61
0.86
3.84
4.23
0.18
4.07
3.71
0.24
1.14
3.19
3.2
4.51
3.67
4.45
0.26
5
2.78
2.75
1.56
2.35
4.34
2.65
1.32
0.38
1.14
0.8
3.99
1.64
4.71
1.15
3.47
1.57
3.81
2.94
2.6
2.77
0.71
4.86
4.22
4.19
3
0.34
1.78
3.93
2.36
3.16
3.19
3.46
0.04
3.35
4.3
0.34
3.5
2.44
3.7
1.55
3.58
0.93
2.73
4.77
1.71
1.36
3.65
4.68
1.96
4.68
0.3
0.98
0.24
1.05
2.77
4.72
3.99
0.98
0.92
4.93
1.05
0.74
0.37
1.16
3.73
4.02
4.74
0.73
4.35
1.42
2.98
3.9
4.7
2.65
4.91
4.26
3.63
2.45
3.15
0.77
3.23
1.01
0.06
3.27
0.31
4.26
0.47
1.13
0.36
4.49
3.26
3.18
1.13
2.03
4.12
0.02
1.75
0.49
3.26
0.56
4.92
2.41
2.31
1.89
0.39
4.11
2.1
1.16
3.55
4.19
1.69
1.46
1.32
4.33
4.77
2.62
1.68
1.48
1.5
1.06
4.54
0.53
0.9
1.55
1.55
4.21
2.55
4.16
3.01
4.94
0.06
1.3
1.08
0.39
1.63
0.82
0.59
4.4
0.81
2.05
3.67
3.26
0.76
4.88
0.9
1.05
0.45
3.67
1.12
3.42
3.61
1.99
0.85
1.39
2.98
4.92
0.41
0.08
0.68
4.17
0.28
0.7
2.91
1.74
0.12
1.81
4.49
1.46
3.82
3.64
2.24
0.17
2.31
2.01
1.63
3.89
1.77
0.63
3.55
4.5
1.12
0.86
1.91
3.86
3.77
2.36
4.9
0.64
0.91
0.94
2.42
3.74
3.06
3.35
3.89
2.96
2.81
3.95
0.93
2.45
0.94
0.93
4.16
4.39
2.01
4.71
4.52
0.79
2.82
3.03
1.11
2.53
0.92
3.5
0.56
0.95
3.37
3.7
4.01
4.7
4.79
1.03
1.31
3.1
4.55
0.52
0.31
2.05
4.84
3.14
3.27
4.12
2.74
1.3
4.11
4.76
3.86
2.23
0.32
2.02
1.94
0.34
3.83
4.9
4.17
4.73
3.1
1.88
1.33
3.52
4.56
4.69
0.86
2.83
2.75
3.04
3.23
2.25
3.56
1.43
0.87
3.54
0.47
0.23
2.14
4.18
2.24
2.12
4.1
4
5
4.95
3.54
3.5
0.18
2.41
4.12
0.71
4.94
1.53
3.29
3.11
2.99
1.58
0.86
1.5
2.13
4.72
0.38
1.35
0.49
1.45
0.09
3.28
1.74
2.08
3.05
3.76
2.39
1.08
3.42
4.76
0.29
4.82
3.97
2.64
3.24
2.37
2.33
4.46
2.31
1.94
1.64
0.11
1.47
0.39
4.08
2.72
0.66
2.84
4.41
3.58
2.94
3.67
1.07
3.41
0.31
0.09
1.81
4.71
1.83
2.06
2.93
2.44
1.66
4.4
0.69
1.87
2.77
3.82
4.85
3.21
1.55
0.63
2.49
0.57
3.63
3.18
2.16
0.93
3.69
1.58
4.93
2.38
0.54
3.05
3.29
1.72
4.95
4.98
1.47
3.88
2.89
3.19
0.4
4.8
0.41
4.24
3.7
3.3
1.69
1.67
4.93
1.13
2.4
3.5
0.31
2.71
0.48
4.4
4.48
4.51
2.51
2.09
1.78
1.5
4.45
3.33
4.48
4.36
1.4
3.8
1.35
2.08
2.17
4.47
3.3
1.55
2.83
1.32
0.16
2.55
1.72
4.83
2.58
4.97
2.25
1.07
4.76
2.69
2.04
0.24
3.12
1.63
0.39
0.89
2.02
4.7
4.54
3.2
1.9
0.86
0.9
4.04
4.1
4.34
4.12
0.03
0.96
3.07
2.95
1.84
3.46
2.78
2.52
1.34
2.11
4.23
3.73
4.17
4.21
4.62
4.9
1.66
3.07
2.89
2.5
3.65
2.26
4.67
0.86
3.5
1.47
0.6
1.75
2.34
0.64
1.36
1.41
2.25
1.19
4.88
2.39
3.22
4.98
2.52
0.69
0.81
4.85
4.52
4.57
3.2
4.7
3.43
3.93
0.35
4.33
1.33
2.64
2.26
1.04
2.98
3.64
0.5
4.29
0.3
1.81
4.13
3.4
0.74
0.94
4.83
4.61
1.92
1.16
3.73
4.49
0.14
4.7
4.19
0.31
4.15
3.22
1.79
4.73
0.93
0.97
1.35
1.9
4.2
4.63
3.88
4.71
4.11
3.79
2.21
3.9
1.11
3.02
4.57
1.54
4.99
2.57
4.04
1.37
0.96
3.82
0.05
2.01
2.09
1.54
0.99
4.48
4.85
0.22
2.9
3.57
0.44
1.43
4.72
1.17
3.72
2.31
1.49
0.33
1.29
1.33
3.05
2.67
3.11
3.43
3.2
0.74
2.2
2.2
4.17
3.1
3.08
3.24
1.41
1.16
1.13
2.3
3
2.19
3.11
2.11
3.73
4.17
4.18
3.85
1.24
3.83
2.59
1.77
3.97
1.08
0.86
0.14
1.32
1.65
2.43
1.11
4.61
4.89
1.05
1.22
3.57
3.14
1.97
2.66
3.51
0.45
1.47
4.02
3.7
1.14
2.46
3.69
3.32
3.6
2.09
3.83
0.56
3.6
2.8
2.76
1.19
3.43
2.17
1.31
1.33
2.47
0.52
1.2
0.61
4.57
2.6
3.47
0.06
4.15
0.47
2.38
0.63
3.92
2.37
1.12
0.88
0.34
1.62
1.46
1.54
0.61
3.62
0.7
3.78
4.15
4.04
4.94
2.33
1.01
4.32
1.07
4.34
1.2
0.6
4.68
4.55
0.84
0.59
4.52
2.19
2.52
2.4
4.63
0.05
1.56
2.01
2.52
4.81
0.42
4.1
4.64
1.95
0.66
0.35
0.91
4.87
3.51
1.59
4.06
3.62
1.79
2.34
2.58
2.27
4.03
1.81
2.38
2.97
3.45
3.83
2.14
0.32
0.94
2.97
3.9
3.59
0.83
4.71
4.02
0.79
1.75
4.48
3.32
1.34
0.36
1.05
4.94
1.37
3.3
2.81
4.82
0.09
3.79
3.6
3.69
1.78
0.23
2.1
3.1
2.05
3.03
4.2
2.04
4.05
1.54
1.39
1.82
0.83
2.86
2.31
3
4.79
2.02
3.67
1.16
2.6
1.19
4.18
2.17
4.87
1.52
3.15
4.27
0.44
4.04
2.53
1.17
4.56
2.31
4.15
2.07
3.8
2.77
2.63
0.76
1.82
1.43
2.66
1.71
3.97
2.9
2.62
1.46
2.75
4.56
3.54
0.94
3.71
0.93
1.93
2.05
0.84
2.32
2.63
2.98
3.85
3.28
3.15
4.21
0.52
4.31
3.25
4.14
3.49
1.22
2.68
0.1
3.49
4.8
1.02
1.71
2.72
1.75
1.78
0.65
4.3
0.98
2.3
0.32
1.11
5
2.78
2.69
1.87
3.09
1.52
0.6
4.48
2.41
1.27
1.64
0.58
4.18
4.14
0.92
0.01
4.14
3.12
0.05
2.88
1.94
3.38
1.17
1
1.54
3.79
1.41
3.07
4.81
3.32
2.44
2.52
2.52
3.76
2.47
2.55
4.39
1.58
1.63
4.14
4.36
0.06
2.47
4.56
3.57
2.33
3.33
3.19
3.47
4.18
2.52
4.28
3.08
3.9
2.46
3.73
3.78
4.1
2.69
4.09
3.36
3.22
0.35
4.38
1.94
2.28
4.99
0.85
2.34
1.74
0.34
0.95
3.63
2.55
2.28
4.95
4.89
2.28
2.04
3.34
1.68
3.27
2.4
4.1
1.49
0.93
1.44
2.88
1.79
0.22
2.78
3.22
4.38
4.89
2.25
4.09
3.98
3.45
4.98
3.62
1.74
3.74
4.28
2.25
4.27
0.78
4.6
0.85
4.88
3.63
3.67
2.25
4.55
2.13
2.79
4.44
3.56
3.25
0.51
0.9
1.91
2.42
1.01
2.12
3.44
1.12
4.25
2.84
4.33
1.39
1.87
1.7
3.86
3.25
3.67
0.68
3.15
1.55
2.15
3.49
3.31
3.73
3.81
1.95
4.27
4.04
4.9
4.5
2.89
0.62
3.39
1.46
0.62
1.7
3.9
4.28
2.33
1.53
4.63
4.71
4.17
0.25
4.96
4.88
2.16
3.53
3.52
0.41
1.15
1.51
0.78
4.06
0.49
4.67
0.7
0.41
0.92
0.23
2.51
2.79
1.07
4.35
4.44
3.6
1.08
4.27
3.87
1.99
1.17
0.92
3.71
0.82
2.67
2.24
3.52
3.8
1.09
0.51
3.19
2.35
3.43
1.6
0.2
1.72
0.77
3.39
0.01
0.97
4.15
0.36
1.64
3.47
0.43
2.49
3.07
2.78
3.14
1.12
2.24
1.44
3.67
2
2.8
2.6
4.43
1.23
1.79
2.96
0.02
4.01
0.44
2.73
0.92
4.28
3.23
1.48
1.17
2.07
4.87
1.61
3.23
0.34
2.41
0.39
2.43
1.38
4.26
2.81
4.87
4.84
3.24
3.43
2
2.73
2.72
0.17
1.76
0.23
1.61
0.49
4.85
3.83
4.59
2.07
1.25
1.29
4.68
0.66
2
3.14
4.87
4.88
0.76
0.97
1.98
3.41
2.94
2.39
4.16
1.21
1.49
4.47
3.37
0.12
0.59
4.07
1.74
2.54
3.09
3.33
1.53
0.36
0.06
4.98
1.34
3.35
1.53
3.79
4.74
1.93
1.48
4.15
1.9
1.14
3.29
4.4
4.32
1.09
2.49
3.26
2.93
4.67
2.76
0.39
2.68
1.89
3.83
3.24
3.22
4.76
0.69
0.15
1.63
2.17
0.42
3.05
2.55
3.19
1.44
3.77
0.78
2.27
0.9
4.45
1.33
2.37
3.63
1.04
4.03
4.26
3.57
3.34
2.73
0.05
2.61
0.84
3.39
3.57
3.34
4.72
4.36
4.96
2.92
4.08
3.95
0.56
3.66
2.35
4.37
1.98
0.44
1.68
3.6
1.23
3.88
2.05
4.85
3.63
3.61
4.26
0.86
2.5
2.16
2.67
3.71
3.89
2.3
4.86
2.8
4.83
1.71
1.55
4.66
1.35
4.15
0.39
3.01
4.18
0.63
4.76
1.23
2
0.86
4.76
2.23
2.06
3.87
1.76
3.74
3.07
0.08
4.71
0.56
4.93
3.91
1.71
2.78
1.79
3.21
4.04
3.67
4.67
0.62
2.01
4.67
0.23
2.34
0.69
1.66
2.74
1.98
1.69
2.1
0.48
0.53
0.28
1.97
4.98
0.14
0.31
3.4
3.31
2.6
4.59
0.71
3.29
0.41
0.14
0.43
3.13
2.65
1.61
3.82
0.79
0.24
0.56
4.71
3.83
4.38
1.85
3.18
0.11
4.2
4.36
3.14
3.14
1.79
1.98
2.52
4.27
0.32
4.3
0.62
3.71
3.27
3.78
3.05
1.6
4.71
0.28
1.82
1.9
0.69
1.94
2.71
4.82
1.69
4.27
0.84
2.33
3.98
3.83
2.95
0.01
4.65
0.83
3.34
0.81
3.37
2.16
4.08
1.77
3.2
0.3
1.54
3.72
4.79
0.36
4.35
1.04
4.66
2.34
1.72
0.7
1.31
1.72
1.76
1.65
3.22
3.64
1.69
0.09
2.05
0.21
4.53
3.64
3.7
0.36
4.62
1.95
3.09
0.22
4.26
4.88
2.46
3.16
1.3
3.99
1.66
0.61
3.09
0.72
3.31
2.1
4.06
2.54
1.43
3.11
2.84
0.52
2.68
0.77
1.83
4.68
1.52
0.61
2.09
1.38
3.27
2.64
1.49
2.47
4.5
0.04
2.75
3.77
3.03
2.72
2.41
0.01
1.01
2.56
3.32
4.09
4.45
1.77
3.01
2.3
4.83
1.73
1.6
1.51
3.35
2.74
2.56
3.4
3.57
3.36
0.59
1.3
1.73
1.84
4.47
1.03
4.07
3.47
4.81
4.58
4.88
0.73
2.26
4.57
4.35
1.53
1.33
1.48
2.33
1.58
1.86
4.06
2.25
1.91
0.4
2.66
1.68
1.8
1.25
0.32
0.14
2.31
1.79
1.66
3.19
2.43
1.81
2.77
1.86
0.71
4.28
1.39
4.12
2.32
0.37
0.87
1.68
2.47
3.8
3.46
4.03
4.32
4.99
4.93
3.21
2.63
1.01
0.18
0.18
3.31
2.79
3.56
4.03
0.71
1.58
3.22
4.12
4.14
1.49
3.6
3.01
0.16
1.75
1.99
3.43
1.41
3.35
4.06
1.71
0.98
3.93
4.45
2.55
2.94
3.1
0.88
2.98
1.99
0.11
1.1
1.85
0.2
4.84
0.97
3.58
3.66
4.19
3.03
3.2
2.53
2.97
3.67
2.02
1.75
3.28
0.3
2.15
3.89
0.13
0.76
4.28
3.55
4.49
0.2
1.57
1.26
0.64
3.91
1.51
1.56
1.02
4.66
0.21
3.04
2.25
4.16
3.64
0.27
0.09
4.78
0.17
0.36
3.73
3.23
0.08
4.95
0.18
1.85
4.06
3.47
1.27
0.9
2.4
3.99
4.25
1.26
0.78
0.01
2.96
1.73
4.53
1.32
0.33
0.47
0.41
4.51
2.38
0.72
2.75
2.23
0.45
2.42
4.52
3.36
2
0.15
0.87
4.01
3.35
2.68
4.64
4.21
3.39
1.06
2.13
2.41
0.84
4.95
2.17
4.25
0.15
0.31
1.98
2.52
0.62
3.36
2.03
4.4
2.45
4.3
0.9
0.57
0.89
0.1
2.44
2.02
0.72
3.26
0.5
1.04
3.52
3.8
4.93
2.87
0.29
2.66
1.96
1.32
4.23
1.31
0.86
4.89
0.57
1.17
3.78
0.9
4.46
2.13
3.33
0.57
3.14
1.21
0.08
3.25
2.46
3.23
1.48
3.91
1.42
1.51
1.36
4.03
1.7
3.4
0.09
1.96
0.07
1.32
3.02
2.65
3.27
0.47
4.11
1.39
4.21
4.71
4.25
3.32
2.68
1.66
2.53
3.33
0.91
3.62
3.96
0.59
3.55
4.82
4.61
3.79
0.36
4.56
5
1.59
1.77
4.31
2.67
0.63
4.49
2.24
4.85
0.99
2.21
4.4
1.04
1.1
1.27
4.81
3.39
4.4
2.88
0.28
0.11
0.55
1.09
1.56
0.44
2.3
0.92
0.81
1.73
2.54
4.16
0.52
2.8
0.13
1.91
4.06
2.5
3.99
0.09
3.19
1.03
4.61
0.93
0.8
4.85
3.68
3.55
1.83
2.59
4.77
4.52
3.96
3.47
2.07
0.09
4.17
1.13
1.7
2.92
2.66
2.5
0.71
2.52
0.3
3.47
1.68
3.51
4.25
4.28
2.34
4.78
1.43
2.27
4.4
4.96
0.07
1.01
0.91
2.31
4.03
3.14
0.04
3.19
0.97
0.71
2.73
1.49
0.7
1.3
1.57
3.24
2.02
1.02
0.59
0.22
4.02
2.61
4.6
2.06
0.87
0.5
0.01
0.78
2.64
1.35
4.38
2.06
1.34
0.04
1.19
4.87
3.51
3.57
3.5
1.74
3.98
0.55
0.2
4.95
3.55
4.85
1.45
2.44
0.57
0.96
1.33
1.94
3.96
2.41
1.21
1.2
4.78
0.61
4.87
4.34
2.08
1.81
2.92
0.17
3.17
1.94
3.7
1.75
4.88
1.26
1.78
0.31
4.5
2.11
3.61
4.91
0.46
1.23
2.61
3.65
4.68
2.75
2.09
2.03
3.05
2.58
4.5
2.02
1.59
4.73
1.17
1.57
1.46
0.01
0.64
4.74
0.02
3.17
4.72
2.72
1.89
1.85
3.41
4.22
0.66
4.74
2.2
3.81
1.13
3.25
1.85
1.14
4.43
0.91
0.04
0.63
3.33
0.5
3.23
4.9
3.64
3.78
2.26
2.61
0.37
4.18
0.12
2.56
2.63
4.15
3.12
0.24
0.76
0.44
2.22
1.47
1.6
3.82
0.36
2.05
0.21
0.54
4.77
3.31
3.65
4.35
3.09
3.3
1.14
3.23
2.49
1.36
3.13
4.22
2.56
3.48
2.34
3.8
1.39
4.14
2.44
3.1
0.9
1.73
2.69
3.08
1.06
1.29
4.73
2.11
2.29
1.1
3.47
2.8
2.85
0.69
1.73
1.39
4.29
4.93
1.46
1.75
4.16
2.16
3.55
2.1
4.42
3.61
3.35
1.29
4.15
2.13
4.37
2.97
0.54
1.81
1.79
2.13
1
3.42
4.57
2.18
3.08
3.9
0.37
0.3
2.06
1.29
2.74
2.56
1.59
3.24
2.97
4.68
1.35
4.43
1.96
3.92
3.49
0.25
2
3.08
3.94
4.39
1.94
2.43
2.84
1.93
2.91
4.88
0.16
1.97
1.09
4.23
2.03
0.91
0.55
1.36
1.09
2.71
4.86
2.34
2.08
1.67
3.4
4.29
3.51
2.16
4.49
1.04
1.1
2.62
1.93
2.61
0.55
0.42
1.4
3.98
2.59
3.35
3.7
4.47
1.18
1.66
3.94
3.33
3.76
1.29
3.46
2.86
0.53
4.96
2.27
2.95
1.88
2.74
0.43
3.13
0.99
1.78
1.99
1.86
1.34
2
3.79
4.95
0.06
1.02
0.63
2.65
3.12
3.15
0.69
3.91
4.27
2.44
4.3
4.71
2.49
3.95
3.48
0.96
4.48
1.88
3.68
1.5
3.75
2.07
4.41
0.84
4.84
1.67
4.31
2.59
1.47
4.56
1.21
3.79
3.56
2.41
0.92
3.18
1.34
0.5
1.2
0.46
0.63
4.51
2.2
0.4
1.98
4.93
4.98
0.44
4.35
3.32
3.15
4.54
0.69
1.37
4.92
2.95
3.24
3.66
2.1
4.34
4.31
1.49
1.49
2.16
2.57
0.69
3.14
3.46
1.54
3.45
2.58
0.74
0.54
0.96
2.03
4.76
3.05
2.87
2.72
4.58
4.96
0.72
4.68
3.86
3.77
1
4.01
1.84
4.41
0.11
4.44
1.85
1.49
0.91
4.65
4.87
0.45
0.57
2.14
1.56
3.03
2.64
0.15
1.39
1.06
1.71
0.6
3.22
0.46
3
1.7
0.12
1.44
2.47
3.7
0.72
0.32
2.26
3.64
2.65
4.6
0.42
2.36
0.85
4.41
0.83
1.61
3.55
1.58
0.56
0.34
1.38
4.58
2.59
4.89
4.67
4
1.14
4.61
1.27
3.75
4.44
0.92
1.44
3
1.15
0.32
1.64
3.43
0.65
1.2
4.7
0.25
3.3
2.62
4.61
3.59
2.19
4.11
1.17
2.73
2.05
1.86
3.6
0.65
4.9
3.58
0.47
4.13
3.59
0.41
4.01
4.46
2.43
4.7
0.92
2.8
3.33
1.58
3.94
2.08
3.55
1.92
2.91
2.84
3.61
1.49
1.81
2.34
0.75
0.81
1.61
1.01
3
3.99
4.8
2.51
2.09
1.11
3.77
4.44
4
0.9
1.94
2.85
4.11
3.61
3.78
3.59
4.84
3.91
4.1
1.03
3.43
0.86
4.44
1.67
0.1
4.47
1.28
4.8
1.38
2.32
3.2
3.08
2.37
2.57
1
1.73
4.53
3.08
3.36
3.53
4.49
0.13
2.02
2.73
3.56
0.65
1.35
4.37
3.32
1.62
1.66
1.15
0.59
2.8
1.69
1.4
3.62
4.31
0.7
1.39
0.09
2.33
1.99
4.95
1.71
2.25
4.43
1.96
4.71
2.94
1.11
1.05
4.41
4.6
3.59
0.88
0.39
3.95
4.19
2.05
4.04
4.84
2.99
2.42
1.36
2.62
3.33
4.96
1.4
2.91
0.14
1.12
1.43
0.7
4.79
0.09
2.38
4.09
2.48
3.94
2.31
4.06
3.74
4.26
2.67
2.7
3.8
4.35
3.8
2.63
3.56
0.87
0.63
0.83
4.84
4.04
3.84
1.49
4.96
1.48
4.6
1.61
4.71
2.83
0.68
0.34
1.26
0.05
2.92
2.69
4.39
1.86
1.76
4.4
0.1
1.59
4.1
3.15
0.29
4.08
3.56
3.08
3.54
1.16
0.21
3.04
3.27
1.21
1.29
2.8
2.07
2.64
1.66
4.99
3.07
4.95
3.66
4.49
1.17
1.56
4.38
4.72
0.99
1.37
0.9
1.66
0.42
1.55
0.53
4.69
3.84
2.01
1.44
3.26
1.24
1.81
3.98
2.2
4.8
4.31
1.86
4.27
4.04
0.41
4.92
2.18
1.91
1.9
4.41
0.09
4.31
2.46
3.39
4.67
5
2.69
0.75
4.35
4.06
1.71
2.63
3.6
4.47
3.28
2.96
1.85
3.65
1.29
3.72
0.23
2.19
2.89
1.11
1.53
0.65
0.89
4.29
1.87
2.38
2.98
1.62
4.21
4.54
2.38
3.5
2.28
2.66
0.7
0.12
1.51
