0.46
2.83
0.42
2.96
3.89
0.61
1.77
4.17
0.63
1.83
3.89
1.68
3.12
4.26
1.7
1.19
1.79
0.45
2.73
0.49
1.99
3.71
0.71
3.45
4.96
3.05
1.51
0.69
4.28
3.84
1.04
1.1
2.29
0.75
3.51
1.11
2.01
1.1
0.11
1.5
3.34
1.15
2.02
0.56
4.07
2.78
3.61
1.89
1.69
4.74
1.14
2.29
4.1
4.78
1.75
2.57
3.03
1.43
1.89
4.93
1.17
3.38
3.06
0.22
4.73
4.73
3.24
2.75
2.29
1.37
1.98
4.76
4.2
0.17
4.66
2.16
0.57
4.9
4.59
2.28
2.39
1.74
2.28
3.65
1.24
4.38
2.64
0.06
3.14
2.46
1.48
3.2
3.97
3.42
0.73
1.91
3.19
4.97
3.48
0.18
0.02
0.39
2.87
4.18
1.28
0.15
3.49
3.03
4.14
0.75
3.36
1.83
0.33
0.45
1.33
4.02
1.1
3.96
4.93
1.33
3.91
4.79
4.36
4.9
1.45
0.72
4.09
0.59
4.03
2.49
2.63
2.44
4.17
0.87
3.05
3.13
1.66
0.84
2.42
0.67
2.28
1.56
3.56
2.99
2.61
3.65
0.96
3.35
0.63
1.84
2.33
2.1
1.51
2.07
0.15
1.33
0.68
1.32
4.53
4.76
2.29
3.44
4.29
0.08
1.14
4.31
0.6
2.72
4.51
4.08
3.94
4.87
1.77
2.38
3.18
3.49
2.04
3.43
3.7
2.19
4.02
0.35
3.46
4.26
3.2
2.17
1.65
1.42
2.03
4.99
0.58
2.15
2.85
4.43
0.34
4.81
0.41
0.34
3.3
4.75
3.55
0.86
1.83
1.21
0.5
3.96
4.28
3.91
4.97
0.66
1.53
0.56
3.12
1.05
3.68
2.6
3.21
3.62
1.64
3.61
3.93
3.52
2.02
4.29
3.71
0.99
3.23
2.39
4.88
2.27
0.21
4.3
0.14
0.8
4.2
2.95
4.81
4.65
0.5
2.34
0.4
0.56
1.52
1.97
4.2
4.18
0.82
0.87
4.16
0.3
3.24
2.83
3.11
0.68
0.22
0.48
3.07
2.37
2.22
1.3
3.24
4.47
3.54
1.7
3.97
4.51
0.25
2.61
3.05
2.86
2.07
2.12
0.97
1.03
1.05
3.3
1.51
3.22
3.19
3.71
2.77
3.28
1.95
1.13
1.69
1.7
4.14
4
1.96
4.99
0.06
3.98
2.69
3.5
0.4
2.96
3.38
0.22
3.83
3.92
1.02
0.19
0.55
2.11
2.63
2.2
0.58
4.14
0.27
3.91
3.14
1.04
2.06
4.82
3.28
2.53
2.94
4.69
4.7
1.14
0.61
3.43
0.4
2.44
4.77
0.69
0.15
4.85
4.98
4.59
4.41
1.32
3.88
2.53
3.81
3.46
2.56
0.62
2.24
3.38
0.04
1.62
1.56
4.61
1.97
3.55
0.76
2.16
2.31
1.79
4.65
0.08
2.75
2.33
4.17
1.91
4.26
3.73
2.81
2.38
4.87
2.33
1.35
0.51
3.17
4.99
1.7
3.54
4.06
4.9
1.18
3.09
4.59
0.4
2.3
0.67
1.75
2.08
1.21
1.33
0.32
3.35
3.31
2.72
4.75
2.86
1.04
0.93
1.25
3.78
2.29
1.44
3
4.88
2.77
1.21
0.58
2.69
3.95
2.55
3.03
3.97
3.79
1.16
2.81
4.05
3.98
3.18
3.22
1.92
1.18
4.25
4.33
4.12
2.37
4.06
1.95
4.54
2.69
0.37
4.76
4.17
1.21
3.32
3.16
4.58
1.27
0.22
0.92
2.75
0.52
4.15
4.27
2.26
2.9
3
4.23
2.49
1.11
1.07
1.28
4.38
0.47
1.39
1.86
4.89
0.61
1.76
4.47
2.69
1.19
3.12
3.05
4.96
1.12
3.14
1.14
0.22
4.85
3.49
0.14
0.75
4.99
4.88
4.25
3.27
4.72
0.72
1.42
0.98
2.51
1.08
2.21
1.69
1.36
0.15
0.99
1.99
3.52
0.39
0.19
2.48
3.15
1.45
2.44
3.07
4.42
3.54
3.26
1.39
2.71
0.82
2.32
1.44
3.63
4.07
0.39
2.43
2.45
4.45
1.56
0.53
1.67
0.41
0.52
0.15
4.97
3.36
1.26
0.82
0.7
4.92
1.51
2.09
2.43
4.75
2.49
1.63
4.2
4.65
1.12
1.21
2.47
1.82
2.53
2.4
1.58
1.73
4.26
4.41
0.7
0.76
4.52
1.05
4.61
2.01
3.6
0.74
1.7
1.98
2.43
4.55
2.69
4.89
0.5
0.92
4.33
0.1
3.31
2.23
3.59
1.14
0.84
0.05
0.21
4.13
2.12
2.06
1.18
4.52
1.65
0.7
2.96
0.29
4.9
2.04
1.51
1.62
5
2.89
3.07
1.43
0.86
0.56
3.93
3.66
3.38
3.46
1.15
0.81
2.15
0.97
3.88
1.03
3.27
4.43
4.18
3.31
1.61
4.39
3.7
2.89
1.64
1.21
1.38
2.19
4.6
1.53
3.29
2.53
3.86
1.06
1.03
2.04
0.43
2.04
2.71
1.24
2.29
0.54
2.87
2.17
3.78
3.52
2.24
4.66
3.85
2.99
3.18
0.95
3.94
2.88
1.43
2.37
1.76
4.46
1.85
2.5
2.15
4.72
0.08
2.51
3.14
3.55
3.29
4.41
0.47
0.61
1.08
0.92
4.08
0.59
4.27
4.14
3.41
1.34
0.04
4.94
3.26
0.73
4.81
0.19
2.61
1.79
0.01
2.2
0.94
3.01
2.06
4.02
0.48
1.45
2.9
4.77
1.25
3
0.21
1.21
3.87
0.31
3.48
4.02
3.16
2.03
0.93
2.9
1.57
3.71
2.71
2.93
4.94
2.54
4.35
3.19
1.64
0.4
2.43
3.32
2.91
1.87
0.97
4.86
1.99
3.43
3.58
3.25
1
2.32
1.1
0.25
4.37
0.5
3.36
3.52
4.13
1.32
4.8
1.63
4.02
3.39
0.24
4.94
1.14
1.89
1.32
4.87
3.41
2.83
1.19
4.65
2.46
2.38
1.31
1.44
5
4.21
0.4
3.76
3.74
4.5
3.72
3.73
2.67
3.53
1.32
0.41
1.73
4.28
3.84
1.13
0.02
4.42
2.68
0.79
4.72
4.97
4.28
4.63
1.55
4.56
0.41
4.62
2.52
3.15
0.06
4.99
2.18
3.52
3.6
3.63
3.12
2.93
2.52
2.71
3.71
3.96
3.49
3.02
4.8
3.19
0.26
0.11
1.7
1.8
2.75
3.43
2.32
0.23
4.55
1.25
2.12
0.61
0.25
4.22
0.83
1.25
0.51
3.81
4.12
1.42
0.75
2.15
0.2
3.8
1.71
3.17
3.15
3.57
3.73
1.89
3.75
1.89
0.41
3.1
3.61
2.4
1.96
4.89
2.29
1.36
0.63
4.12
0.79
0.66
1.28
1.33
1.02
1.93
3.01
0.22
2.61
1.75
0.61
3.2
4.46
0.75
0.04
0.55
1.57
2.15
0.4
0.65
0.4
3.63
4.14
2.29
4.56
3.21
3.33
0.75
3.56
4.34
4.26
1.16
4.58
4.91
2.64
3.83
2.46
0.86
0.24
2.13
0.95
1.67
2
2.84
2.54
4.41
2.1
3.94
1.16
0.98
0.2
3.84
1.56
0.12
2.42
0.91
0.79
0.38
2.02
1.32
4.36
0.64
4.58
2.69
3.62
2.03
0.21
0.98
3.57
2.79
0.51
4.98
4.11
4.58
0.71
1.72
1.69
4.23
4.6
3.69
4.98
1.95
2.19
1.35
4.09
0.02
0.28
2.4
4.67
0.55
2.95
4.81
1.82
0.11
0.62
3.46
0.3
0.88
4.48
1.18
2.24
4.44
1.96
1.6
0.52
1.72
4.87
0.48
4.06
0.34
4.5
4.21
3.02
2.79
3.99
2.29
2.32
4.27
4.83
3.24
3.88
5
2.01
0.28
0.07
1.91
1.07
1.87
2.41
0.69
0.51
3.95
0.56
1.94
2.88
3.36
0.21
4.3
0.33
4.28
2.65
4.04
4.91
0.14
4.31
3.34
0.55
0.31
0.43
0.43
1.32
4.52
1.65
4.87
3.66
2.53
3.36
3.34
1.23
3.45
1.94
1.42
0.52
0.41
3.37
4.33
2.69
4.05
3.98
2.14
3.06
2.63
2.94
0.45
3.97
2.08
3.17
4.8
2.27
2.46
1.69
1.23
0.64
3.96
4.8
1.85
0.93
3.54
3.68
2.95
1.19
3.92
2.63
2.83
2.95
4.42
0.48
0.84
2.79
0.58
4.62
2.82
0.2
2.09
4.3
4.28
1.4
1.6
3.18
4.39
1.01
2.41
3.64
2.26
3.25
1.51
1.36
3.36
1.66
3.86
3.51
0.16
3.76
3.23
3.57
0.94
2.78
2.43
0.65
1.17
1.05
3.42
4.52
4.74
1.06
3.96
3.37
1.64
2.34
1.56
0.85
0.33
0.84
0.46
4.52
0.09
3.95
4.16
4.38
4.11
2.03
4.86
3.4
0.77
4.9
2.73
3.01
1.54
0.35
2.05
2.68
3.64
1.17
3.92
3.15
0.77
1.82
0.79
1.87
4.6
4.64
4.26
2.83
1.4
4.58
2.1
3.37
3.37
3.4
2.42
3.17
4.78
3.75
1.63
0.54
1.22
0.98
2.88
2.44
4.69
3
2.87
2.61
4.86
3.79
2.04
4.44
4.17
3.59
0.17
3.75
2.5
1.6
3.18
2.39
3
2.76
4.43
4.47
1.28
3.3
3.67
1.58
0.18
1.94
4.8
3.12
3.02
1.41
1.3
0.48
4.2
3.1
0.9
3.03
2.24
2.65
4.53
1.36
3.77
3.33
1.28
1.93
1.88
1.58
4.13
2.09
4.11
0.43
2.05
4.25
0.15
3.72
1.23
1.9
3.98
1.01
3.66
0.39
1.83
0.79
3.2
0.26
1.46
0.57
4.27
3.97
1.75
2.4
3.91
4.45
0.39
4.4
0.51
2.4
0.3
4.36
4.37
3
2.64
1.45
4.41
2.59
3.08
0.92
3.33
3.25
2.78
2.22
4.34
2.15
2.48
0.28
4.71
4.88
1.85
0.85
1.48
0.82
4.92
4.5
2.23
1.71
3.76
2.54
3.29
4.11
4.93
3.42
2.52
4.46
1.84
4.16
1.13
2.48
2.98
2.79
4.6
0.57
2.29
1.79
0.49
4.67
3.8
4.14
1.81
2.8
1.68
0.66
2.36
4.96
1.89
4.57
1.91
1.18
3.45
1.62
2.97
4.2
0.96
0.17
1.99
2.13
2.84
3.43
2.07
4.28
0.95
0.34
4.85
0.7
0.11
1.68
4.45
3.33
0.5
1.13
0.06
3.53
0.16
3.41
4.75
2.72
2.24
1.04
3.42
3.18
3.74
4.76
0.59
0.77
1.01
3.91
3.68
0.81
0.41
4.69
1.55
1.54
1.97
3.18
0.77
4.23
3.7
4.9
0.54
1.47
2.79
0.22
1.19
3.28
3.14
3.74
2.65
2.33
0.65
1.24
0.97
2.74
3.32
3.07
0.97
0.06
3.45
1.25
4.44
3.14
2.79
0.66
2.59
2.98
1.6
4.26
4.93
3.31
0.41
1.47
3.82
4.48
0.11
1.44
4.07
3.56
3.96
2.88
2.64
2.62
1.36
4.98
2.03
0.05
1.52
3.1
4.31
1.4
3.19
4.02
0.85
2.65
1.74
4.07
1.9
2.52
3.5
1.14
3.6
0.26
0.47
1.82
0.84
4.13
2.29
4.33
1.33
0.05
3.74
0.02
1.29
4.74
0.06
2.13
4.79
0.32
4.23
2.16
1.23
0.89
0.79
2.63
2.43
1.95
0.44
0.99
0.97
2.8
3.89
0.05
4.6
4.22
0.06
3.79
1.18
3.17
3.95
2.07
0.07
4.59
1.52
3.16
1.53
0.22
4.55
2.98
4.19
0.3
2.84
3.11
3.15
1.25
1.07
1.31
0.81
1.8
4.3
2.01
0.77
1.69
2.55
0.06
2.55
0.02
4.35
2.89
1.96
2.62
1.7
2.06
2.9
1.1
2.22
4.83
4.63
2.76
3.24
4.31
1.74
2.81
3.88
1.65
4.66
3.24
1.42
3.62
3.29
0.99
4.97
0.38
2.35
0.54
1.99
1.76
3.46
3.04
2.15
4.29
3.21
4.93
3.36
3.4
3.65
2.4
0.11
3.68
1.22
2.63
0.24
4.75
1.79
2.27
3.51
4.35
2.38
4.85
3.96
4.93
2.44
3.96
2.11
0.9
2.37
4.31
1.16
1.9
3.57
2.63
4.35
0.49
1.32
0.46
3.94
1.36
0.69
3.79
4.45
1.91
3.18
2.85
0.93
0.04
0.57
1.39
0.49
4.7
1.85
0.49
3.84
1.83
0.6
0.92
1.94
4.12
3.9
0.15
3.62
0.93
0.04
2.61
2.44
3.93
0.96
4.37
1.07
1.17
0.09
4.06
4.81
4.19
1.38
2.59
0.76
3.61
4.14
0.24
3.09
3.45
0.68
4.07
3.45
2.49
4.46
2.88
3.87
0.27
3.38
4.02
4.17
1.24
3.67
4.34
1.62
2.25
3.11
4.09
3.99
4.85
2.49
1.24
3.97
2.46
2.29
2.23
4.23
0.36
4.09
1.18
2.06
3
4.91
1.86
0.04
4.72
1
4.53
1.26
4.08
1.38
1.16
4.28
0.19
2.51
4.87
1.73
0.03
3.35
0.66
2.33
1.74
3.83
0.84
2.42
0.44
0.11
4.37
1.03
1.1
4.07
1.27
4.25
0.8
1.18
4.21
1.42
0.03
4.58
2.45
4.77
2.94
1.42
0.57
2.3
4.91
2.18
1.91
1.79
1.1
2.23
1.86
4.7
0.33
2.3
2.02
3.93
1.01
0.03
4.12
2.34
2.41
5
1.6
1.68
4.29
2.27
0.47
3.06
4.6
0.6
3.02
3.18
0.62
0.35
4.46
0.38
0.02
1.2
1.51
0.84
3.75
0.91
2.67
4.15
2.2
1.56
2.44
4.08
3.26
1.83
2.06
3.2
1.42
1.5
2.55
3.78
2.32
4.86
0.38
0.24
0.89
0.25
3.01
0.33
4.34
3.63
3.57
0.88
2.33
0.98
1.84
3.89
3.74
4.35
3.89
3.65
4.78
2.31
1.48
2.5
1.01
0.11
4.18
1.26
0.75
3.44
2.77
3.16
1.51
3.27
4.18
4.16
3.39
2.32
3.58
2.63
3.71
2.75
2.59
0.08
3.69
0.38
0.22
3.94
2.32
3.22
2.45
4.06
1.37
1.84
2.84
2.32
4.67
0.08
3.9
4.63
0.01
2.86
0.55
3.66
0.01
4.06
2.66
4.8
0.47
4.57
2.99
1.36
2.61
4.9
3.99
2.85
3.42
0.66
3.7
0.69
4.07
0.94
3.72
3.84
0.91
0.49
2.57
1.49
1.95
4.69
1.78
3.72
2.33
3.94
0.2
0.77
2.78
1.47
2.62
4.59
2.32
4.94
1.99
2.91
0.27
1.01
1.51
2.97
2.16
3.91
0.43
0.3
1.24
3.74
1.38
1.16
0.05
1.12
3.67
1.58
2.49
4.24
3.09
2.96
0.65
0.85
4.93
0.72
0.02
3.15
4.2
2.96
2.63
4.64
4.69
2.51
4.56
1
2.78
3.63
4.31
4.95
4.14
1.62
4.02
2.94
3.6
2.26
3.39
1.34
2.48
4.98
4.01
1.18
1.9
0.26
2.79
0.68
4.15
3.63
4.82
2.37
1.88
2.58
0.16
0.36
4.99
4.37
1.5
3.82
0.83
4.98
1.26
3.05
0.91
0.29
2.6
0.38
4.96
2.87
3.01
3.2
1.13
1.15
3.09
2.73
1.86
0.08
1.97
0.74
1.52
4.54
3.96
3.25
4.4
2.77
2.66
1.47
4.98
4.63
0.53
1.41
3.18
1.9
3.92
1.36
4.41
2.06
0.16
3.9
4.71
4.48
0.79
0.77
1.19
3.24
1.06
3.29
4.63
4.57
3.7
1.92
2.83
2.61
4.73
1.67
2.73
4.55
4.88
2.44
0.79
0.37
3.34
4.02
2.84
2.35
0.95
2.67
0.39
1.1
1.26
3.32
2.31
4.94
3.97
2.44
1.56
3.54
4.18
3.07
2.94
2.9
3
4.18
2.58
4.76
3.4
1.35
2.92
1.1
0.62
3.1
3.67
2.91
3.46
4.11
0.37
0.09
1.42
4.38
1.69
2.2
4.47
1.89
3.92
4.87
0.42
4.98
1.85
0.84
1.56
3.52
3.78
3.52
2.45
3.99
4.37
1.77
3.82
0.18
1.95
4.28
0.26
4.82
0.52
0.94
0.99
4.27
1.48
1.88
1.47
2.47
0.5
4.39
0.67
0.51
4.12
4.56
0.05
2.55
3.21
4.85
0.96
1.92
4.18
1.7
3.71
4.4
4.68
0.82
2.73
3.64
1.01
0.72
0.81
2.47
4.93
1.86
2.07
3.17
1.97
1.17
2.12
2.8
3.49
2.32
0.48
4.59
4.21
0.91
1.95
0.46
4.54
4.24
0.48
0.36
3.46
3.42
1.22
0.84
3.23
4.6
2.76
3.82
2.07
1.18
4.75
0.04
3.16
0.83
2.94
2.66
4.9
0.38
0.61
5
2.51
0.08
1.73
1.56
1.72
2.29
4.12
4.06
1.59
0.34
3.75
3.93
3.42
1.31
0.72
3.45
3.82
0.23
2.27
0.33
2.47
0.3
3.53
0.71
2.86
1.67
0.18
3.69
0.16
2.72
3.09
3.48
2.73
4.3
1.66
3.62
2.72
1.17
1.89
0.93
2.27
3.03
4.77
1.2
3.83
4.51
3.37
3.58
0.45
1.84
0.36
0.4
2.29
4.63
3.43
0.8
1.82
3.13
3.97
0.18
1.32
1.01
1.19
3.69
1.78
2.52
3.71
1.29
2.07
3.54
0.02
1.55
0.29
0.37
4.49
4.8
3.64
4.66
0.64
2.24
2.57
0.56
1.09
0.51
2.29
2.34
1.07
0.32
0.32
0.48
1.94
2.92
2.71
1.96
1.39
3.15
2.55
3.41
0.01
4.99
3.88
2.3
0.1
4.26
3.6
1.72
3.61
4.33
1.12
2.58
0.63
0.82
4.18
1.38
0.29
1.77
4.35
3.83
4.69
1.92
2.77
1.24
0.8
1.5
3.25
3.22
0.17
0.04
4.61
3.72
3.92
4.97
3.2
3.02
3.02
0.85
3.68
0.69
2.87
1.5
4.82
2.89
2.98
0.69
4.62
0.7
4.65
3.77
3.46
3.52
3.66
3.82
4.49
2.03
1.41
1.37
4.67
2.07
2.71
1.04
4.11
3.91
4.42
1.2
3.46
3.14
0.94
4.14
4.82
0.77
1.85
4.15
2.97
0.52
1.92
4.85
3.63
5
3.46
3.14
2.24
4.64
0.79
4.29
3.31
4.35
0.96
1.23
2.61
1.69
1.04
4.71
1.24
4.4
1.45
0.25
3.37
2.48
2.38
3.43
0.79
2.42
3.47
1.66
4.71
1.47
0.66
0.94
1.52
1.59
3.68
3.89
4.23
3.93
2.68
4.56
1.14
3.83
1.8
2.36
4.77
3.47
4.63
2.57
2.54
2.29
3.31
3.41
3.57
4.92
4.28
2.68
1.64
2.76
2.5
1.82
4.7
0.76
0.69
3.81
2.42
1.24
4.71
0.03
2.7
0.11
2.61
2.58
1.46
4.52
4.04
4.97
0.14
3.71
1.77
0.58
2.48
0.24
1.11
3.74
3.38
3.9
4.61
0.28
4.22
2.51
3.2
0.66
0.7
4.96
3.07
1.46
3.06
2.65
4.13
4.26
0.89
3.24
2.86
0.5
3.01
1.16
0.9
1.12
1.73
4.68
3.46
4.39
0.32
4.9
3.76
0.03
0.99
1.79
2.39
4.08
4.59
0.18
1.81
0.97
2.21
0.29
4.28
2.63
1.61
1.94
4.46
0.73
3.5
3.45
2.08
1.62
0.61
1.25
0.09
0.48
3.12
4.77
2.44
3.82
0.25
2.78
3.61
0.13
1.62
0.83
4.33
0.75
3.4
4.44
1.54
2.93
2.81
3.35
1.07
1.78
0.49
1.11
4.54
2.48
3.61
1.27
0.12
4.94
0.79
3.97
0.69
1.61
2.87
1.83
4.73
3.45
3.66
4.25
3.25
2.64
4.63
4.97
0.95
4.43
2.62
0.2
2.21
1.69
2.84
2.09
0.54
2.39
2.41
0.48
1.3
1.46
1.87
2.27
4.46
1.99
4.78
2.78
4.09
2.86
0.39
1.67
4.18
0.66
0.86
4.54
2.81
0.65
1.02
0.91
1.42
0.16
1.73
3.03
4.61
3
1.18
0.11
0.25
4.73
1.48
1.18
1.6
1.27
2.72
2.33
2.75
2.04
4.85
3.65
0.56
3.29
0.83
4.73
4.92
4.49
0.48
2.79
4.75
3.11
4.08
2.71
3.12
1.45
4.86
3.53
4.58
2.76
0.18
1.75
3.59
3.61
2.77
4.19
3.65
0.55
3.87
0.48
0.81
2.53
0.46
0.44
3.76
0.07
3.21
0.88
0.53
4.32
3.4
3.33
1.73
0.78
4.75
1.26
3.13
4.5
2.86
0.54
3.11
2.43
2.95
2.58
0.43
4.75
3.82
0.17
3.08
1.97
4.74
1.04
0.25
0.45
4.66
3.28
3.74
0.04
0.28
4.2
0.78
1.34
