1.22
1.56
2.18
4.94
3.58
1.74
2.26
2.82
3.97
0.59
3.66
3.08
4.93
1.15
2.96
1.26
0.07
0.5
4.31
0.14
0.17
1.6
0.59
3.08
4.57
1.53
1.34
0.4
3.4
0.73
2.27
3.35
3.78
3.55
1.51
4.64
2.94
2.08
3.2
1.52
0.7
1.34
0.47
0.01
4.46
3.15
0.61
0.34
3.48
1.51
4.27
1.62
2.88
1.86
0.05
2.3
4.74
3.3
3.46
1.46
4.62
3.31
0.38
3.62
2.14
4.48
0.5
0.91
1.14
3.66
0.16
2.8
0.34
2.1
2.06
4.7
0.7
4.67
0.25
2.71
4.38
4
1.28
0.94
3.02
4.38
0.39
0.98
4.45
3.13
4.15
2.04
4.3
1.46
4.15
3.97
0.2
0.45
4.84
2.83
4.61
3.31
1.96
0.78
0.28
4.79
1.75
4.12
2.73
4.48
3.08
4.33
1.27
1.78
2.58
3.87
0.97
0.47
1.75
4.04
0.75
0.56
0.34
4.64
4.76
2.12
3.5
4.61
4.9
4.52
4.18
3.9
4.98
3.96
3.27
0.2
0.96
3.97
3.02
0.48
0.98
0.83
2.45
4.55
3.96
4.02
1.46
0.57
3.21
2.37
1.08
4.41
3.06
0.65
0.37
4.84
0.59
2.19
1.83
3.21
2.93
2.96
0.67
4.04
2.93
1.95
4.03
4.11
1.5
4.85
0.89
0.87
2.22
0.8
3.02
3.57
0.8
3.43
4.74
4.21
2.36
0.06
0.64
0.36
4.92
3.63
2.65
1.06
3.53
4.84
1.01
2.62
1.29
2.46
0.42
1.6
0.55
4.47
3.13
4.86
0.95
4.77
0.8
4.43
3.47
3.69
4.88
1.56
1.03
1.29
2.31
0.01
2.43
0.85
3.59
1.78
1.59
1.36
4.08
3.81
3.16
2.03
1.29
3.14
1.85
0.74
2.43
2.2
3.23
3.66
4.24
0.04
0.69
3.68
1.52
2.35
0.76
3.4
3.57
2.84
4.26
2.07
0.26
0.63
2.21
3.66
3.73
3.52
4.52
4.86
1.15
2.05
3.17
0.03
4.71
4.57
4.58
0.38
2.29
4.09
1.63
3.05
3.41
4.56
2.32
2.3
1.58
0.16
0.28
3.14
0.22
3.23
3.33
1.21
3.21
4.55
3.14
3.14
3.53
0.05
2.34
1.8
3.7
4.21
1.01
3.78
1.8
4.87
1.86
4.33
3.71
3.84
2.29
0.86
3.55
0.93
3.78
3.76
2
2.48
1
4.48
0.59
4.69
1.25
0.8
1.4
4.86
1.7
4.6
3.98
0.46
1.22
0.08
0.39
1.34
3.44
3.74
1.29
1.88
0.87
0.54
4.78
2.21
3.19
4.21
1.66
1.33
0.84
4.13
0.24
2.48
1.96
1.95
1.28
4.3
1.32
1.13
3.44
1.39
1.3
1.28
0.45
4.18
2.26
2.78
2.25
3.24
1.62
3.88
1.34
2.84
3.1
4.64
1.85
3.04
3.23
4.81
0.67
3.93
0.19
1.51
1.03
0.25
0.77
1.29
3.53
1.22
1.11
0.17
2.3
4.02
3.91
1.96
2.87
4.79
0.45
4.24
4.99
0.19
3.82
3.2
2.93
0.88
3.21
0.82
4.34
2.99
4.74
1.65
1.31
0.21
2.57
2.9
4.18
4.22
3.4
3.35
1.79
4.19
3.88
1.2
4.26
3.75
3.43
0.18
4.1
3.2
2.48
1.31
1.29
4.43
0.41
3.51
2.53
3.68
0.44
4.21
0.33
3.92
2.53
4.67
2.27
3.23
1.31
1.37
2.12
2.83
4.54
0.79
2.61
0.72
0.33
2.38
0.5
4.8
0.27
0.72
0.33
1.61
2.1
3.74
1.59
0.74
1.44
2.85
3.27
2.97
4.89
3.53
0.42
3.23
2.84
3.19
1.18
3.31
2.52
0.15
4.55
0.38
4.47
0.14
3.65
1.15
2.57
4.83
1.72
2.51
0.02
3.53
2.8
3.27
3.45
1.53
4.08
1.88
4.5
1.1
4.16
0.45
1.79
0.27
4.71
1.45
1.61
2.95
4.05
0.53
1.39
1.93
3.2
0.01
4.81
3.89
1.24
2.78
3.81
3.12
2.97
1.8
2.45
1.47
4.15
1.48
2.42
0.42
4.71
0.11
3.57
1.71
1.4
4.88
2.39
0.99
5
2.96
3.07
3.82
1.39
1.88
1.68
3.32
0.5
1.59
0.11
0.49
0.36
1.81
0.64
2.67
0.29
2.85
2.37
2.1
2.99
1.28
0.36
4.69
0.05
2.05
0.95
2.05
3.46
2.19
4.62
1.7
3.25
3.4
0.97
0.48
3.54
1.99
1.14
3.35
2.55
2.44
2.09
1.11
1.75
0.47
0.46
4.44
0.29
1.48
2.46
3.45
4.26
0.59
3.07
4.84
0.54
3.14
0.21
1.47
1.3
4.41
2.01
3.73
0.69
3.28
4.73
2.4
4.85
4.96
4.22
2.42
3.07
0.13
2.9
3.2
3.92
0.15
1.35
3.94
4.85
3.63
2.74
2.32
2.61
0.39
1.27
1.11
0.25
2.72
2.11
4.1
4.6
0.85
3.32
1.34
3.66
2.34
0.91
3.9
4.87
1.62
2.73
2.13
0.56
3.65
0.34
1.54
3.76
1.86
1.8
0.84
1.39
3.96
3.31
2.9
3.15
3.58
2.91
3.68
2.76
3.07
3.62
4.83
2.76
0.07
0.12
0.59
0.7
4.52
4.68
3.42
1.46
0.85
4.34
3.37
4.04
2.12
1.11
0.86
0.68
3.97
4.19
1.87
0.63
2.73
1.62
0.46
0.35
1.58
1.59
4.39
1.42
0.03
1.34
0.48
4.01
3.42
2.35
1.1
3.38
0.1
3.76
4.7
1.27
4.66
3.21
4.61
0.21
3.94
1.9
0.43
0.7
2.05
3
4.81
2.41
2.37
1.44
0.59
3.92
3.6
0.01
4.56
1.15
2.43
3.43
4.13
3.74
0.94
1.45
2.89
3.75
1.03
4.05
2.09
2.83
3.59
2.74
2.4
3.38
3.93
0.23
2.46
1.17
2.72
2.09
4.71
3.24
1.22
1.97
1.07
3.6
0.48
1.05
1.04
1.1
0.37
2.82
3.11
0.91
1.43
0.84
4.08
0.02
3.44
1.33
1.43
0.74
3.51
0.25
3.12
0.88
4.81
3.49
3.75
1.1
0.12
2.74
4
2.78
3
0.75
2.29
0.39
4.33
3.64
1.01
3.06
1.79
4.51
3.3
4.92
0.11
3.57
2.94
3.49
0.93
2.95
1.37
4.49
3.65
1.12
0.76
2.56
3.81
1.47
2.57
2.63
1.72
2.06
2.05
1.29
2.57
4.53
4.28
1.54
3.14
4.84
2.95
3.18
3.54
3.9
4.93
0.58
2.17
2.65
0.3
1.66
0.78
2.36
2.92
1.14
0.53
2.95
0.25
3.21
1.7
1.39
4.11
3.58
1.23
2.33
4.22
1.69
2.62
4.23
4.88
4.44
0.63
0.29
4.01
2.04
1.05
0.13
3.39
1.13
4
3.02
3.41
1.21
3.85
1.38
0.63
4.06
2.98
4.18
1.19
0.38
3.3
3.81
1.7
0.5
3.3
0.2
1.42
1.43
0.63
1.75
2.77
1.11
3.8
3.7
0.07
2.06
3.49
1.18
1.91
1.32
4.09
0.82
2.31
1.64
0.28
0.69
1.13
3.88
0.31
1.61
4.3
2.06
0.39
3.22
2.01
4.36
2.42
4.6
0.04
1.54
3.86
0.73
0.36
3.29
0.33
0.89
4.28
0.93
3.61
4.53
2.39
2.72
4.91
1.68
4.61
2.43
0.09
2.2
0.22
1.24
1.7
2.88
3.1
3.99
3.35
0.12
2.29
0.38
2.21
0.49
2.92
0.31
0.88
3.53
3.72
4.96
3.98
2.07
1.75
0.97
4.91
0.68
2.21
3.3
0.67
2.71
2.01
3.56
3.6
3.95
1.66
0.95
3.35
3.96
0.21
4.18
2.04
2.66
3.02
3.19
0.65
1.37
3.83
0.61
4.61
0.15
1.27
4.07
4.55
0.32
4.1
4.23
3.33
2.86
3.54
0.59
0.73
4.22
3.28
2.3
2.63
1.53
2.36
3.12
1.18
3.68
1.55
3.82
2.32
4.63
4.22
0.59
0.04
0.78
4.72
1.52
2.31
3.34
1.93
2.8
3.42
4.84
4.43
3.32
3.21
4.51
0.74
1.33
1.09
1.15
4.79
3.66
1.58
0.82
3.03
1.68
3.49
0.89
1.87
2.76
4.97
0.36
4.25
2.1
2.59
2.91
2.95
3.16
0.65
1.63
3.29
0.97
0.69
0.23
2.34
2.41
1.65
1
0.03
3.92
4.57
3.54
1.56
0.75
4.65
1.38
1.77
2.8
3.26
3.52
4.96
1.09
4.13
0.43
1.07
2.85
3.43
4.25
4.54
4.45
3.17
2.15
0.34
2.96
0.78
2.89
2.6
2.91
4.43
4.01
0.95
1.13
0.63
3.05
2.39
1.64
0.61
1.38
2.33
4.5
4.81
4.64
4.53
0.2
4.59
2.32
3.25
2.53
0.71
2.01
3.97
1.63
4.23
2.48
4.03
4.92
3.48
3.01
4.29
4.3
1.58
3.9
0.53
4.01
2.96
1.72
3.78
3.11
2.8
2.55
1.99
0.15
0.36
2.64
0.38
4.34
4.92
1.4
1.74
0.4
0.73
4.27
3.83
2.64
3.18
4.53
4.22
4.02
3.25
2.35
1.2
2.53
3.16
3.71
1.6
1.05
1.34
0.11
2.39
1.42
1.69
3.74
0.23
1.69
2.36
2.2
2.93
1.23
2.68
3.35
4.52
1.03
2.89
4.94
2.84
1.32
3.31
0.35
4.8
4.52
0.97
1.44
3.61
3.74
4.3
2.25
1.02
4.84
1.05
2.6
4.49
0.58
3.34
0.79
3.9
3.01
0.52
2.22
3.91
2.38
3.21
3.96
3.74
4.53
0.53
1.21
4.18
4.54
3.73
2.48
1.83
4.64
3.36
1.38
4.19
3.3
1.29
2.63
1.75
4.43
2.42
1.6
2.34
0.67
4.47
3.9
3.79
0.99
0.35
4
2.47
3.26
2.15
3.51
3.76
4.6
1.28
3.45
3.99
3.11
4.77
4.79
1.51
2.06
1.62
1.16
3.89
0.46
4.07
4.43
3.96
3.58
1.63
3.79
2.13
2.81
2.49
1.67
4.53
4.57
2.64
3.19
1.86
4.83
3.55
3.64
0.32
4.4
4.13
1.35
3.46
4.46
0.54
4.53
1.31
2.87
2.85
3.89
1.03
1.28
2.86
2.31
0.72
3.64
3.44
3.61
2.59
0.09
2.89
3.73
1.92
1.64
4.14
0.43
0.16
3.67
2.1
2.42
1.44
1.16
2.8
3.12
1.23
4.86
3.92
2.69
4.35
1.48
2.92
2.9
0.65
0.05
1.68
1.4
3.58
2.67
0.2
1.98
0.52
4.59
0.08
0.08
0.82
0.72
0.1
3.45
0.48
3.64
1.88
4.16
1.87
0.45
3.82
3.32
1.1
2.64
1.07
0.84
2.8
4.21
0.71
0.83
2.24
2.1
3.76
2.09
1.29
1.78
4.45
2.29
3.53
2.62
0.69
0.52
1.65
0.65
1.52
4.9
2.84
1.28
2.14
1.74
0.23
4.01
3.67
1.64
4.07
4.85
3.6
4.53
4.74
4.31
4.68
3.15
0.38
2.92
0.15
2.44
2.73
4.41
0.1
0.6
0.75
0.99
2.91
0.19
1.61
0.06
2.54
4.52
2.52
4.1
1.11
4.24
2.36
3.65
2.09
3.79
0.52
0.92
3.57
3.52
1.59
4.93
4.96
1.59
2.17
0.62
0.98
3.71
3.45
3.49
2.41
2.93
0.94
1.05
1.55
0.34
1.27
4.12
0.61
1.65
0.12
0.19
2.83
4.45
3.64
1.02
3.92
0.13
0.77
1.98
0.88
1.36
2.26
4.32
1.05
0.72
1.36
0.85
0.95
4.64
2.75
2.98
3.62
2.05
0.43
4.27
4.19
1.78
2.01
0.26
1.75
1.24
0.42
4.94
0.16
0.1
1.73
4.09
3.46
2.25
2.75
0.57
0.6
4.46
1.92
3.16
1.08
3.6
0.26
2.26
0.91
3.54
4.74
2.9
1.8
3.96
1.02
0.82
2.2
4.37
3.95
0.18
4.58
1.09
2.81
3.4
3.18
3.71
0.04
2.4
1.03
2.25
1.01
1.58
2.17
3.94
4.68
3.68
3.6
4.74
4.76
2.32
0.52
3.71
0.78
0.14
3.29
1.22
4.35
0.61
0.17
2.59
4.62
1.36
1.83
4.62
3.68
3.84
0.25
3.58
2.88
4.12
1.2
1.98
4.55
4.51
1.89
0.93
3.51
4.76
0.91
4.09
5
3.18
3.67
3.62
1.42
3.83
2.09
1.96
1.81
3.21
1.43
3.71
3.52
2.91
1.2
4.41
4.56
2.45
2.74
1.66
3.77
0.53
2.54
4.05
2.35
4.77
4.23
3.28
0.93
4.15
2.37
0.82
2.13
1.16
4.88
0.36
4.36
4.03
0.38
4.33
2.66
3.6
0.91
2.37
1.12
1.47
4.49
1.9
1.78
3.65
2.26
1.74
4.96
1.77
2.46
4.82
1.73
2.22
2.6
3.57
0.5
1.12
2.45
2.85
2.66
1.63
4.37
4.55
3.01
4.56
3.58
2.89
1.52
2.6
1
3.42
2.04
1.29
3.04
2.47
1.87
0.96
1.43
1.52
4.83
1.8
2.06
3.09
0.95
2.15
3.79
1.1
4.69
2.91
3.15
3.77
4.83
3.05
4.48
1.07
3.49
0.33
4.35
0.73
1.24
0.88
0.37
3.06
4.95
0.92
2.82
3.84
1.72
3.62
4.02
3.67
3.63
2.1
1.01
0.94
2.44
0.46
4.68
0.2
0.59
1.9
2.08
4.48
1.62
4.87
4.55
2.38
0.44
1.79
4.98
0.88
3.23
0.09
2.83
3.81
3.84
2.54
1.8
0.31
2.91
4.53
1.45
2.69
1.23
0.05
1.76
0.13
2.52
0.53
1.76
1.42
1.35
1.37
2.65
1.26
0.36
3.64
2.18
4.87
2.22
4.73
2.57
4.81
3.96
3.44
1.1
4.79
1.7
4.39
3.94
4.17
4.3
1.35
4.49
3.83
3.65
3.21
1.45
3.25
2.17
3.26
3.61
4.74
4.86
0.74
4.48
2.29
1.21
4.5
4.93
3.74
0.63
3.92
1.73
2.39
2.84
4.66
0.01
4.97
0.47
4.81
3
1.6
3.65
4.29
2.07
3.15
2.88
0.61
0.92
3.7
1.32
0.95
2.89
3.93
4.83
0.5
2.94
2.64
2.42
3.6
3.7
2.16
2.48
2.44
0.56
2.83
3.83
1.8
3.79
0.48
3.71
0.99
3.69
4.41
4.23
2.74
1.77
3.33
0.16
2.77
4.46
0.85
4.88
3.07
3.17
2.56
2.73
2.79
1.21
4.52
1.17
3.33
4.62
1.21
2.86
4.3
0.59
4.12
1.66
3.51
3.27
0.34
1.88
4.74
2.26
1.55
1.74
1.8
4.75
2.71
3.64
3.85
3.76
0.72
2.76
4.05
4.3
1
2.46
1.04
3.32
0.01
1.96
4.83
4.09
4.37
2.2
0.23
2.53
2.27
0.74
3.86
3.5
4.56
2.13
0.23
2.68
2.1
3.15
3.84
0.29
1.11
2.4
4.7
3.04
4.29
3.15
3.46
3.04
0.8
2.01
0.02
1.41
4.2
3.09
4.22
1.1
0.15
2.02
3.88
1.12
3.82
1
1.54
3.33
1.61
3.84
1.88
2.3
3.57
4.66
4.5
3
2.77
4.63
0.02
2.21
2.73
1.17
1.25
2.69
3.81
1.27
3.58
5
2.93
0.43
0.61
1.53
3.05
2.71
4.19
4.37
4.77
2.15
1.63
4.68
1.55
1.34
4.81
2.22
1.98
3.03
0.8
0.86
3.76
0.66
3.51
4.57
3.2
2.34
2.63
0.29
2.37
1.23
1.1
1.62
4.55
2.62
1.58
0.96
2.8
3.5
1.42
1.56
1.7
4.51
0.4
0.63
1.5
2.51
3.61
0.33
0.69
4.62
2.08
2.6
3.89
2.59
1.58
3.66
3.59
2.31
3.61
3.14
4.46
1.69
4.35
2.4
4.63
0.61
3.26
2.86
2.98
2.08
0.97
2.69
0.1
3.32
4.1
3.05
3.94
3.04
0.93
1.67
3.82
5
3.46
2.03
4.26
3.26
0.71
3.51
4.99
1.09
1.96
1.25
4.37
0.25
4.43
3.55
1.11
0.66
4.47
3.92
2.02
2.48
3.23
1.89
3.04
3.75
4.05
0.88
4.21
1.59
2.07
2.19
0.82
1.46
3.13
2.17
1.13
4.87
3.23
4.88
2.17
4.51
2.59
4.25
2.37
3.77
2.87
2.83
4.6
1.48
2.2
4.97
1.82
1.4
2.3
3.26
4.48
3.85
0.86
0.54
0.85
1.92
4.35
3.24
2.35
3.81
0.85
4.38
4.24
1.78
1.77
1.71
4.67
3.61
1.58
2.17
1.06
0.33
0.55
0.83
4.83
2.26
4.39
3.88
1.72
3.43
4.84
3.9
4.69
4.49
1.39
2.44
4.91
0.4
0.3
4.23
2.76
1.57
0.51
4.18
2.31
2.28
2.71
2.35
3.94
0.92
2.98
1.22
0.24
1.77
2.13
1.12
1.92
3.2
4.12
0.59
2.27
4.28
1.35
3.36
2.48
1.14
1.57
4.76
2.75
4.9
0.08
2.48
4.45
0.66
1.36
2.05
0.11
4.6
2.47
3.45
1.23
0.35
2.94
3.19
2.3
1.63
1
4.44
4.89
3.72
4.82
3.71
0.95
4.08
2.13
0.11
2.62
4.04
4.11
0.53
0.47
1.47
4.87
2.73
3.11
3.86
0.73
1.48
1.57
4.65
2.58
2.84
4.41
0.8
1.97
3.37
1.34
1.4
3.88
4.44
2.8
1.89
3.7
3.76
2.82
3
3.16
0.37
0.26
2.35
4.27
4.2
3.68
1.17
3.71
3.81
3.58
1.84
0.36
2.58
2.21
0.67
4.86
4.63
2.41
0.54
3.68
2.24
2.76
1.92
0.84
2.19
0.61
0.19
3.01
0.03
2.93
1.06
0.98
0.55
4.38
0.38
1.03
2.27
2.58
5
1.73
4.89
0.79
2.33
3.07
3.01
2.11
3.58
2.81
0.4
4.4
1.73
3.64
3.29
4.38
0.23
0.79
1.55
3.41
1.82
3.88
0.19
3.68
1.51
3.57
4.27
2.26
0.69
1.25
4.86
4.19
4.29
0.33
4.49
1.2
1.5
1.29
4.54
2.22
1.28
2.47
4.9
4.52
4.17
3.26
2.36
3.34
2
1.38
1.21
1.76
1.88
0.45
1.57
2.6
3.21
3.18
1.45
4.59
4.89
3.91
3.74
3.34
0.53
4.47
2.78
2.31
1.48
2.93
0.88
4.99
1.49
3.3
4.17
3.09
0.06
0.82
0.06
2.3
3.21
3.41
1.94
4.16
2.97
1.28
4.1
1.24
2.5
1.33
0.25
3.3
2.11
1.4
0.11
4.78
2.23
2.09
0.36
4.22
1.14
1
2.03
3.17
4.91
4.15
1.83
4.3
2.07
1.36
3.08
3.87
4.23
3.07
3.23
2.22
1.62
1.52
1.59
1.47
0.56
3.53
1.31
0.08
4.57
2.45
0.01
1.62
3.16
2.34
2.31
4.02
4.33
1.35
4.55
1.33
2.43
3.42
3.31
0.94
1.81
2.89
1.79
2.53
3.71
0.01
4.25
1.85
3.05
1.02
0.64
4.68
3.7
2.92
1.88
4.94
2.61
0.01
4.6
3.85
2.87
4
4.04
2.79
2.17
3.55
4.33
3.58
1.91
1.05
3.11
2.31
4.67
0.3
3.43
2.12
0.96
3.63
4.98
4.9
4.68
4.88
1.02
3.91
0.16
0.78
1.13
1.11
1.73
3.7
1.17
2.63
4.99
0.91
3.74
2.81
1.48
3.21
2.96
1.77
1.6
4.75
1.99
1.87
2.11
1.03
3.36
4.26
4.51
3.18
1.64
1.23
1.28
2.19
0.38
3.84
0.13
4.7
3.29
1.8
1.16
2.76
2.98
3.89
3.86
0.31
4.3
4.57
4.69
3.26
0.08
3.43
4.03
4.02
0.84
0.92
4
2.84
5
2.49
3.08
1.48
0.1
3.61
2.18
4.83
2.66
2.74
0.04
4.23
0.32
2.24
0.17
2.63
3.75
3.31
2.16
2.05
3.01
3.01
3.41
2.68
1.35
3.6
3.2
1.18
1.88
1.33
4.74
1.37
2.31
3.11
1.54
3.78
0.43
2.65
1.9
0.09
1.73
2.83
1.19
1.79
2.79
3.59
4.7
2.28
2.46
4.22
2.92
4.95
4.28
4.04
3.51
1.77
1.93
3.7
1.14
3.34
0.86
4.57
3.87
0.61
2.54
2.47
3.5
1.27
0.49
4.25
4.82
4.98
0.53
2.79
3.42
3.18
3.7
3.85
2.94
1.05
0.15
2.22
1.69
1.77
1.71
1.58
1.08
3.82
0.08
0.3
3.22
1.77
4.11
1.02
0.86
1.25
0.17
0.37
2.03
3.52
3.61
1.23
4.63
4.54
3.42
3.22
4.79
0.83
3.57
0.35
1.58
2.78
0.9
