1.99
0.37
2.82
2.54
2.63
0.37
2.75
4.02
1.09
3.96
1.51
0.31
1.37
3.07
2.1
2.29
1.41
0.63
1.17
2.75
1.75
2.52
2.26
0.11
2.93
4.99
1.74
0.68
1.22
3
4.86
0.28
1.4
4.51
2.77
0.95
4.14
2.32
3.5
3.68
0.57
0.59
0.26
1.21
2.58
4.99
1.96
3.97
3.22
0.37
1.3
1.67
3.24
2.82
3.56
3.69
1.46
1.56
4.31
0.81
0.26
0.97
3.37
3.31
4.16
4.82
4.63
3.74
0.64
3.94
1.83
0.1
0.01
0.86
0.92
4.3
1.99
3.46
2.66
2.12
2.42
4.2
1.44
2.94
3.69
0.66
2.89
0.05
3.29
0.34
1.51
2.07
3.81
3.19
0.41
4.22
2.17
3.28
4.61
2.76
4.04
3.76
2.89
3.68
2.27
0.77
4.48
3.97
1.12
4.72
3.17
3.42
3.18
4.85
0.86
4.14
4.82
0.76
0.41
1.25
3.02
1.72
3.31
2.5
2.24
3.79
4.51
0.25
2.64
3.52
2.38
2.64
3.42
4.77
4.77
3.49
4.16
4.81
0.59
0.57
3.93
1.19
0.63
4.78
4.55
0.96
1.4
0.46
2.51
2.78
0.73
4.89
2.66
2.35
4.47
0.22
1.06
1.71
3.43
3.06
1.06
4.48
4.77
3.42
4.91
3.68
3.87
2.58
2.44
2.25
4.69
0.23
3.46
1.55
3.67
3.74
3.35
2.65
1.49
2.34
3.31
1.1
3.22
0.93
0.65
1.31
0.61
3.93
2.05
0.09
2.36
4.18
4.16
0.06
2.61
3.98
3.66
4.39
2.04
0.02
0.45
0.27
4.22
4.88
0.03
1.37
1.82
1.28
2.82
2.69
3.56
2.88
0.66
4.64
4.65
4.43
2.02
4.74
2.84
2.73
4.55
3.51
2.74
4.98
1.63
0.4
1.98
0.69
0.43
3.92
4.36
0.66
0.55
3.66
0.93
5
4.32
3.83
3.62
4.03
3.38
4.17
2
3.41
2.15
2.83
2.05
2.87
2.91
2.22
2.62
0.09
0.72
1.16
1.59
0.33
1.59
2.8
2.78
4.06
1.14
0.92
1.14
0.63
2.43
3.72
4.45
4.21
3.98
2.63
2.62
4.14
0.53
1.86
4.53
3.46
3.89
3.25
1.22
3.53
4.06
4.93
4.49
2.66
0.83
3.15
4.61
2.33
4.32
3.81
0.27
1.42
2.63
4.98
4.4
3.26
4.38
0.37
4.14
3.6
3.6
2.12
2.69
4.83
0.91
1.92
2.46
1.98
3.32
3.63
0.79
1.33
2.58
2.25
1.05
3.76
4.07
3.74
2.39
0.94
1.98
2.13
3.47
3.88
3.8
1.2
2.94
2.6
0.9
2.44
2.93
0.62
1.09
0.41
1.15
3.97
2.09
4.01
3.66
3.86
0.18
3.9
2.67
3.22
4.81
4.52
1.79
3.84
4.86
1.88
1.65
1.98
3.52
0.19
3.87
2.9
4.86
1.89
1.56
1.78
1.47
0.96
0.1
3.26
1.04
3.03
3.23
4.85
2.24
2.67
2.51
2.86
3.01
0.68
4.86
0.61
1.93
1.89
3.22
3.13
4.96
2.05
1.96
2.4
3.98
1.19
0.5
1.98
2.11
4.31
2.89
0.42
4.47
1.15
1.53
3.21
2.24
0.68
3.05
0.26
4.58
2.94
1.99
0.3
1.55
4.45
3.53
3.02
0.27
0.23
1.27
2.33
3.47
0.19
3.67
1.67
3.39
2.96
3.15
4.31
0.69
2.24
1.28
0.88
1.94
3.95
2.25
4.69
0.34
3.63
1.94
3.91
4.19
4.22
0.48
4.42
4.7
2.24
4.12
4.78
1.83
3.56
0.08
4.27
3.87
3.48
4.82
0.59
1
3.72
2.54
2.23
0.6
1.52
3.55
4.32
1.48
3.63
0.3
2.57
4.57
2.01
4.22
0.73
4.63
4.58
1.78
2.31
3.16
4.25
2.12
4.5
0.19
0.55
2.43
2.54
3.51
0.65
3.25
2.66
3.68
1.11
4.79
3.39
0.99
1.75
3.59
1.82
3.84
3.91
2.02
0.48
1.25
1.72
1.72
4.07
2.38
0.46
2.7
2.1
2.09
0.5
3.87
4.23
0.06
0.06
3.75
2.3
3.65
2
4.74
1.59
0.78
1.16
3.49
2.29
4.98
0.94
1.45
3.41
4.83
0.33
2.86
2.02
3.98
1.52
3.77
0.93
3.35
3.43
0.1
1.94
3.34
1.26
0.31
3.03
4.25
2.02
4.8
1.73
3.12
3.46
3.97
1.22
4.22
1.21
0.06
1.15
4.25
2.46
4.61
2.51
1.56
4.77
2.4
1.18
0.83
0.55
3.52
3.57
3.14
3.96
1.44
3.48
4.26
5
4.17
2.89
4.5
4.14
1.29
3.02
1.69
3.46
4.57
1
3.2
4.31
3.22
0.91
4.01
4.25
1.34
2.61
2.28
3.47
3.29
0.68
4.44
1.34
4.01
2.38
1.47
0.24
3.18
2.68
0.85
2.26
1.93
2.41
0.89
0.65
3.15
2.61
4.23
4.26
0.69
4.85
3.06
2.6
1.61
3.9
0.63
3.44
1.65
3.32
2.38
3
4.88
2.11
2.77
0.91
3.16
1.22
4.46
1
2.82
0.04
3.06
4.14
1.68
2.28
1.42
4.88
2.62
0.65
1.91
0.6
0.74
2.33
4.82
0.19
2.59
1.8
0.92
4.45
3.9
3.23
4.41
1.49
1.07
3.92
4.97
4.89
2.14
4.28
0.23
4.42
4.98
4.53
4.54
4.77
1.68
5
1.8
3.48
4.6
0.7
3.15
1.85
0.68
3.9
4.31
0.25
0.13
3.55
0.75
1.38
3.67
3.68
3.81
4.76
2.35
3.37
1.23
0.18
0.56
3.66
1.73
3.1
3.83
2.23
1.04
4.6
2.71
0.16
2.66
2.05
4.88
2.36
0.77
3.95
1.99
2.4
0.32
0.98
0.35
0.66
2.03
4.12
2.75
0.32
4.18
3.09
2.49
4.87
1.9
4.63
2.22
0.5
3.37
3.67
4.97
4.7
4.18
0.8
2.94
1.5
2.98
0.84
1.84
4.79
0.27
4.19
4.99
1.35
0.72
2.02
1.37
3.67
1.77
3.18
3.65
2.8
4.13
3.57
3.13
2.6
3.44
1.6
0.93
1.88
4.45
0.92
1.09
1.63
3.89
4.73
0.66
0.7
3.13
4.57
1.92
0.94
1.78
0.8
4.41
2.92
4.71
4.37
4.67
0.04
2.56
3.99
0.04
4.05
0.81
4.51
3.24
4.55
3.18
3.72
3.26
1.33
1.62
4.54
1.83
2.53
4.96
1.71
3.43
0.12
4.91
0.82
4.84
3.45
3.22
3.69
0.41
1.46
2.2
1.68
0.94
1.6
0.04
2.52
0.19
0.45
0.27
3.41
3.64
3.9
3.89
3.59
2.81
4.88
1.98
3.94
2.78
0.8
4.87
4.9
0.32
0.07
2.32
3.82
0.5
3.38
2.7
0.87
0.18
2.65
3.49
0.73
2.6
4
4.39
1.05
1.29
2.45
1.49
0.83
4.92
4.92
1.46
3.78
4.53
3.21
2.89
3.7
0.1
2.15
1.33
3.26
1.18
4.85
0.89
2.6
3.72
2.21
3.28
4.82
2.01
2.64
4.05
4.77
2.62
3.15
3.6
3.38
0.18
3.83
1.61
4.12
4.25
2.53
2.27
4.58
2.84
4.19
2.34
2.44
1.43
2.08
2.64
0.76
1.81
0.36
0.44
0.21
4.69
2.99
1.98
3.75
1.34
2.96
1.13
3.46
1.09
2.28
3.15
0.47
1.72
2.93
4.41
4.21
0.07
0.03
3.24
4.36
2.28
4.37
1.6
1.9
1.88
0.62
3.94
1.87
4.98
3.62
0.63
2.94
2.39
3.5
4.65
3.14
2.44
4.88
3.75
3.3
1.77
4.53
2.66
4.61
4.62
2.93
3.94
3.65
0.32
3.95
1.61
4.48
2.47
1.95
3.08
0.83
0.92
4.41
0.88
4.28
1.53
0.12
3.3
1.47
3.65
2.44
0.28
2.02
2.38
4.68
2.65
1
1.3
0.86
1.34
3.99
2.47
0.89
3.85
4.54
0.34
1.63
1.57
3.36
0.83
3.74
0.58
4.97
4.05
0.87
4.47
4.92
0.96
0.33
3.34
2.43
1.69
2.62
0.87
1.88
2.73
2.01
4.15
3.82
4.12
0.42
4.03
1.47
2.42
2.73
0.25
1.82
0.43
3.72
3.61
0.06
0.3
2.56
2.39
1.33
3
4.17
3.27
1.76
1.62
2
2.83
3.11
4.33
4.55
0.53
1.69
4.25
0.13
3.35
0.28
3.83
4.11
3.23
4.59
1.47
1.53
1.32
0.43
1.41
4.52
4.56
2.73
1.18
4.83
1.96
1.67
2.79
2.2
2.16
0.6
1.52
3.07
3.79
2.9
3.82
2.71
3.44
2.62
0.45
1.48
3.95
2.89
0.88
3.43
2.84
1.92
4.17
4.38
4.15
0.7
4.08
4.72
3.72
3.86
2.72
3.1
0.58
1.97
1.99
0.44
4.96
0.99
4.01
3.18
4.09
1.01
1.03
4.27
0.76
2.46
2.17
3.26
0.59
2.5
2.01
0.48
4.17
0.65
4.31
0.7
0.96
2.38
3.92
1.56
3.04
0.98
2.57
2.62
0.65
0.9
4.68
4.79
1.35
0.55
0.85
1.33
0.5
4.38
1.24
4.24
0.72
3.11
2.61
3.2
3.72
1.15
4.11
2.45
1.17
3.92
2.56
2.12
0.43
2.43
1.19
0.73
3.12
2.45
4.65
2.38
4.75
2.98
0.05
2.38
1.68
4.65
1.98
0.94
4.71
0.52
2.77
3.55
4.8
0.55
3.08
2.03
2.67
4.04
4.15
4.64
2.44
0.54
0.88
0.63
4.49
4.2
2.27
3.21
3.35
4.84
2.34
2.52
4.99
3.54
4.98
3.33
3.45
3.99
3.08
2.32
2.97
1.53
4.61
1.86
2.9
2.26
3.59
3.79
3.05
0.06
2.35
0.34
2.45
4.61
4.78
4.24
1.59
2.73
1.29
1.87
2.43
0.74
0.45
3.84
1.23
0.23
1.9
4.35
2.22
0.08
1.14
3.63
0.81
1.79
1.82
0.68
2.78
1.03
3.67
1.57
3.68
2.11
0.61
2.42
0.87
1.64
3.41
3.08
0.94
3.63
3.71
0.23
4.93
1.46
0.58
0.64
3.46
3.69
3.77
2.58
2.65
2.23
1.25
3.19
0.46
1.14
4.04
2.81
1.13
0.01
4
0.62
4.48
4.62
0.07
2.7
2.01
1.84
2.51
2.86
0.58
4.45
2.33
4.25
0.88
1.98
4.5
0.86
4.9
3.5
3.02
0.34
4.07
3.51
0.11
1.76
4.97
1.33
3.7
0.48
2.93
0.85
1.62
1.28
2.09
4.97
0.66
0.16
4.61
3.12
0.88
2.49
4.92
1.55
3.64
2.67
1.88
2.67
0.89
4.64
0.34
0.6
1.25
0.99
4.26
2.34
0.72
3.58
1.04
3.35
4.4
1.61
2.67
0.18
0.01
1.98
4.07
4.49
0.09
3.04
3.77
3.48
2.75
0.24
1.34
2.87
1.21
4.9
1.83
2.46
2.67
0.64
4.94
0.19
2.01
2.24
4.04
3.72
4.55
1.65
2.44
2.02
2.68
4.87
2.5
4.83
2.05
0.61
3.73
4.95
1.83
2.42
4.75
2.99
4.48
3.79
0.58
4.36
2.79
3.18
2.13
0.01
1.69
1.39
2.24
3.35
0.27
1.82
0.9
4.39
0.44
1.57
4.85
3.73
0.71
0.79
4.23
0.17
2.67
4.52
0.98
2.1
4.86
0.04
4.73
2.74
1.49
4.75
2.23
4.65
3.12
3.65
2.12
0.07
2.05
4.46
4.84
4.04
1.66
2.26
2.53
3.24
3.18
2.3
2.48
0.45
1.93
0.5
0.27
4.16
0.68
0.8
3.58
3.23
1.24
0.75
3.19
1.9
2.78
4.92
1.25
3.49
3.29
4.53
4.31
1.46
4.43
4.11
1.17
1.41
1.67
2.44
0.86
3.39
1.79
3.48
0.55
1.9
0.73
0.37
4.5
3.36
4.42
0.51
5
2.46
3.25
3.42
1.96
0.8
0.48
3.6
3.94
0.13
3.07
2.64
3.4
4.42
1.4
1.13
2.11
2.46
3.3
1.41
3.44
3.58
4.75
2.21
4.48
0.11
3.72
4.82
0.9
0.75
1.14
0.35
0.21
2.56
2.17
3.14
2.05
3.02
2.08
3.4
3.28
2.22
2.18
1.79
3.87
1.89
3.62
4.2
1.1
1.08
1.51
4.15
1.29
0.17
2.61
1.52
1.18
0.62
2.42
0.93
0.22
1.35
3.37
4.29
2.87
0.08
1.31
4.59
4.55
2.59
0.62
0.3
2.81
2.52
1.96
1.59
1.81
0.97
2.28
0.37
0.87
3.59
0.84
2.26
4.71
4.27
4.61
1.44
1.46
2.91
4.46
3.82
3.84
4.27
2.54
2.55
3.9
1.8
1.76
3.38
4.19
3.71
0.24
4.12
2.87
1.66
2.62
2.39
0.66
3.23
4.82
1.94
2.07
3.5
2.04
4.66
0.06
0.33
4.98
1.01
2.54
1.3
3.76
4.37
0.4
4.56
4.86
3.27
0.33
3.51
4.54
2.34
0.97
2.13
2.6
0.41
2.46
4.38
0.29
1.21
4.97
0.83
2.92
2.55
1.72
1.04
1.77
1.8
3.74
1.94
2.87
2.69
1.35
4.25
1.74
0.67
4.38
1.93
0.72
1.28
0.78
2.64
1.44
3.28
0.1
1.77
0.13
3.78
3.2
4.41
1.26
3.19
4.72
3.62
0.98
2.31
3.98
2.36
3.94
3.85
2.33
3.98
4.05
0.92
0.09
1.89
0.61
1.2
4.51
4.81
1.4
0.32
3.49
1.72
3.31
1.15
4.15
1.32
0.74
1.39
0.17
3.2
4.22
0.91
4.28
2.75
1.38
4.98
1.69
3.36
2.68
4.24
1.33
0.69
2.59
1.62
1.31
0.05
2.77
4.66
0.55
0.51
2.63
0.82
4.19
3.69
3.07
4.97
2.73
0.93
2.19
4.71
2.88
1.09
3.24
1.38
3.98
3.32
4.72
2.07
3.15
0.58
1.68
4.79
3.7
1.09
3.99
2.65
1.5
0.4
4.37
1.6
0.37
1.68
1.02
2.64
0.7
2.75
1.8
1.64
1.4
2.21
4.57
2.3
0.55
3.41
2.71
3.36
2.58
4.95
3.37
2.99
4.33
1.25
4.9
3.79
2.31
4.87
2.7
0.01
4.94
3.92
2.3
3.74
3.73
1.92
0.39
0.74
3.25
0.08
2.64
0.11
4.35
0.79
1.67
0.03
2.13
2.79
3.4
3.92
0.15
2.4
1.51
4.11
0.49
2.45
3.51
4.19
1.7
4.9
4.53
3.31
4.21
3.7
3.63
4.55
2.81
4.36
3.6
0.39
2.31
0.38
4.57
1.02
0.81
4.63
4.69
4.12
4.73
3.59
1.75
0.82
2.08
2.92
4.17
2.9
0.89
1.43
0.49
1.94
0.87
2.44
4.66
2.26
4.72
0.63
1.13
2.34
1.72
2.6
3.48
4.44
4.56
4.99
4.04
3.59
0.94
2.8
0.03
4.87
4.65
4.32
4.26
1.76
0.89
4.25
4.56
3.1
3.61
4.49
1.54
3.46
2.23
3.43
3.53
4.64
2.18
2.76
4.45
4.3
3.14
2.37
4.44
3.6
4.4
2.84
4.24
3.05
0.34
0.57
3.8
0.45
4.45
1.53
0.42
4.65
2.98
3.73
4.85
3.74
3.22
0.89
3.73
2.61
2.59
4.92
0.7
1.02
3.16
4.61
3.39
3.66
2.62
2.96
1.43
3.56
1.47
2.43
0.51
0.82
0.81
2.01
1.65
1.53
4.19
2.77
4.38
1.33
4.74
2.96
4.16
4.07
2.55
3.74
1.93
4.35
0.31
1.61
3.6
1.16
1.21
4.9
0.5
2.14
1.35
1.96
0.2
1.26
3.85
1.16
1.73
1.96
3.05
0.73
0.12
3.28
3.62
0.46
0.61
3.47
2.92
4.93
3.79
2.81
0.64
4.03
4.57
0.2
3.96
3.36
0.22
0.73
4.31
2.64
2.1
2.66
3.52
1.65
4.54
3.95
2.37
1.74
3.18
2.71
3.18
2.27
3.95
1.75
0.46
2.29
0.3
1.86
1.26
4.32
4.17
0.7
3.59
2.55
1.37
1.15
1.87
2.3
2.63
3.49
4.4
4.55
0.33
1.54
0.06
1.26
1.9
1.25
3.36
4.33
0.78
1.44
2.67
2.21
0.61
0.12
2.06
2.82
2.58
2.6
0.9
2.37
4.22
0.79
3.1
4.19
2.04
0.27
3.5
4.44
3.66
1.53
4.76
4.68
4.79
2.58
4.28
1.48
3.31
2.44
0.28
1.13
3.04
1.09
2.91
0.81
0.56
3.38
1.69
3.21
4.62
2.74
2.13
2.32
0.96
3.22
3.22
1.22
4.76
1.72
4.09
3.13
1.09
1.17
1.82
3.68
3.87
4.32
0.52
4.73
0.43
2.49
0.67
3.39
2.37
3.01
3.6
2.9
1.49
3.24
2.26
1.13
1.05
1.01
4.42
1.92
1.28
1.75
2.01
4.15
2.03
4.82
1.19
2.59
2.68
0.84
4.57
3.88
2.09
0.52
1.17
4.39
3.91
0.21
4.46
2.01
2.29
4.94
0.27
4.72
3.53
0.57
0.68
3.14
2.99
4.7
2.19
3.91
1.98
3.68
4.57
3.99
2.36
4.08
0.3
1.29
4.15
2.76
4.33
3.78
3.2
4.7
3.22
4.01
1.66
4.79
2.69
3.91
3.2
2.63
3.86
0.18
4.56
1.51
3.04
1.26
0.26
1.35
3.62
4.38
1.03
2.27
3.57
4.47
3.08
3.52
2.86
4.82
0.9
3.82
2.08
4.48
2.42
4.41
4.67
2.05
4
2.99
4.47
4.45
3.27
3.82
3.93
1.8
1.86
3.86
0.71
2.27
3.86
2.88
0.74
1.59
0.57
1.44
1.58
0.18
2.41
0.15
4.66
3.82
1.37
2.95
0.24
4.27
2.05
4.82
0.61
2.18
2.82
1.24
3.67
4.56
4.93
4.98
1.92
0.49
1.13
1.87
0.03
4.82
3.57
4.01
3.62
0.55
4.65
0.84
2.24
4.88
4.05
4.41
2.36
0.51
0.73
1.14
1.96
0.13
3.06
3.78
0.28
2.48
2.48
1.36
0.52
2.89
1.72
0.11
2.92
1.13
0.09
3.03
4.16
1.61
3.4
3.57
4.54
4.29
2.56
1.19
3.62
3.43
0.87
0.07
2.52
0.48
2.37
1.57
4.42
1.29
1.77
4.43
4.04
4.91
3.21
4.72
2.18
1.12
1.69
1.05
3.97
3.24
2.67
1.6
2.71
2.3
3.51
4.11
0.59
4.28
2.79
2.14
3.42
1.49
4.59
1.18
4.72
4.97
1.03
1.44
1.65
3.65
4.84
0.11
1.6
2.2
2.42
2.15
3.79
2.78
4.54
1.23
2.65
4.26
4.42
3.19
2.45
4.01
4.55
3.29
0.2
0.14
2.76
1.9
1.38
4.59
4.23
4.18
3.51
4.17
4.24
2.68
2.82
3.75
1.69
2.57
1.93
0.61
1.32
2.38
3.59
2.05
4.56
4.92
4.17
4.18
1.47
1.83
3.39
1.21
0.66
4.78
3.22
4.69
1.14
4.03
3.35
4.09
4.54
0.3
4.19
0.79
2.67
4.94
1.38
2.41
1.46
4.03
1.69
2.91
0.13
1.94
3.94
0.15
4.37
0.33
2.58
4.46
4.63
3.83
1.55
0.02
1.89
4.14
3.92
1.23
2.41
3.56
2.25
1.77
4.78
3.79
4.81
4.42
2.71
4.26
0.7
4.15
4.31
0.24
2.62
0.28
2.61
0.48
0.18
2.63
1.89
3.12
0.75
1.7
2.7
4.77
3.15
3.9
0.8
4.1
1.77
2.43
0.05
1.91
2.63
3.16
4.59
1.24
1.68
0.13
3.83
0.88
1.48
3.9
4.98
1.43
2.61
4.12
0.24
3.86
0.64
0.25
1.58
3.05
3.47
2.91
4.09
4.17
3.99
4.72
2.95
1.56
1.37
3.14
0.98
0.39
4.87
1.22
3.05
4.51
2.39
4.79
4.76
0.59
0.54
1.51
4.03
4.87
4.61
2.64
0.39
1.33
4.15
4.7
3.02
4.65
1.84
3.34
1.27
3.5
4.05
3.02
0.33
3.23
1.28
3.37
4.15
2.8
4.64
1.31
1.73
1.35
4.83
3.7
3.94
3.49
4.28
4.83
3.4
2.99
0.66
2.86
2.29
1.77
4.04
2.3
1.22
3.32
4.35
4.35
3.96
3.93
4.57
4.65
4.66
1.82
1.75
2.68
0.4
0.34
4.33
2.69
3.96
4.51
2.21
1.29
0.18
4.1
1.14
1.7
3.38
1.98
0.66
1.22
3.2
1.77
3.35
1.71
1.58
1.33
3.45
4.5
1.53
2.65
3.49
0.44
0.42
1.63
0.38
4.2
2.99
4.69
1.34
0.38
1.27
1.6
4.29
4.94
4.52
1.28
2.06
2.47
4.88
2.76
1.78
4.92
4.28
4
1.13
2.82
1.15
2.57
