3.92
4.55
1.42
3.29
2.17
4.69
3.82
0.31
1.54
4.48
4.22
3.56
1.58
2.66
3.99
1.89
0.77
2.67
3.94
3.93
3.44
2.87
1.77
3.73
3.45
0.35
2.19
1.26
1.99
2.39
2.27
0.9
3.1
2.36
1.28
1.79
3.64
3.26
0.52
4.65
3.29
4.9
3.75
2.62
3.23
1.4
4.22
2.02
4.12
3.64
2.54
4.68
4.71
2.83
3.82
3.68
3.52
4.99
3.45
1.69
3.01
1.97
4.56
1.12
0.63
3.19
2.83
2.38
1.9
1.29
4.31
1.52
3.63
3.93
0.26
4.77
2.95
3.25
2.34
3
2.3
3.52
2.89
4.71
2.16
4.75
2.95
1.74
3.2
0.25
1.97
0.95
1.19
3.14
0.41
0.69
3.26
2.53
4.29
1.6
1.97
1.13
1.65
1.87
1.75
4.62
3.23
4.4
2.48
1.24
2.16
1.66
1.91
0.4
4.08
0.74
0.25
4.35
2.59
2.67
1.33
3.96
4.37
2.28
1.34
4.52
0.84
3.63
0.77
2.21
3.34
1.48
3.89
2.95
1.97
0.74
4.68
0.89
0.13
1.88
3.07
1.51
0.04
2.32
1.97
4.69
3.25
1.84
0.53
0.16
3.1
2.01
2.6
0.62
0.02
3.51
4.63
3.4
3.66
2.25
4.39
2.72
0.13
0.66
1.91
2.5
1.32
0.28
4.23
4.66
1.18
3.38
0.93
4.8
1.36
4.42
3.08
2.08
1.89
1.15
4.53
3.7
4.49
0.94
1.12
3.45
0.85
3.71
3.28
1.92
2.38
2.8
0.42
1.6
3
3.24
2.98
3.02
0.3
4.12
1.35
3.62
4.58
2.62
0.1
0.11
3.46
0.14
1.26
2.97
0.84
4.19
0.87
0.23
2.65
1.01
1.12
0.41
2.03
4.4
0.77
1.98
3.75
4.64
3.13
1.15
1.93
2.99
4.01
4.28
2.03
2.78
1.19
3.39
2.77
4.01
2.88
2.6
1.38
2.5
4.21
1.73
0.06
2.05
3
1.32
1.35
0.03
1.83
0.75
4.2
2.04
2.56
2.39
2.4
1.07
0.21
2.81
1.95
0.61
0.81
0.79
1.08
3.92
3.01
2.41
2.76
4.07
4.24
3.4
2.42
1.13
1.82
1.35
3.51
4.31
4.47
1.73
4.84
1.36
2.46
0.02
3.95
2.65
0.87
1.94
3.6
2.81
2.95
4.79
2.38
4.9
4.94
4.28
0.96
1.41
3.97
0.89
1.99
0.04
0.21
2.33
2.99
2.12
4.03
2.09
3.96
1.76
1.09
2.53
3.42
3.74
1.52
0.33
2.26
2.15
2.26
3.39
0.71
2.41
0.45
0.82
4.67
3.98
2.47
2.98
2.69
0.68
1.37
4.7
2.25
1.59
1.4
3.88
0.52
4.23
2.96
2.23
0.48
3.14
1.18
3.07
3.21
1.81
4.68
4.18
0.98
3.9
1.15
4.97
0.47
3.67
4.28
0.3
1.55
4.79
0.32
0.85
4.55
0.91
4.77
0.79
1.74
3.62
1.31
0.48
4.19
4.4
1.58
3.13
1.6
4.87
3.76
3.83
0.38
1.51
2.19
0.46
4.5
2.57
3.98
1.6
4.71
2.42
2.62
0.51
2.36
2.91
4.67
3.76
2.95
0.83
3.23
2.71
3.94
2.5
4.32
3.22
4.37
3.02
2.77
1.55
2.41
3.5
2.87
2.02
3.07
4.13
1.92
4.71
3.26
1.84
3.86
3.39
4.82
2.3
3.44
3.46
2.16
4.33
4.24
0.92
2.76
1.09
1.58
4.13
2.07
1.65
2.97
3.84
0.35
4.37
4.94
0.39
1.8
3.4
1.19
0.26
0.57
2.96
4.13
2.06
1.49
2.61
1.07
0.42
4.01
4.49
1.95
1.6
1.52
1.75
4.24
0.67
4.83
4.75
3.99
2.4
4.91
0.04
3.06
0.61
0.17
4.11
3.45
1.86
0.48
4.42
2.42
1.75
4.9
3.57
0.99
4.6
3.9
2.81
2.43
2.51
0.41
1.06
0.98
0.2
0.51
3.96
1.84
1.95
4.56
4.5
1.22
2.57
1
0.58
4.21
0.57
2.76
4.23
1.57
4.47
2.77
4.81
4.39
3.76
4.78
4.15
2.63
3.71
4.18
4.17
2.09
1.66
0.63
2.91
3.84
0.68
3.68
4.34
4.06
1.56
1.08
3.25
1.78
0.16
0.14
0.33
0.05
1.87
0.73
2.96
0.15
0.85
0.4
3.82
1.67
4.49
3.89
2.35
0.91
0.01
2.43
3.73
0.49
2.31
0.08
1.13
1.31
2.95
3.37
1.52
1.14
2.99
3.11
1.08
2.23
2.44
3.68
3.22
0.27
2.5
3.46
4.28
3.41
3.66
1.28
0.37
3.18
4.91
0.96
2.51
2.74
1.76
2.98
2.13
4.43
2.11
1.68
2.12
1.09
2.99
0.28
4.82
1.1
4.41
4.13
4.18
4.45
4.39
4.84
1.01
1.9
0.68
3.27
3.73
2.24
0.85
4.89
2.61
4.77
4.56
1.89
1.68
2.9
1.8
0.84
1.69
3.74
0.63
1.33
3.29
0.49
1.49
1.5
4.88
0.84
3.42
0.96
1.17
5
4.18
4.47
1.72
2.46
3.72
1.45
0.8
3.86
0.72
4.67
2.28
0.41
0.53
1.39
4.31
3.78
3.99
1.42
0.62
0.79
3.41
1.87
2.08
4.31
1.26
2.17
1.1
3.51
0.51
0.03
1.17
4.46
3.68
2.15
2.21
4.22
1.1
0.26
0.89
2.22
0.05
0.95
0.77
1.72
0.13
1.18
4.69
0.4
0.47
4.28
0.56
4.17
1.7
4.67
4.85
4.48
0.29
1.79
0.8
3.45
3.53
4.58
3.74
3.55
2.32
4.54
2.53
4.52
1.99
1.31
2.5
2.61
4.7
0.13
3.28
2.85
0.34
4.48
4.91
4.18
2.41
4.33
1.78
1.08
1.77
0.3
4.26
1.64
3.45
2.05
3.55
2.66
4.85
4.51
3.32
0.84
2.33
0.32
1.82
2.11
1.76
3.88
1.08
0.18
0.92
3.73
0.32
2.26
3.46
2.56
0.38
2.46
2.24
2.53
0.65
1.41
2.86
0.81
0.94
1.47
3.8
1.31
1.76
3.57
0.72
3.61
4.16
1.44
2.03
1.38
2.53
3.25
0.06
0.51
2.46
0.42
4.13
1.51
1.23
1.31
0.9
4.06
0.42
0.19
4.02
0.56
0.09
2.75
4.65
0.46
2.71
3.17
0.3
2.34
2.5
0.96
0.36
3.21
1.24
1.18
4.64
4.58
3.8
2.09
1.37
3.25
0.71
0.77
3.67
0.67
1.82
0.3
1.31
0.23
3.17
3.46
3.07
0.78
0.1
4.93
2.76
4.27
4.01
1.09
3.48
0.94
0.65
2.72
4.7
2.49
2.17
1.4
2.45
3.08
3.93
0.19
1.59
2.85
1.48
1.72
1.19
2.52
2.13
3.36
2.49
2.22
1.99
2.79
1.16
2.05
1.91
0.22
4.05
3.21
2.21
2.43
0.01
4.66
3.88
3.74
0.42
0.11
1.62
4.71
2.85
3.23
2.27
1.62
4.91
4.61
2.8
4.35
1.05
0.39
1.29
1.48
3.42
3.09
0.81
4.75
0.8
2.65
3.62
4.04
2.87
3.06
3.39
4.01
0.77
3.89
4.67
0.02
3.57
3.92
1.77
1.34
2.06
4.84
4.33
1.65
2.56
0.99
1
2.83
2.07
1.23
0.63
1.37
4.79
5
2.78
3.98
1.17
1.12
4.96
2.55
3.19
1.3
1.14
0.1
0.16
0.22
4.1
2.36
4.53
1.44
4.47
0.76
0.17
1.98
0.68
2.82
4.92
0.43
0.72
0.04
2.77
1.14
1.94
2.79
2.53
3.13
2.02
0.98
1.58
1.73
1.24
3.71
1.06
3.47
3.54
4.66
3.33
0.78
1.99
1.84
1.43
2.36
4.27
3.95
1.06
0.65
4.52
1.45
3.12
1.35
2.51
2.58
4.75
1.89
0.92
1.4
1
2.35
1.23
0.78
2.72
1.82
4.31
2.7
0.26
3.96
0.73
0.25
0.37
0.59
4.49
3.94
0.56
3.99
3.66
2.18
0.98
3.76
0.66
2.57
4.67
3.5
3.62
0.63
1.71
3.29
3.31
0.33
2.44
2.89
4.24
4.86
3.72
2.9
4
1.55
0.45
2.92
1.62
3.48
3.02
1.54
4.29
3.42
1.79
1.12
0.06
4.34
4.87
2.81
3.03
2.78
2.61
2.52
2.62
0.79
0.52
1.52
0.29
4.13
0.77
4.64
0.14
4.47
4.22
2.57
4.87
4.07
0.56
3.25
1.68
0.66
2.51
2.37
0.25
3.99
2.06
1.46
3.45
3.18
1.93
1.8
2.33
4.98
1.88
4.86
1.05
2.17
2.68
0.72
3.01
2.62
0.83
1.04
2.15
4.66
3.78
1.13
1.73
2.33
3.41
0.05
2.97
3.82
2.61
3.07
2.1
3.47
4.89
4.7
0.38
1.3
0.37
0.6
1.27
1.42
1.55
3.88
2.69
0.26
3.42
1.93
1.73
2.79
0.39
0.27
2.18
3.83
4.55
4.54
4.76
1.94
2.03
2.45
1.19
4.73
4.18
1.94
2.06
0.89
3.99
3.62
3.62
0.94
0.55
1.75
3.93
4.65
1.71
2.48
2.87
2.26
0.74
2.94
2.52
4.84
3.17
1.78
3.77
1.07
1.91
2.79
3.61
1.95
4.12
3.43
2.95
3.92
1.38
3.06
1.63
1.29
0.14
3.95
2.23
3.32
1.24
0.98
0.52
1.72
2.13
1.66
0.3
4.65
2.73
0.26
4.78
0.1
1.96
3.34
4.48
1.1
3.6
2.89
0.86
0.81
1.99
4.35
0.67
3.84
4.4
1.54
3.59
3.05
4.13
1.72
1.57
4.33
1.83
3.49
0.45
2.28
1.94
0.44
0.16
2.52
0.28
0.26
3.66
2.45
1.9
3.67
4.39
1.64
2.92
3.57
3.28
2.12
4.11
2.7
3.06
0.41
1.52
3.84
4.32
3.02
0.29
1.79
1.78
2.86
1.72
4.53
3.21
3.84
4.5
2.47
2.7
2.48
0.42
1.62
1.04
2.34
4.03
3.27
4.25
3.89
1.33
1.51
3.1
1.46
0.79
1.07
2.32
0.05
3.77
0.32
0.29
2.42
3.72
2.88
3.98
0.32
4.72
3.74
1.21
3.66
2.01
4.25
4.12
4.39
0.28
3.93
2.61
3.67
2.28
0.1
1.99
3.15
3.7
0.1
3.7
4.5
4.91
4.15
4.05
1.59
4.85
2
2.79
4.57
0.09
4.34
1.77
0.78
1.13
2.53
1.65
1.17
3.89
3.98
0.2
4.12
2.84
2.72
3.18
0.55
4.83
4.59
3.12
1.94
1.13
2.53
3.85
4.23
4.06
3.05
2.85
1.36
3.54
3.56
2.23
3.39
1.96
2.9
1.85
2.49
4.51
1.01
3.3
2.94
0.58
2.98
3.82
3.68
4.33
2.52
0.14
0.4
2.19
4.94
1.03
2.87
3.39
0.84
1
3.54
1.83
2.88
0.14
0.1
2.58
0.76
3.51
2.26
4.13
2.65
0.5
2.84
1.28
4.95
0.11
1.62
0.51
1.34
4.21
1.94
0.18
4.95
3.89
0.87
3.85
3.97
2.52
2.99
2.82
0.74
3.68
3.92
4.46
2.56
2.38
3.69
0.63
2.86
2.99
3.97
4.52
2.83
1.62
2.58
4.91
1.41
3.34
4.95
0.83
0.07
0.91
4.76
4.79
0.96
2.53
4.3
4.47
0.74
3.8
0.91
1.08
1.22
2.77
2.87
3.1
4.46
3.11
1.12
1.59
0.73
2.1
0.15
4.83
4.54
0.74
3.92
2.25
1.72
1.27
4.29
4.27
3.31
1.34
0.33
4.96
1.79
4.5
1.8
1.32
2.97
0.8
4.93
2.8
2.21
3.9
3.1
1.81
0.29
1.53
3.18
1.77
2.01
3.83
1.16
4.77
0.82
2.62
1.01
3.65
3.47
1.76
0.5
3.1
3.73
2.61
2.82
0.28
1.19
2.86
3.68
2.97
1.66
4.56
2.68
0.95
3.14
1.26
2.03
1.87
0.47
3.39
4.8
3.55
0.72
2.2
4.35
2.5
4.76
3.07
2.11
0.69
4.66
1.49
3.54
1.03
0.96
0.31
3.71
2.7
0.93
3.4
4.59
4.42
1.14
0.68
0.53
4.45
0.16
4.58
0.58
4.42
1.51
0.15
2.79
1.33
4.26
1.96
0.9
4.6
1.91
2
4.47
2.96
4.35
0.07
1.41
0.53
0.48
1.53
3.68
0.26
3.43
3.33
0.31
1.04
0.42
0.55
1.08
1.37
4.57
4.85
1.84
1.56
2.91
1.41
0.21
3.67
2.19
0.01
1.11
0.33
4.99
1.3
1.75
1.13
3.38
4.75
2.1
1.52
4.32
2.47
2.26
2.52
1.58
3.68
2.59
4.37
0.06
4.16
1.93
3.33
4.19
2.96
2.32
2.58
1.25
4.33
2.86
2.96
3.62
0.92
0.61
4.53
2
0.71
1.89
3.06
3.35
1.27
0.47
1.72
2.34
4.54
2.19
4.83
0.53
4.91
4.96
1.96
1.96
3.02
3.61
4.34
1.7
2.81
1.49
1.62
1.75
2.56
1.37
0.21
3.43
0.45
0.36
1.13
0.29
4.3
3.63
4.06
4.16
2.03
1.58
0.08
1.65
3.7
4.53
0.54
0.65
2.86
2.79
3.6
2.68
4.93
1.43
2.67
3.89
0.75
4.23
4.17
1.43
3.44
3.74
3.94
0.86
2.26
4.02
4.45
3.16
1.83
0.63
0.94
0.53
4.34
0.05
1.45
2.33
1.95
2.14
2.03
1.51
4.75
4.53
0.68
3.68
0.24
1.17
1.62
1.08
0.78
3.82
3.22
0.44
3
1.8
3.81
4.06
3.63
3.36
2.83
2.37
0.24
1.14
4.22
2.39
3.16
3.93
2.33
1.25
1.61
1.97
3.98
3.73
4.81
4.9
3.11
1.02
1.7
4.91
0.18
1.25
4.9
4.88
0.67
4.44
4.36
4.33
3.17
1.19
4.56
4.7
4.9
4.24
2.53
0.38
1.95
1.26
4.46
0.88
4.77
1.5
3.39
4.18
2.74
0.46
3.79
1.57
3.24
3.91
0.47
3.56
1.92
0.23
4.58
1.46
1.38
0.44
1.79
2.28
0.3
0.87
4.7
2.73
1.1
0.98
2.26
0.07
3.43
0.9
4.27
4.46
4.95
0.49
1.67
4.41
0.72
0.13
2.9
1.15
5
4.17
1.33
1.16
0.1
0.03
2.09
1.38
2.01
2.01
0.42
0.05
4.31
3.13
0.65
0.29
4.2
4.79
2.66
3
1.73
2.75
4.56
2.43
1.31
1.31
1.86
1.15
4.82
1.45
3.1
1.19
1.58
2.72
3.12
1.72
1.7
1.44
3.95
0.36
4.12
4.2
3.23
0.93
0.5
4.38
2.28
1.88
2.73
2.39
3.08
0.9
4.86
1.99
1.26
0.56
2.75
0.18
4.62
4.75
4.59
4.8
3.01
3.15
0.08
0.47
3.58
2.97
1.6
0.03
2.7
1.5
4.16
3.36
2.91
3.46
1.13
2.47
1.43
4.03
3.05
4.85
1.8
4.57
2.09
1.75
0.58
1.86
3.81
3.27
2.28
4.85
4
0.43
3.08
3.79
0.5
3.17
3.12
3.26
0.43
2.26
3.01
4.04
1.26
0.17
4.87
2.82
4.08
0.3
4
1.44
3.36
1.74
2.18
0.49
2.12
1.09
0.69
1.74
0.64
0.14
1.17
1.99
3.84
2.18
4.36
1.97
2.95
3.42
3.77
3.33
4.17
4.08
2.95
0.56
4.96
1.49
0.82
2.98
4.86
1.77
1.99
0.24
4.32
3.2
2.28
4.59
3.51
2.08
0.35
0.87
0.9
0.13
4
3.74
1.41
1.16
1.69
2.42
1.18
3.94
0.04
1.03
3.25
2.5
4.61
3.01
3.72
1.32
1.07
3.91
3.35
1.04
4.91
0.29
0.97
2.22
1.68
1.74
4.44
1.3
4.86
2.99
3.1
3.39
0.74
0.86
1.48
3.47
0.97
0.72
4.72
2.3
0.67
0.47
0.8
1.05
3
4.09
3.79
1.17
3.55
2.26
4.87
4.99
4.04
1.98
1.64
2.6
2.64
1.92
4.79
2.26
4.56
2.34
4.4
2.58
4.53
2.04
2.76
0.52
4.58
1.19
4.58
1.98
2.78
0.89
3.26
2.38
4.59
2.7
0.85
1.72
4.68
4.57
0.11
3.42
2.63
1.74
4.3
4.32
0.25
2.02
2.7
3.02
2.03
2.22
4.09
0.23
0.33
1.2
1.17
0.66
0.43
3.11
3.03
0.48
1.73
1.06
1.09
2.79
3.81
1.95
1.82
4.23
2.13
0.79
2.51
2.04
4.46
4.99
2.45
0.2
0.39
2.49
3.87
3.73
2.1
2.41
4.57
3.93
0.61
4.64
2.37
2.1
3.58
3.3
3.36
0.28
0.16
4.32
4.33
2.62
2.05
0.18
3.04
3.43
0.84
0.66
4.46
0.86
3.92
1.54
0.62
0.78
0.16
1.17
3.73
2.23
2.15
4.98
4.61
0.15
1.83
4.28
4.88
2.82
0.85
1.89
1.3
1.89
4.46
2.98
1.53
3.4
1.09
1.49
1.7
2
0.91
1.25
3.09
3.48
2.51
3.37
0.37
2.17
3.49
1.15
3.88
3.26
0.68
1.85
4.51
2.91
3.28
4.23
2.02
3.51
3.57
3.05
1.49
0.39
4.78
4.64
3.14
4.29
0.29
0.15
3.08
4.88
3.01
3.05
4.3
3.75
0.82
3.85
1.71
0.73
2.13
4.99
2.58
1.54
3.29
0.66
2.25
3.63
4.13
0.08
0.65
0.82
4.2
0.38
0.91
4.19
2.37
3.12
0.65
2.68
1.4
1.73
0.1
1.28
2.9
2.6
0.83
4.73
4.5
3.7
0.73
2.05
0.94
2.69
1.78
4.53
3.81
4.72
3.73
3.47
2.92
2.36
0.92
3.49
3.85
0.89
4.57
0.14
3.51
0.95
4.56
0.18
1.73
4.61
1.34
4.93
1.47
0.18
1.05
4.52
0.54
2.82
4.49
3.67
3.54
4.9
2.43
4.92
3.01
4.41
2.05
0.92
3.35
2.43
0.57
0.45
1.93
4.67
4.02
4.15
1.63
4.67
1.06
2.6
0.82
0.49
2.88
2.39
3.33
4.42
2.32
1.18
0.34
1.14
2.95
2.02
2.7
2.38
1.94
3.97
0.48
3.63
3.56
4.66
3.45
3.38
4.83
4.5
2.04
1.86
1.4
4.06
2.95
4.88
4.39
3.61
4.91
2.79
0.09
1.3
4.4
3.23
0.81
2.33
2.51
0.56
4.08
2.98
1.89
0.07
2.89
4.8
2.47
1.47
2.77
0.73
3.44
2.39
4.47
4.89
3.83
2.6
4.75
3.12
0.38
2.5
1.42
3.38
0.65
2.64
4.62
4.54
2.77
1.3
4.71
2.82
3.86
0.52
2.21
4.36
3.81
4.6
2.3
1.04
4.6
2.17
1.24
0.73
1.48
1.98
0.01
1.94
4.57
3.83
3.8
1.39
1.96
4.3
0.66
3.68
4.09
2.03
3.95
3.72
0.71
0.55
0.79
3.16
0.73
0.77
1.33
1.08
3.01
1.77
0.93
0.5
2.47
0.2
4.87
2.52
3.91
3.64
4.66
4.83
3.39
3.73
3.73
1.59
3.44
1.8
0.63
3.5
1.24
1.03
4.19
4.25
2.1
1.64
1.96
3.68
1.26
4.42
2.05
3.91
3.69
0.32
0.9
3.39
0.95
3.97
0.78
3.67
0.65
2.8
2.04
1.64
0.71
3.47
0.55
0.47
3.34
3.72
0.84
3.83
4.91
3.63
3.24
2.52
4.71
3.14
0.16
4.85
4
3.48
3.2
1.24
1.93
0.62
3.98
4.31
2.22
1.9
1.87
3.28
4.97
4.58
3.77
2.65
4.21
0.45
1.68
4.96
3.54
0.15
0.24
1.6
0.54
1.53
3.39
0.78
0.77
2.79
3.96
0.97
1.56
4.08
4.45
2.95
3.31
0.91
4.54
0.83
0.65
3.38
4.17
0.75
2.05
2.77
1.6
1.68
4.66
0.66
1.29
4.84
4.25
1.04
1.73
2.45
3.59
4.2
2.84
1.2
0.57
1.26
2.29
3.55
0.02
4.34
0.66
4.12
3.68
0.85
2.38
2.57
3.72
3
4.36
4.86
2.8
4.17
0.4
1.36
2.84
4.79
0.78
3.39
1.77
1.24
2.58
0.19
0.25
4.37
2.39
3.1
2.02
4.18
2.12
4.75
1.89
4.57
1.14
4.45
4.35
4.37
3.5
1.17
1.62
0.73
4.49
4.89
1.04
3.94
2.56
3.8
1.83
0.37
2.9
1.67
3.17
4.15
4.13
3.86
2.21
2.16
4.37
1.92
2.04
1.84
1.72
0.96
0.9
2.74
4
4.64
4.98
4.99
3.19
1.92
0.63
2.4
0.74
3.06
3.09
2.36
4.21
3.89
4.82
3.14
2.33
4.8
3.71
2.78
3.21
1.62
0.56
0.63
4.19
1.06
4.2
4.52
3.19
3.71
4.39
