1.98
1.42
0.67
4.11
2.07
2.87
4.06
4.21
3.21
1.37
3.16
4.26
2.18
4.77
2.05
2.87
4.28
3.78
3.68
1.27
3.8
2.75
4.43
4.31
3.52
2.22
0.19
4.76
2.8
3.75
4.72
4.23
4.37
4.05
0.64
2.9
0.29
0.71
1.4
3.19
0.71
1.41
1.02
3.27
2.43
3.88
0.43
4.89
0.38
2.53
2.63
3.6
4.33
3.3
0.01
2.3
0.22
2.94
3.71
4.2
3.54
4.61
3.22
0.39
1.39
4.24
4.46
0.65
2.82
3.21
4.9
4.38
4.02
3.64
0.62
0.87
3.92
2.15
4.84
1.75
3.63
4.08
2.3
4.94
4.55
0.93
0.43
2.94
3.71
2.58
0.61
4.61
3.84
0.86
3.27
0.55
4.61
0.63
0.31
3.35
2.33
2.22
2.8
3.41
0.87
3.24
1.27
1.14
1.34
1.71
2.51
0.09
3.99
1.4
1
0.44
4.67
1.72
3.69
1.3
3.07
3.89
3.59
4.72
2.02
2.16
4.85
0.16
1.7
0.44
2.04
0.27
0.42
1.2
3.4
2.57
0.96
1.2
2.03
1.95
2.25
2.35
3.31
2.19
1.56
1.93
2.22
3.5
2.88
4.01
1.93
0.69
1.86
1.15
4.99
2.92
4.21
4.78
1.01
4.47
1.8
4.95
1.8
0.27
4.21
0.45
2.67
1.28
2.85
1.66
3.15
2.58
0.49
4.31
4.95
4.45
4.35
0.58
4.8
2.21
3.23
3.96
1.06
0.13
3.87
4.13
4.77
0.23
2.52
3.68
0.78
0.9
4.38
1.87
2.06
4.38
0.61
4.57
2.47
3.23
1.83
0.13
0.96
4.22
3.05
3.18
0.68
1.36
0.04
4.41
3.59
2.55
4.76
2.18
3.04
2.99
1.44
1.88
4.12
1.37
1.45
1.28
0.17
4.22
4.48
3.4
0.39
1.22
1.44
4.7
4.49
1.37
2.75
4.7
2.98
0.42
4.94
3.02
4.15
0.19
4.48
4.04
1.23
1.71
2.31
0.78
0.97
0.48
3.07
1.49
0.21
2.02
0.5
4.55
4.63
2.37
2.82
3.34
3.77
4.45
3.85
1.74
0.09
0.27
0.91
4.13
0.74
4.7
3.09
3.29
1.77
0.39
2.25
1.42
1.62
0.24
4.52
0.13
1.73
2.18
3.41
4.47
3.37
1.46
2.7
3.32
1.42
2.81
0.5
2.67
0.59
3.75
1.5
0.6
0.73
1.04
2.21
2.49
2.94
0.65
4.79
0.5
4.11
4.5
1.59
0.11
2.2
3.25
3.69
4.96
3.78
0.69
2.25
2.08
0.42
2.57
4.24
1.72
4.78
0.07
0.95
2.75
4.05
3.76
0.19
4.13
4.81
2.18
2.03
4.27
0.7
3.52
2.67
1.07
3.59
3.64
4.87
3.98
0.28
1.85
1.81
1.56
3.13
3.11
0.3
0.76
1.44
1.27
0.7
2.59
2.77
4.81
2.28
1.47
2.82
2.4
0.38
0.78
2.84
1.38
2.52
0.52
3.49
0.58
4.22
2.15
0.54
1.39
3.76
4.51
2.2
2.11
0.67
1.49
1.1
0.59
3.7
3.12
1.47
0.91
4.4
1
4.78
0.95
1.44
0.58
2.9
4.32
1.74
4.96
3.26
2.43
3.84
1.44
2.97
1.26
0.88
1.15
1.25
3.11
4.03
1.99
4.5
0.08
3.25
3.86
2.6
4.3
0.04
0.76
2.32
0.72
3.9
4.89
4.02
4.55
0.24
1.01
1.03
1.74
4.15
4.87
1.95
2.53
0.94
3.06
1.76
4.03
3.76
0.71
2.15
1.95
4.91
4.58
3.87
0.47
1.68
2.43
0.37
1.13
2.29
1.74
4.91
2.52
3.77
0.83
1.98
2.25
0.15
2.25
0.01
2.65
1.32
2.41
4.33
4.95
0.24
1.74
0.72
4.21
1.58
1.61
4.24
2.74
3.06
3.11
2.86
1.37
1.76
0.12
3.72
4.89
4.59
1.11
4.17
3.18
3.97
0.44
0.24
2.73
1.78
2.96
2.43
0.26
3.06
3.46
4.81
3.07
3.06
3.49
3.73
4.61
2.49
0.49
3.43
3.48
4.42
3.1
1.49
1.64
2.24
4.92
1.54
0.36
3.08
4.95
1.72
1.54
1.03
1.07
0.48
4.75
2.91
4.38
0.1
4.72
1.21
1.95
2.86
4.47
3.49
0.13
1.4
4.55
3.7
1.77
4.85
1.94
3.27
1.64
0.04
1.66
1.46
4.18
2.35
0.67
0.41
4.03
1.39
0.18
2.47
4.3
4.92
2.02
2.33
0.37
3.53
1.8
0.12
4.89
0.08
2.08
4.78
2.85
3.86
0.36
2.49
4.94
2.91
1.22
4.69
1.75
4.23
3.56
3.15
3.93
1.02
2.61
0.81
2.71
3.75
1.99
1.36
0.54
0.27
3.1
1.9
1.4
0.89
1.68
3.43
4.37
1.72
1.78
0.95
2.09
1.22
1.35
2.96
0.21
3.74
0.28
2.74
2.53
1.67
3.22
3.79
4.57
1.45
4.96
2.37
1.71
3.01
0.98
4.31
4.5
4.12
0.84
1.01
3
4.36
0.78
4.23
0.54
0.15
0.59
2.25
0.81
2.75
0.44
2.43
1.7
2.85
1.6
1.62
4.24
0.12
1.41
0.74
2.52
3.74
3.86
3.39
4.69
0.96
2.5
1.17
2.17
3.01
4.26
2.36
4.95
4.39
2.64
4.66
2.78
1.73
0.17
2.1
3.67
3.85
3.47
2.69
1.03
1.62
1.13
1.6
3.65
4.61
1.13
3.3
2.78
3.29
3.24
1.79
3.01
1.97
2.2
0.34
1.09
4.28
0.04
0.08
0.11
1.94
2.25
2.96
2.42
3.97
2.68
3.68
1.62
0.74
1.8
3.63
3.34
1.83
1.82
2.8
4.52
2.67
2.58
0.68
2.08
0.79
0.44
3.16
3.44
2.1
0.32
2.86
4.03
4.32
4.94
2.73
4.32
1.63
1.87
4.06
3.15
0.47
0.6
2.64
3.34
1.23
3.5
4.82
1.36
2.75
3.74
0.22
1.62
0.82
1.19
0.96
2.24
1.19
4.36
1.81
1.23
2.98
4.09
1.16
0.5
0.95
3.53
0.07
2.02
0.05
3.06
2.46
1.54
2.51
2.39
3.24
3.29
3.34
3.93
4.54
4.3
2.27
0.97
2.46
4.24
3.52
1.17
1.32
2.03
3.25
4.64
2.15
0.16
1.44
2.79
4.28
1.7
3.41
2.65
1.53
4.93
0.24
0.36
0.29
1.46
0.16
2.99
1.59
1.81
0.4
2.65
4.36
4.64
1.59
0.58
4.63
4.74
4.46
3.79
2.33
4.03
0.88
2.94
0.93
2.21
3.73
1.43
4.89
3.95
4.78
4.47
4.05
4.44
0.91
1.3
0.57
3.72
2.69
3.84
1.4
0.11
1.53
2.46
5
3.55
0.59
0.92
2.31
0.43
1.22
0.33
4.56
2.95
4
1.12
4.93
1.27
3.93
2.45
4.69
3.86
1.34
1.12
0.59
1.64
2.76
0.78
3.97
1.92
1.79
1.08
1.03
3.86
0.94
1.71
4.17
1.23
0.84
4.79
4.06
4.39
4.44
3.14
2.7
1.78
0.98
2.49
1.72
1.39
4.34
0.71
0.59
3.47
2.6
2.49
2.54
2.81
0.09
3.99
3.38
0.77
4.48
3.7
3.58
3.48
3.94
3.09
4.57
3.44
2.62
1.38
4.95
0.2
0.11
4.12
0.73
4.47
3.72
2.92
2.12
0.85
1.85
0.88
3.7
3.47
2.98
4.71
4.27
3.84
3.33
4.85
2.37
2.73
3.57
2.43
3.93
1.91
0.49
2.17
4.53
0.2
1.3
4.75
4.17
1.23
2.28
1.51
1.98
1.53
3.58
0.98
1.58
4.8
4.84
0.4
0.54
2.82
1.05
3.82
1.27
0.97
3.12
0.4
0.84
0.64
2.37
2.03
1.08
4.54
2.16
1.37
2.64
4.06
0.05
0.61
2.53
2.6
1.47
0.27
4.58
2.95
3.33
1.34
4.38
3.82
2.48
2.26
2.14
2.79
4.57
1.71
1.78
3.56
2.97
4.54
4.5
0.94
4.77
2.91
0.68
3.02
0.71
2.73
4.43
0.68
4.43
1.22
4.31
4.85
4.07
0.43
4.34
2.3
4.84
1.41
0.15
3.66
2.34
4.58
0.8
2.71
3.25
1.55
2.54
4.76
0.47
0.47
2.48
1.1
2.21
4.08
1.52
2.88
1.43
2.63
4.74
2.88
2.08
0.95
3.49
1.44
1.82
4.85
3.32
1.26
3.04
2.21
4.22
2.99
2.37
4.08
0.51
4.26
0.27
3.66
2.18
0.35
4.94
2.78
2.32
4.32
3.43
3.73
4.89
0.11
4.5
3.19
2.61
4.71
0.65
2.24
0.52
3.78
3.91
3.1
1.93
0.61
4.37
0.58
0.3
3.61
2.27
4.98
3.4
1.32
1.64
2.86
1.98
2.73
0.14
3.34
4.15
4.72
2.66
2.3
4.72
2.1
1.58
2.2
3.24
1.65
4.05
2.48
4.45
3.7
1.69
0.67
4.99
3.98
2.8
0.25
2.25
1.15
1.11
3.57
2.51
0.22
0.98
3.01
2.64
4.54
2.06
2.13
3.22
0.15
0.13
2.16
3.47
4.05
1.01
1.07
1.76
4.43
3.48
2.39
0.95
0.82
0.28
1.57
2.95
4.02
2.12
4.9
2.88
1.23
0.09
2.86
2.66
1.83
3.56
1.23
2.22
0.31
1.08
4.6
3.13
0.75
1.45
2.4
2.13
4.41
0.63
2.04
4.79
1.6
1.48
0.62
0.19
0.98
3.76
0.16
3
4.6
2.21
1.14
0.51
1.6
4.12
4.22
4.85
2.62
4.69
3.4
0.11
3.32
1.21
1.99
4.96
3.66
4.28
4.66
2.82
4.44
2.57
4.14
4.12
3.05
4.68
3.01
4.48
1.93
4.61
0.02
4.38
0.42
0.33
2.29
2.07
3.37
2.57
0.48
3.91
1.62
4.14
0.3
4.41
0.31
4.23
1.64
0.66
2.35
3.18
3.43
2.75
4.69
3.29
0.79
2.8
4.72
2.03
0.33
2.02
0.52
0.09
3.53
1.35
2.86
1.02
4.27
3.91
2.01
4.82
3.5
4.8
0.98
4.39
4.18
0.35
4.22
4.57
3.21
2.92
4.87
2.37
3.65
0.87
0.71
1.27
0.07
0.74
4.82
0.91
2.91
4.13
1.95
1.37
0.76
2.28
3.77
4.35
4.36
4.1
4.69
2.36
1.85
0.05
3.6
4.13
3.3
0.84
2.18
4.59
1.74
4.73
4.56
2.23
4.28
2.26
3.02
0.43
4.83
1.19
3.73
0.72
2.18
2.03
1.13
3.21
2.17
2.77
2.16
1.07
4.14
1.33
4.87
0.14
2.87
3.46
0.16
3.99
3.27
3.79
1.59
2.35
3.24
3.54
3.35
2.82
4.11
3.04
1.08
2.49
3.72
0.23
1.38
3
3.13
2.06
3.76
4.92
1.57
4.46
1.47
1.89
4.44
3.71
0.22
4.87
0.89
1.45
0.39
4.73
1.25
2.71
3.65
0.74
0.91
2.47
3.25
1.09
2.83
3.99
4.1
2.4
4.4
3.57
1.27
2.45
0.17
3.51
2.28
4.78
2.16
2.52
2.02
3.39
4.98
2.37
2.35
3.2
1.38
2.41
3.09
0.63
3.85
3.3
1.27
2.52
4.98
2.99
3.17
0.59
1.9
4.66
1.01
3.54
1.69
1.83
2.19
2.19
0.6
4.54
3.06
4.01
0.68
3.84
2.73
0.48
4.11
1.32
3.05
1.98
3.86
4.73
4.16
1.66
4.17
1.07
3.54
1.74
4.29
4.92
3.69
1.26
3.53
1.67
4.9
4.11
0.01
2.03
0.09
2.15
1.17
0.97
4.23
0.77
2.22
0.35
3.17
2.88
2.36
2.47
3.46
4.72
2.19
4.58
2.61
0.05
4.97
2.46
4.32
0.85
0.41
3.16
0.99
4.59
0.38
1.2
4.25
1.54
2.19
2.27
1.46
1.4
2.11
1.83
3.84
3.78
1.09
0.85
3.66
3.85
4.01
2
3.12
1.97
1.25
4.91
3.92
3.12
0.75
2.89
1.22
4.01
3.01
3.82
4.72
2.19
4.94
3.43
4.75
2.65
0.51
0.07
1.13
3.07
2.96
0.77
1.72
4.24
1.04
4.49
1.72
2.85
3.85
3.41
1.14
1.28
0.51
0.03
3.06
0.05
4.52
4.26
0.75
3.89
4.67
3.81
2.89
4.82
1.66
2.2
2.2
4.49
0.63
0.44
1.64
1.29
0.75
0.16
3.12
3.33
1.15
1.23
3.28
4.62
4.74
3.99
1.3
0.31
4.45
4.58
1.78
4.98
4.69
2.81
4.94
0.48
2.59
2.53
1.17
1.74
4.51
1.69
4.31
4.44
4.33
4.81
3.74
2.35
1.46
3.53
3.49
4.83
2.33
2.07
3.92
2.13
3.14
3.52
0.65
2.84
4.55
2.83
1.59
2.48
3.43
2.61
1.82
0.58
2.12
3.84
2.23
4.66
1.25
2.95
2.99
4.11
4.87
4.15
1.6
1.79
0.14
0.99
0.11
1.19
4.92
4.84
4.37
2.49
1.6
0.63
4.97
0.37
3.62
4.95
1.39
0.37
3.7
0.96
4.76
2.9
0.43
4.48
2.23
4.04
4.01
2.43
3.44
2.92
2.14
3.18
3.66
3.75
3.45
0.47
4.2
1.36
3.27
2.57
0.61
0.85
1.83
1.82
0.9
0.94
1.19
1.8
0.23
3.49
0.81
1.92
4.24
0.16
1.36
0.6
2.34
1.58
2.08
4.05
4.37
1.25
3.59
0.6
0.24
2.98
4.5
3.66
4.96
3.75
3.16
4.28
2.42
2.19
0.42
1.48
3.07
3.89
1.01
3.73
2.19
3.35
4.84
1.69
4.51
2.82
0.96
4.22
2.43
1.08
1.52
2.57
0.23
2.17
2.48
0.06
2.65
0.92
1.57
4.3
1.46
1.68
1.55
1
4.6
3.54
2.02
1.73
3.58
2.53
3.92
3
2.42
1.42
2.48
4.38
4.77
3.64
0.04
1.19
2.49
3.76
0.45
2.02
3.65
4.98
0.61
4.7
0.78
4.42
4.12
3.26
1.21
3.19
2.89
3.07
4.71
0.44
0.05
1.2
1.42
0.05
4.43
3.9
2.41
0.72
2.84
0.49
0.99
1.2
2.68
4.24
0.91
0.32
2.62
3.35
2.14
3.37
1.14
0.37
3.46
4.73
1.82
3.77
4.26
1.47
3.16
0.87
0.51
0.28
4.37
1.17
0.55
3.5
3.48
1.61
4.15
3.36
4.64
0.7
0.83
0.04
0.29
3.06
0.59
2.98
0.59
0.01
4.55
1.66
0.34
2.84
1.45
2.71
0.9
0.67
0.55
2.79
2.14
2.18
3.57
0.86
0.8
3.64
1.75
2.12
2.51
2.66
4.42
4.23
1.15
0.96
2.54
2.03
0.49
3.29
4.02
4.53
4.04
2.35
3.89
3.6
2.06
1.44
1.15
1.97
1.51
2.59
3.46
3.8
0.14
3.89
4.9
0.56
3.23
0.17
1.66
2.65
1.54
4.5
2.86
3.64
0.63
0.37
4.03
4.31
1.12
0.84
2.9
0.27
0.03
4.37
3.17
2.17
1.33
1.83
1.55
1.96
4.51
2.06
0.38
0.28
2.06
0.25
0.37
4.57
0.5
5
4.69
2.38
4.27
1.22
3.4
3
1.38
3.03
1.66
3.83
1.68
3.3
1.36
2.36
1.01
3.44
4.5
2.95
4.02
0.07
0.34
4.39
4.94
0.96
3.77
2.54
4.32
1.45
4.79
0.66
0.94
1.56
4.8
0.23
4.26
3.85
4.82
4.08
1.32
4.85
1.17
1.62
4.93
4.78
1.6
0.9
0.57
0.5
2.06
4.24
3.25
2.36
0.65
3.12
3.85
3.74
1.15
0.41
3.74
2.91
4.1
2.37
1.13
2.11
0.73
1.3
3.06
2.29
3.59
2.11
4.07
1.93
2.01
0.84
1.31
3.03
0.97
2.69
2.53
4.17
2.34
4.46
2.2
0.85
3.03
1.03
3.56
0.17
4.34
4.33
0.38
4.09
1.87
0.16
1.55
4.1
3.93
4.16
1.92
0.33
2.37
0.41
2.82
1.37
2.46
2.79
2.57
3.68
1.82
4.37
0.91
0.73
3.24
4.99
3.24
3.14
0.51
3.22
3.2
3.37
1.29
2.82
3.29
1.83
1.4
1.77
4.41
4.23
3.5
3.72
3.15
3.94
3.32
4.12
1.65
4.26
3.45
2.74
0.5
1.2
3.14
1.22
1.23
1.65
0.97
0.3
4.86
4.57
3.64
4.13
1.08
4.97
2.49
3.33
1.49
2.77
4.8
1.14
0.76
0.37
0.53
1.97
2.15
0.29
2.5
0.4
2.71
0.89
4.38
4.01
0.51
2.92
4.63
1.84
4.37
3.99
2.11
1.82
1.87
1.01
0.72
2.27
3.12
0.05
2.2
2.93
0.28
1.69
4
2.27
2.41
2.74
3.42
2.27
0.01
2.09
3.54
2.73
0.6
0.81
0.46
1.91
3.19
0.12
4.68
1.44
1.68
2.02
0.25
4.23
4.52
3.47
4.45
1.18
1.41
1.08
1.5
2.42
4.04
2.29
2.49
2.58
0.75
3.85
2.53
2.58
0.22
3.25
2.71
3.79
4.8
0.77
0.36
3.69
4.23
0.78
4.72
4.18
1.58
3.17
0.97
1.01
4.15
1.88
3.39
2.64
2.03
3.2
3.35
3.22
2.25
4.17
2.43
1.71
2.57
0.99
4.48
3.16
3.49
0.44
1.01
2.19
1.88
3.07
0.65
2.7
0.41
3.82
3.65
1.61
0.55
0.14
0.12
0.05
2.99
3.45
3.73
3.14
3.44
4.3
3.92
1.22
4.54
1.5
0.93
3.66
4.99
2.55
0.76
3.72
4.19
0.11
2.24
0.42
4.32
1.55
2.7
3.52
0.48
4.77
2.37
0.72
0.35
4.49
4.27
4.73
3.45
1.7
2.5
1.25
3.26
2.47
0.23
3.46
2.88
1.68
2.89
1.11
3.86
1.87
4.64
2.58
4.13
4.83
2.23
2.34
1.7
1.67
3.1
2.85
3.63
1.93
2.51
2.99
2.6
0.04
2.89
2.82
4.95
0.42
3.47
3.82
0.81
3.49
0.64
2.36
0.84
0.12
2.74
1.46
0.63
1.01
2.81
3.88
0.83
0.01
3.91
2.94
1.97
3.79
1.5
2.77
2.82
0.25
2.72
3.78
3.57
0.79
2.86
0.39
1.22
4.32
2.74
3.15
4.38
4.04
0.17
3.09
2.04
3.82
2.85
4.88
1.15
3.28
0.45
3.44
0.65
0.95
4.97
3.6
4.53
2.88
4.93
4.47
2.95
2.96
1.97
1.78
1.48
1.36
3.42
1.3
4.9
3.23
1.34
4.86
4.5
4.66
1.69
2.49
0.88
3.42
3.84
3.65
0.24
4.48
1.44
2.28
4.98
0.57
4.13
0.7
4.04
2.98
3.64
1.54
4.46
2.12
0.95
1.52
4.38
3.3
1.72
2.62
3.43
1.04
0.89
0.08
0.16
4.34
1.09
0.98
3.53
1.11
0.96
0.7
0.06
3.4
1.49
0.53
3.63
4.85
3.11
4.14
3.51
1.4
0.87
4.88
0.3
0.3
4.28
3.88
4.17
0.2
1.3
0.5
2.86
3.93
2.18
3.41
1.08
1.49
2.3
4.62
4.79
1.66
0.96
1.73
1.33
1.8
4.89
0.07
4.62
1.72
1.42
1.17
1.69
4.7
3.17
3.41
3.8
0.57
0.78
2.75
4.98
2.78
1.29
1.34
0.19
0.41
4.78
1.41
4.75
0.17
3.31
4.04
0.03
0.16
4.23
2.17
1.05
3.83
2.65
0.28
3.81
2.15
4.69
2.32
4.28
2.56
0.81
4.23
4.07
3.49
1.54
1.55
3.24
0.43
0.73
1.54
1.03
3.1
2.8
4.48
4.61
1.81
4.24
1.26
4.83
2.55
1.14
0.58
0.14
3.54
2.87
1.15
0.55
4.61
4.82
0.09
4.55
2.82
1.69
4.35
1.24
0.16
4.56
1.68
2.66
3.8
2.68
3.24
4.63
0.76
0.82
2.43
1.37
0.46
1.87
2.22
4.98
0.69
0.16
2.83
0.85
4.94
0.36
0.36
2.08
4.95
2.15
4.77
1.4
4.18
1.19
0.46
4.6
2.73
0.85
1.65
1.49
3.01
3.13
0.58
0.25
1.26
4
2.4
3.68
0.87
1.35
1.39
3.18
4.23
0.06
4.14
0.41
3.53
2.22
2.15
1.95
2.15
2.58
3.99
4.47
3.69
4.67
2.63
1.43
0.86
2.15
4.24
1.45
2.26
1.55
1.27
4.8
1.5
3.73
1.64
0.55
2.93
0.7
4.32
4.31
3.15
1.48
0.88
2.44
4.02
3.32
4.08
3.11
0.27
0.16
0.38
2.4
2.35
1.64
1.05
1.11
4.2
0.84
1.65
4.34
3.44
3.81
0.21
3.35
0.26
1.6
4.66
1.83
2.54
4.67
2.46
4.06
1.49
0.45
1.59
4.32
0.72
3.3
1.67
0.09
3.17
1.51
1.02
0.8
3.28
1.04
2.49
2.89
