1.62
3.95
3.24
1.1
1.87
4.79
3.46
0.33
3.66
1.89
4.49
4.39
4.14
2.2
3.85
1.07
1.83
0.62
0.49
2.72
2.25
3.42
3.94
1.61
4.07
4.32
1.13
0.19
4.6
4.64
0.28
0.96
3.95
4.99
1.78
3.18
1.23
3.52
4.77
4.52
0.25
4.46
0.77
2.66
1.3
4.44
1.95
2.36
2.56
2.81
3.16
4.74
0.92
1.41
1.65
3.62
0.02
4.87
3.59
0.71
0.12
3.13
4.43
4.64
1.68
0.37
1.53
3.26
4.65
4.5
0.59
1.21
0.23
4.23
1.29
4.64
4.2
5
3.63
1.47
1.83
2.89
2.18
0.56
0.88
4.7
1.35
3.29
2.63
4.39
1.62
3.8
1
1.07
3.25
2.97
0.07
2.38
0.18
3.76
0.6
4.72
0.9
3.62
4.41
1.64
1.2
4.57
2.53
1.66
1.04
3.08
0.31
1.41
0.29
0.38
1.53
4.16
2.54
3.23
1.3
0.55
1.71
3.41
0.49
3.52
3.57
4.11
2.36
2.69
0.41
2.13
0.46
3.6
0.42
1.94
0.92
3.4
1.88
4.86
2.63
2.91
3.25
4.1
4.89
1.03
2.53
4.29
3.2
1.81
3.94
2.39
1.78
4.1
0.18
3.56
4.91
4.06
1.56
4.29
1.91
4.77
2.64
4.46
3.23
0.41
4.45
1.12
0.61
4.71
2.88
3.12
3.7
0.64
2.7
2.3
4.68
4.37
3.44
1.32
4.93
4.47
1.23
2.04
0.05
3.17
0.57
3.89
4
3.71
4.8
3.92
1.76
2.11
1.6
3.75
3.05
4.14
3.97
2.89
0.29
0.15
4.86
4.1
0.65
0.14
1.46
4.75
2.26
2.42
4.79
0.01
0.08
2.75
0.34
4.37
1.73
0.9
2.37
0.26
1.77
2.13
0.38
4.85
1.47
3.69
2.3
3.36
2.55
0.45
1.16
1.27
2.32
3.34
3.09
4.13
1.18
4.8
0.36
2.71
0.66
0.26
2.91
3.92
0.24
3.11
3.84
2.54
1.82
3.93
2.79
0.84
1.64
3.48
4.62
2.86
4.64
1.61
3.23
0.84
1.39
1.29
4.6
0.81
1.42
2.04
0.68
5
2.95
4.79
0.47
4.04
2.91
2.42
1.59
3.33
1.07
4.43
1.76
3.17
3.54
2.71
3.09
1.38
0.61
2.05
0.1
3.55
2.93
4.76
2.6
2.94
3.45
4.88
2.13
2
3.41
2.83
1.19
0.83
0.31
1.3
1.87
4.13
2.74
3.3
2.82
0.4
1.2
0.84
3.13
3.56
0.45
2.81
3.7
3.47
3.41
2.66
4.53
1.15
4.2
4.59
3.23
3.27
4.49
0.68
1.28
0.04
2.32
1.77
1.44
2.9
1.99
0.74
0.45
4.64
3.98
3.68
0.49
1.8
4.69
0.61
1.02
1.68
2.92
1.84
1.98
0.74
1.81
1.42
0.39
4.45
2.57
0.49
2.13
3.43
1.41
0.62
1.88
3.96
4.77
2.43
0.81
1.57
4.79
3.78
4.96
3.1
0.71
0.93
2.21
4.8
2.77
2.97
4.04
2.96
5
3.61
2.59
4.99
0.26
3.55
1.5
0.84
1.96
2.69
4.12
0.37
3.64
0.49
3.41
3.71
4.34
3.93
3.69
2.7
1.14
0.48
3.41
2.04
0.52
3.24
2.62
0.79
0.61
3.14
0.98
0.66
1.84
1.09
0.15
0.76
1.68
3.53
3.59
3.76
3.68
3.47
3.79
3.84
2
3.06
0.39
0.71
2.66
2.46
3.15
0.38
1.69
0.88
3.13
2.29
1.26
3.21
2.2
0.79
2.47
1.59
4.8
1.42
3.45
3.94
0.5
2.92
4.03
2.72
1.37
3.13
2.52
4.08
2.98
4.24
4.75
0.56
4.53
2.9
1.27
2.31
2.92
2.31
1.69
2.39
4.78
0.4
3.76
4.33
3.08
3.67
1.41
2.03
1.73
1.87
3.1
4.15
2.39
3.98
3.48
0.7
1.64
1.08
0.07
3.7
2.93
0.37
1.08
4.23
2.8
0.91
3.48
1.2
2.41
2.03
3.4
1.03
0.32
0.22
0.28
0.44
3.03
4.5
2.75
1.74
3.86
1.11
3.28
4.16
2.58
0.83
0.63
4.7
4.44
2.74
4.43
0.14
1.42
4.72
1.66
3.73
1.33
4.72
0.91
1.89
0.67
0.82
4.66
4.88
4.23
2.78
3.41
1.2
1.89
2.15
1.75
3.25
4
1.1
2.87
1.72
1.82
1.27
1.17
1.54
2.74
2.71
2.02
0.73
1.14
4.93
4.91
1.2
3.75
4.53
3.45
0.56
0.02
2.98
3.12
2.5
3.45
0.67
4.72
3.46
3.36
2.96
3.64
4.27
1.16
3.84
1.27
4.93
0.2
3.08
0.83
4.69
2.37
0.03
3.3
0.09
1.14
4.9
0.99
0.31
2.01
4.2
3.61
0.84
2.25
4.69
4.74
1.45
4.23
3.05
1.57
0.77
0.03
4.77
0.23
1.88
0.16
4.81
1.45
2.8
3.83
3.84
2.3
1.19
2.39
4.23
1.06
4.94
1.4
2.44
2.11
4.54
0.66
0.51
2.43
0.43
0.45
2.81
0.17
2.82
0.23
4.55
4.58
1.02
4.3
1.55
2.4
4.65
3.86
0.92
2.61
3.97
4.06
3.25
0.82
1.29
2.41
1.54
1.09
1.94
3.9
0.68
0.82
2.74
4.25
3.88
0.4
4.14
0.58
0.99
4.27
4.88
0.14
4.37
1.88
2.85
2.55
0.02
3.73
4.21
4.31
0.96
0.59
4.78
3
2.53
4.47
3.45
2.39
1.22
2.65
0.35
2.06
4.51
3.14
4.7
0.85
1.85
1.11
0.5
3.2
3.83
1.9
4.96
3.26
4.39
4.98
2.75
4.3
1.28
2.23
3.17
3.71
2.27
4.31
1.18
3.83
4.5
3.94
3.82
0.66
3.72
3.51
1.71
2.17
3.96
0.78
0.35
0.14
0.79
3.08
1.64
1.63
3.33
4.94
1.81
4.49
3.18
1.82
1.43
4.04
2.29
3.49
4.23
0.92
0.93
2.44
0.3
4
2.64
4.97
4.85
0.65
3.68
5
1.41
2.18
1.48
4.34
4.04
2.13
4.13
4.02
1.56
4.5
4.82
2.14
2.53
4.97
4.41
2.85
2.77
3.37
1.24
0.69
4.11
0.36
1.59
2.04
0.29
3.66
3.81
3.36
1.24
0.51
1.69
0.9
0.67
0.63
0.28
1.56
1.21
2.56
2.85
0.18
1.13
4.57
4.86
3.77
0.22
3.45
1.85
0.28
0.35
3.9
1.85
4.49
0.21
1.47
0.38
3.68
2.37
2.33
4.33
3.23
4.35
0.3
0.27
4.4
4.63
3.37
3.76
2.5
0.12
4.6
0.53
2.05
2.71
1.39
3.95
4.46
2.69
2.89
2.88
2.58
3.28
0.27
4.56
2.65
0.78
4.36
1.62
0.79
1.47
2.96
4.84
2.69
1.77
1.14
2.71
1.05
2.15
3.36
1.88
2.78
1.87
3.16
3.64
1.67
3.89
0.7
4.96
4.93
0.4
2.14
0.42
1.42
3.24
0.36
3.54
1.35
4.32
2.89
2.9
0.41
1.65
3.96
0.08
3.3
0.52
1.98
4.07
1.71
3.09
3.61
1.72
1.16
3.17
4.48
2.38
3.43
3.41
3.35
3.55
2.26
0.8
3.72
2.91
4.25
3.51
4.06
4.95
2.96
4.87
2.92
4.52
3.58
0.06
4.22
4.01
2.42
4.01
3.7
0.62
3.15
0.07
0.27
0.44
2.39
4.51
0.65
3.85
2.23
3.22
3.84
4.22
3.77
0.79
1.63
2.35
1.78
1.3
4.69
1.75
1.86
0.61
4.43
3.12
4.08
1.82
4.4
2.03
4.68
0.49
2.01
3.64
3.06
3.9
3.78
1.45
2.97
1.82
1.02
1.02
1.28
4.95
0.61
1.4
1.83
2.09
1.92
3.47
1.9
3.95
3.1
2.35
4.92
1.24
2.96
1.75
2.93
2.05
2.3
3.69
3.45
4.74
1.68
0.98
2.98
3.06
0.5
2.89
3.02
0.87
3.89
3.5
1.81
2.91
4.18
2.9
1.32
0.41
3.1
3
1.46
3.73
3.13
1.91
2.32
1.08
3.31
2.92
2.52
3.65
2.74
2.86
3.05
3.94
3.33
1.42
1.93
2.69
0.79
3.69
2.21
3.45
4.1
3.86
1.23
1.93
3.01
1.3
2.3
0.68
2.49
1.63
4.23
3.8
4.99
3.5
4.78
0.11
1.67
0.65
3.67
0.46
4.45
3.74
0.26
2.23
4.96
2.91
2.32
3.46
4.17
2.59
2.79
2.26
1.45
3.86
0.88
3.72
3.05
2.38
3.68
4.09
4.66
1.82
3.02
3.83
4.46
1.85
3.68
4.11
1.85
4.33
1.83
3.8
2.97
4.8
2.64
4.11
2.37
4.95
2.4
2.98
2.15
3.18
3.49
4.09
0.37
3.6
4.48
2.73
2.23
3.65
3.1
0.2
2.17
4.81
0.55
4.67
4.62
0.08
1.86
4.11
1.4
0.22
4.76
3.05
0.82
2.38
1.17
2.24
1.39
4.92
2.01
4.91
4.76
2.52
3.79
0.24
1.44
0.27
2.28
1.11
3.87
0.77
3.05
3.83
1.27
4.99
1.76
0.86
4.36
3.75
2.53
1.11
3.58
2.74
3.57
3.38
3
2.61
4.38
0.92
3.79
1.8
2.32
2.96
4.55
0.7
3.16
1.48
4.58
4.4
1.55
0.66
4.42
2.92
3.53
3.06
0.55
0.91
0.16
2.26
3.47
4.28
0.89
4.15
4.31
3.08
4.78
3.49
2.88
3.83
3.43
3.59
2.82
1.08
0.96
4.14
4.92
0.04
2.36
2.51
3.96
2.84
2.53
4.18
4.12
0.92
4.47
0.76
2.64
1.55
2.47
0.15
3.42
3.14
2.38
4.13
4.68
3.21
5
0.05
1.02
0.07
4.46
3.22
2.43
1.75
0.27
1.09
4.68
3.75
4.57
0.27
1.06
4.24
2.66
4.89
1.42
2.3
4.98
4.25
0.62
1.95
1.49
4.64
0.17
0.06
1.76
4.12
0.57
4.18
0.27
1.07
2.01
2.36
2.28
2.43
4.76
0.28
4.03
0.56
2.84
4.97
3.29
2.09
1.53
0.51
3.49
2.81
1.88
3.32
0.32
4.7
0.52
0.63
3.42
0.27
1.1
3.65
1.48
2.02
0.7
4.5
0.03
2.16
2.64
3.5
2.03
1.19
4.42
3.83
2
1.29
3.2
2.01
1.21
3.81
1.08
0.1
0.35
3.45
2.69
4.69
3.61
0.04
1.42
3.96
4.26
2.22
0.21
3.66
4.29
2.99
3.74
1.66
3.32
1.57
1.65
1.38
1.75
2.86
0.61
1.67
2.22
2.51
2.29
3.35
2.83
0.52
1.44
1.83
1.34
2.3
3.74
0.62
2.02
3.78
3.67
4.95
0.92
2.43
2.94
3.83
2.55
0.31
4.24
1.43
0.05
0.05
4.59
1.36
0.29
4.97
4.94
3.51
2.54
1.56
3.97
0.74
3.08
1.68
2.74
3.55
3.17
3.28
4.79
2.24
4.83
0.72
4.85
3.62
3.52
1.27
3.94
3.41
3.45
1.96
2
2.73
4.82
1.49
1.36
3.31
0.98
1.22
0.44
2.3
0.16
0.88
4.11
1.37
2.03
2.26
2.26
0.1
2.03
4.97
4.86
4.78
4.97
1.17
3.33
0.3
3.37
3.54
1.9
4.33
4.86
3.9
4.59
2.88
3.52
3.81
0.12
3.02
4.1
2.61
4.75
0.42
0.83
3.64
1.24
3.96
1.47
4.81
1
3.51
2.19
0.83
0.52
1.11
2.45
1.37
2.06
2.99
4.76
2.85
4.96
3.74
2.87
1.05
3.51
2.43
4.83
1.73
3.76
3.51
1.66
3.82
4.93
4.43
3.89
1.12
3.34
1.2
2.63
1.59
2.89
3.97
2.42
1.96
4.45
2.24
1.12
3.01
4.15
4.54
0.16
2.24
2.82
0.42
2.93
3.82
1.45
1.74
3.02
0.17
4.82
1.64
1.83
3.97
0.07
2.23
4.49
3.82
3.38
1.51
0.33
4.26
2.81
1.67
0.64
4.14
2.4
1.16
2.1
1.87
4.82
0.16
0.03
0.13
1.02
4.15
3.78
2.45
2.84
1.63
3.5
0.4
4.92
1.28
2.98
0.18
0.74
3.06
3.06
4.35
1.91
3.26
1.15
3.84
2.55
0.47
3.52
2.8
4.66
4.63
4.88
3.15
1.39
2.87
4.52
3.2
0.76
4.57
3.48
2.6
3.02
2.39
3
4.09
2.16
4.95
4.56
4.54
4.23
2.92
4.15
4.41
0.78
1.98
2.1
0.46
3.55
0.91
4.57
0.68
2.98
1.39
4.32
3.02
4.25
0.6
2.04
4.41
0.68
3.08
3.73
1.57
0.74
3.92
0.55
3.8
3.81
1.82
3.92
4.12
2.93
2.8
1.79
4.02
1.79
4.21
0.79
4.4
0.44
1.73
1.98
2.47
2.28
4.73
1.36
2.85
0.25
1.34
1.91
2.4
1.31
0.44
2.74
2.71
3.77
2.9
3.46
0.7
1.88
0.86
1.39
4.31
2.61
0.62
1.29
3.97
0.21
1.31
2.76
1.67
4.05
3.62
3.2
3.46
2.21
4.41
2.2
2.86
4.13
2.43
2.45
3.99
3.78
0.11
0.83
4.25
2.22
0.28
2.54
1.15
2.79
1.5
1.61
2.59
4.84
3.57
4.95
2.54
1.62
4.44
2.55
4.42
0.44
3.86
1.98
3.75
0.77
3.85
1.4
0.48
2.9
4.53
3.95
0.15
4.36
3.93
1.91
2.98
0.7
0.59
2.33
2.2
4.88
1.89
1.96
0.08
3.73
0.1
0.76
1.99
1.32
0.21
0.01
2.28
4
3.17
1.48
3.29
1.8
0.03
0.37
4.12
3.47
0.44
3.58
4.38
3.01
2.33
0.15
2.05
0.59
0.3
3.4
3.76
2.42
4.87
4.3
2.65
1.47
1.41
3.25
2.08
3.69
0.08
3.71
3.04
4.45
4.87
3.57
1.56
2.57
2.1
2.79
1.91
2.76
4.14
1.17
0.3
2.81
2.26
0.51
1.61
4.16
0.87
4.94
0.37
2.11
0.04
2.14
4.13
1.81
0.83
2.59
3.47
0.66
1.43
3.19
0.68
1.87
4.92
1.88
4.79
3.09
0.68
0.93
4
4.33
1.63
3.55
3.92
2.22
2.09
0.92
1.94
2.93
4.84
3.45
3.39
0.37
4.81
0.36
2.27
2.59
4.07
0.94
3.26
2.88
2.83
1.12
2.22
0.03
3.2
0.2
0.53
4.44
0.53
4.18
1.55
2.53
0.17
0.89
0.77
3.17
3.02
3.59
2.75
4.1
3.57
1.57
1.77
0.72
1.18
2.93
2.38
1.25
4.58
3.34
4.81
3.89
0.57
4.31
4.8
4.31
1.78
2.88
2.64
3.38
2.22
3.56
4.46
4.5
1.78
2.24
0.95
2.01
4.31
3.91
1.89
4.84
0.84
0.39
3.22
4.83
0.37
2.4
2.15
3.05
3.79
1.62
1.16
2.97
2.17
0.16
4.88
3.76
3.38
4.47
2.16
0.88
4
4.8
1.23
2.91
3.32
0.79
4.89
2.19
1.39
4.94
2.42
4.67
0.87
3.98
4.78
4.19
4.08
3.21
3.46
4.94
0.97
4.66
4.33
1.57
0.63
0.01
3.26
1.11
1.25
0.34
0.95
2.03
0.32
0.87
4.62
0.18
2.08
1.33
4.7
3.99
3.31
4.44
0.32
3.13
0.62
4.9
1.99
3.99
0.81
3.06
1.27
4.88
1.3
4.96
2.09
4.65
0.19
1.44
0.62
1.31
0.98
1.31
3.65
2.06
4.31
0.68
1.71
4.29
1.97
1.84
2.97
0.93
0.56
3.61
1.16
4.9
2.61
4.09
2.01
4.68
0.85
3.68
3.63
1.64
0.16
2.84
2.64
1.22
4.1
2.12
0.09
1.72
4.48
4.48
0.19
1.27
3.64
2.59
3.03
4.31
0.27
0.21
4.83
4.1
2.16
3.34
4.7
1.03
3.55
1.73
3.59
4.76
0.13
3.7
2.74
2.19
0.45
1.64
1.27
3.63
0.59
2.57
1.67
3.77
3.56
1.07
2.7
1.57
4.8
0.3
4.6
3.37
0.01
4.42
2.95
3.44
0.73
3.69
0.93
1.35
0.77
2.01
1.86
4.77
2.3
4.75
4.26
1.94
2.74
1.36
4.27
4.38
0.82
4.67
0.18
3.84
1.45
4.77
0.79
0.24
3.57
3.08
3.96
4.3
1.48
4.23
2.56
4.31
0.84
1.84
3.48
3.81
2.79
3.22
0.37
3.81
2.05
2.2
0.44
0.06
1.05
4.71
3.4
4.48
4.41
2.93
4.02
3.45
0.56
2.03
2.95
1.28
4.59
1.42
1.1
3.12
4.45
0.83
4.38
2.76
2.84
2.89
1.61
1.07
3.5
0.92
0.03
3.8
1.05
4.76
3.88
0.74
4.25
0.06
2.82
1.43
3.53
2.66
4.76
4.98
1.71
1.39
3.52
3.67
1.24
0.54
3.04
2.9
2.17
3.84
2.6
2.12
0.72
4.45
4.48
0.61
2.34
1.84
1.3
1.29
1.34
1.28
4.84
1.62
3.45
1.94
4.52
1.32
0.03
3.56
3.03
2.59
4.37
0.64
2.1
3.02
4.31
4.94
3.62
2.54
4.88
4.57
1.78
0.87
4.69
2.29
1.61
2.41
4.37
0.95
2.8
4.22
4.2
3.3
3.27
3.3
2.28
0.74
1.85
4.92
3.72
4.52
2.86
4.11
1.75
3.53
3.48
4.86
3.55
2.73
0.36
4.82
1.26
0.4
3
1.68
1.65
1.77
4.12
1.62
1.63
3.62
2.1
1.97
3.64
3.96
1.47
4.67
1.39
4.79
4.94
2.46
2.37
3.39
3.62
3.83
1.74
4.3
1.02
4.74
2.16
4.74
0.08
0.51
0.07
3.19
4.7
0.1
1.4
0.91
3.94
0.39
3.09
3.26
4.44
1.78
2.35
2.43
2.27
2.53
4.53
2.57
2.61
0.97
0.04
1.01
2.24
4.73
0.66
2.48
0.81
0.32
4.17
3.34
3.77
1.73
2.2
3.15
2.48
0.58
2.15
0.8
2.01
2.44
0.84
4.08
2.6
4.82
2.34
0.66
1.81
1.51
3.04
3.02
1.36
0.03
2.92
2.15
2.33
0.27
4.08
3.2
3.45
1.73
4.03
2.96
2.81
1.48
1.6
4.49
3.74
4.57
0.48
4.44
4.11
2.23
1.91
0.87
0.54
4.46
3
3.08
0.7
2.9
4.09
2.03
2.35
2.07
3.29
2.29
2.22
4.27
1.51
3.97
3.61
4.5
4.1
1.79
3.55
3.01
3.94
3.51
3.58
0.39
0.93
0.58
3.47
3.08
0.91
2.5
2.87
2.69
3.41
1.44
3.95
1.98
0.03
2.55
1.8
2.65
3.46
4.56
4.28
1
1.56
2.03
0.75
2.77
2
1.08
1.97
2.6
0.71
0.77
4.16
3.57
0.3
2.6
2.49
4.25
1.85
2.08
1.15
4.94
0.22
3.48
1.68
1.91
2.93
3.59
3.61
2.18
2.06
2.94
2.73
2.79
0.58
2.8
3
0.73
3.53
2.58
2.09
0.17
2.68
2.64
1.3
2.17
2.46
1.61
2.06
0.19
2.62
3.45
1.01
4.33
0.84
0.47
3.49
4.76
1.37
3.21
2.19
3.49
4.66
0.53
3.35
4.29
4.68
0.64
0.17
3.64
2.69
1.42
1
2.07
4.28
3.9
1.01
2.31
2.86
2.1
3.19
3.96
2.4
1.83
3.59
0.81
1.6
3.75
3.74
3.51
3.6
0.71
1.19
4.58
0.52
2.74
1.47
0.88
4.94
0.24
2.3
2.9
0.37
4.76
0.9
4.62
0.06
1.19
1.1
1.39
4.09
3.25
4.81
0.5
1.52
4.37
1.71
0.86
3.44
2.77
4.62
2.62
3.95
1.5
3.53
0.67
4.39
4.43
1.62
0.72
1.45
1.37
4.96
4.92
0.66
4.44
3.39
0.43
1
3.35
0.81
2.28
1.66
1.98
1.97
1.93
1.7
4.5
3.75
2.4
2.4
4.76
4.16
1.3
3.46
0.13
3.75
3.24
2.5
0.17
2.51
0.04
3.13
4.86
1.53
3.66
0.49
4.24
4.47
2.43
0.24
1.96
0.29
1.78
0.49
1.17
0.57
4.55
1.77
1.98
4.98
3.71
4.23
1.64
0.69
3.34
0.65
0.7
3.63
0.95
4.91
1.55
0.67
1.91
3.19
4.79
2.73
4.74
4.76
3.58
4.46
1.96
4.25
2.12
1
4.35
1.88
2.64
0.03
1.92
0.34
2.77
3.7
3.4
1.79
1.32
1.83
1.72
3.97
4.51
3.64
2.32
1.44
4.21
1.43
3.86
2.22
3.93
4.41
2.36
4.4
1.09
2.1
3.42
0.12
0.03
4.56
4.71
4.95
4.28
1.63
1.73
4.02
3.78
0.07
1.78
1.85
2.72
0.5
4.86
2.81
0.51
1.47
2.07
3.55
