2.75
0.28
1.87
1.28
1.14
1.11
0.7
1.3
3.9
4.91
2.21
2.61
3.84
3.36
3.93
3.56
0.46
4.42
4.18
1.08
4.82
1.98
2.37
1.86
0.16
2
3.8
3.8
4.4
4.56
1.86
5
4.03
0.44
4.19
3.4
1.92
1.19
1.52
1.22
4.1
1.39
1.23
1.22
1.84
2.48
0.65
3.49
3.58
1.83
2.16
4.37
2.99
4.09
0.45
1.46
4.69
1.61
2.71
2.95
0.66
1.33
3.81
2.62
2.87
1.93
0.94
0.44
1.86
1.08
1.83
3.7
3.6
0.08
1.93
0.23
3.39
3.3
1.88
3.72
2.95
0.66
2.88
3.37
3.21
1.75
0.38
2.5
1.16
2.86
3.05
1.46
3.45
2.59
2.66
4.17
3.64
2.92
3.17
3.26
0.41
3.04
4.7
3.84
0.25
1.67
3.53
4.35
4.18
3.45
2.13
3.91
4.48
0.74
4.64
1.76
1.3
3.52
1.29
1.73
2.39
2.32
0.31
0.91
4.71
0.02
0.65
3.33
2.76
3.2
4.69
4.25
1.25
3.11
0.68
4.52
0.73
1.35
4.43
1.14
3.65
3.31
3.7
4.06
4.76
4.52
4.59
0.57
3.36
1.28
1.33
2.41
2.86
2.01
3.68
2.81
2.13
0.34
0.54
2.97
3.73
0.02
1.08
4.2
0.66
3.23
1.2
3.36
2.5
2.09
2.06
4.04
3.82
1.98
3.43
2.99
0.58
3.31
3.85
2.82
4.25
2.22
2.47
4.73
3.38
3.18
0.82
3.02
3.7
4.73
1.74
1.12
1.39
4.46
4.88
2.87
4.06
2.87
4.69
0.81
3.06
3.38
1.36
0.72
0.47
1.32
1.28
2.04
1.04
0.23
4.05
1.04
3.95
3.29
4.07
0.3
1.38
2.37
1.93
2.53
1.87
2.3
0.78
4.59
2.25
4.18
3.65
2.54
1.43
4.21
1.89
0.55
2.8
3.58
3.39
3.44
4.63
0.61
4.78
1.63
2.2
0.14
2.97
0.94
3.95
2
0.43
0.4
3.88
0.08
1.74
4.8
1.48
3.85
1.95
4.44
4.02
0.52
0.74
0.5
1.47
4.59
0.35
1.53
2.9
4.71
4.12
0.48
4.66
2.2
1.38
0.5
3.61
3.25
0.85
3.61
0.25
3.59
2.34
0.76
1.57
1.19
1.44
3.22
4.83
0.08
0.28
4.47
1.74
2.38
2.18
1.16
0.64
2.92
4.15
4.47
2.52
0.46
2.13
1.34
1.52
2.8
4.27
4.66
4.59
2.38
0.78
2.57
3.06
4.71
4.52
3.17
3.31
2.08
1.96
0.54
4.03
4.04
3.88
1.9
0.17
4.03
2.46
0.64
1.28
3.7
1.8
3.65
1.33
4.09
1.11
2.67
3.27
2.63
2.77
4.16
3.12
4.93
3.69
0.27
4.41
0.9
2.56
0.73
2.75
0.76
1.53
1.29
4.14
0.66
4.09
0.12
4.03
2.48
4.5
1.82
4.43
1.14
4.34
4.8
2.45
0.59
3
1.17
0.05
2.44
4.17
3.11
1.32
0.01
1.31
4.44
1.98
2.6
0.39
0.66
4.53
4.73
4.12
4.58
2.41
1.74
0.75
0.27
0.17
1.95
3.22
2.69
3.38
0.13
0.61
0.52
1.86
2.24
0.89
0.39
3.41
2.79
1.3
2.23
1.47
4.41
1.28
1.57
4.44
4.4
1.65
0.16
2.82
0.9
0.53
3.03
1.64
0.83
4.06
2.1
4.76
0.33
4.97
4.4
2.75
1.02
4.63
0.89
3.87
2.88
1.56
2.74
3.2
1.84
1.01
0.93
4.54
0.48
0.02
0.9
0.28
0.56
4.89
4.32
0.44
3.46
3.89
1.9
4.82
2.08
2.29
4.57
2.95
2.91
2.9
3.5
1.34
3.29
3.83
2.06
0.44
0.51
2.1
0.76
0.01
0.01
4.36
1.72
0.77
2.15
1.55
2.67
4.04
3.66
0.37
4.26
4.28
0.7
2.12
2.05
0.24
1.41
3.75
4.17
3.8
4.84
4.64
0.04
0.46
0.61
2.55
0.1
4.21
4.93
3.31
3.59
4.79
1.26
4.92
0.36
2.26
3.4
4.97
3.92
2.24
2.17
1.88
3.72
2.26
3.32
0.75
4.65
3.05
2.95
0.42
3.55
3.22
1.15
1.42
4.5
4.58
2.35
3.13
1.36
1.46
3.51
0.37
0.53
0.86
1.42
2.09
4.16
3.15
3.56
1.02
4.6
1.02
1.78
3.31
3.97
4.67
2.67
3.2
0.47
0.34
2.44
2.24
0.35
1.52
2.78
2.92
1.47
3.99
4.72
3.12
3.97
2.61
2.6
0.86
2.44
4.62
3.77
4.67
3.62
3.28
3.41
2.31
0.58
4.43
2.16
1.01
2.63
4.2
0.16
1.52
3.28
1.97
0.76
3.98
3.51
3.53
3.45
4
1.82
0.01
4.28
2.87
0.29
2.43
0.02
2.37
4.1
2.27
4.95
0.49
2.29
0.26
2.46
4.24
0.49
3.39
1.72
4.56
4.61
2.72
0.95
0.39
3.5
1.47
3.97
1.87
1.49
4.82
3.41
1.97
2.59
1
2
3.58
4.42
0.21
0.04
2.53
2.53
3.83
4.78
1.49
3.13
3.32
3.14
2.69
3.41
3.33
4.76
1.24
0.72
1.42
3.66
1.53
5
0.33
4.95
0.94
0.29
1.9
2.63
3.3
4.76
0.18
0.52
1.82
2.3
4.85
0.83
2.79
2.25
1.81
0.16
0.54
2.47
4.19
2.04
2.52
2.88
0.71
2.5
1.98
3.04
2.2
2.94
3.42
0.74
1.64
3.28
3.55
2.84
3.11
0.03
4.88
3.93
2.86
4.47
3.45
2.35
4.25
0.26
0.33
0.81
3.53
2.18
4.6
0.35
2.17
1.82
3.72
2.89
4.3
4.15
1.68
3.33
2.24
4.03
4.57
0.93
3.74
0.65
4.9
4.53
1.31
4.26
0.6
2.77
4.04
0.97
4.24
4.95
2.42
3.37
3.56
0.93
3.38
1.14
4.96
1.94
3.76
1.04
2.84
1.37
4.71
3.69
3.24
3.55
0.77
1.13
2.47
2.39
1.4
2.1
3.01
1.76
3.07
2.86
4.6
1.08
3.6
0.41
4.46
3.37
0.13
4.07
1.18
4.46
4.94
4.94
4.51
4.28
3.46
4.93
4.2
0.64
2.65
3.68
4.58
3.08
3.4
3.61
0.81
4
0.46
3.33
3.15
2.97
2.63
3.14
0.61
0.2
1.94
3.82
0.27
1.52
2.53
1.55
1.25
4.46
2.59
1.45
3.64
2.81
2.35
1.93
0.98
4.78
0.86
1.21
2.24
4.97
0.54
5
4.52
3.46
1.59
2.59
1.12
2.82
3.91
1.84
2.34
3.94
2.18
1.95
3.82
3.5
1.57
3.74
0.23
3.2
4.89
3.01
0.41
0.94
3.28
3.62
3.67
3.91
1.67
2.62
4.92
3.04
2.17
2.05
2.19
0.4
2.29
0.32
0.61
1.79
1.46
4.42
4.13
0.84
3.32
4.49
0.83
0.8
1.5
2.16
1.56
3.43
3.21
1.06
2.28
4.1
2.02
3
1.05
2.67
2.7
4.05
4.61
0.45
2.97
4.03
3.62
4.89
1.34
2
1.9
3.62
4.99
3.61
2.39
2.63
0.63
1.56
2.61
0.22
3.3
4.34
4.83
1.4
2.97
0.37
2.99
0.76
4.7
3.71
3.57
1.62
4.98
3.94
3.01
4.54
0.12
0.78
2.71
3.15
3.88
0.67
0.3
1.39
2.31
0.85
0.05
0.02
3.54
2.65
3.91
3.61
0.56
3.93
2.14
4.48
1.36
4.66
3.65
1.99
0.04
4.99
0.76
4.03
0.89
1.81
2.08
0.23
2.43
4.21
1.92
1.75
0.96
1.21
4.39
4.15
2.95
1.91
1.51
1.77
3.48
2.91
2.05
4.99
0.48
2.79
0.96
1.33
4.29
1.04
3.64
1.24
1.95
4.3
2.52
4.35
4.82
1.59
0.12
1.43
2.47
0.37
4.23
2.55
4.75
1.72
1.47
1.47
0.66
4.63
1.88
4.99
0.2
0.82
1.91
3.83
3.25
4.52
3.74
0.33
3.39
3.77
3.11
2.93
0.16
0.26
2.12
3.28
0.64
3.83
2.76
1.41
3.63
0.53
4.18
3.77
2.16
1.72
2.92
3.93
0.7
0.01
1.39
1.28
1.19
0.01
3.79
2.5
0.22
4.93
0.43
3.87
2.7
2.78
1.93
3.42
0.55
2.25
1.23
1.9
2.6
3.61
3.79
4.61
1.06
1.67
1.69
4.69
3.82
2.82
0.38
2.53
3.39
3.9
1.15
0.44
1.95
3.01
4.77
2.4
0.85
2.75
2.14
2.06
1.43
4.58
1.12
2.01
2.27
2.46
1.33
0.44
1.48
3.07
1.97
0.55
4.02
2.39
0.23
1.17
4.08
1.63
3.85
2.57
4.45
0.43
4.75
3.69
0.28
1.89
1.51
0.65
4.91
2.32
1.92
1.6
3.27
1.35
2.56
3.18
4.43
2.95
0.08
4.74
0.74
3.98
2.13
1.88
2.04
0.89
0.74
0.24
4.22
1.4
3.01
0.12
4.42
4.5
0.82
2.37
1.35
3.19
4.34
2.85
3.38
2.53
0.6
4.77
0.83
2.91
1.09
3.18
1.61
1.65
2.31
0.38
2.39
1.7
3.74
0.27
1.33
3.64
0.67
2.68
4.06
0.75
4.5
2.46
0.6
1.78
1.15
0.45
1.76
3.75
4.26
4.37
1.89
1.92
4.78
0.78
0.85
4.28
4.84
3.66
0.65
1.69
1.46
1.75
4.96
1.89
4.81
0.73
2.34
1.67
1.97
1.6
4.68
4.04
1.25
3.49
2.88
3.66
1.18
3.5
1.78
4.88
3.09
0.14
2.13
2.2
2.34
4.19
2.88
2.64
4.99
4.35
4.54
3.17
2.42
2.2
2.11
1.5
0.04
1.22
1.12
1.12
1.07
4.75
0.34
1.1
2.94
4.64
4.18
2.94
4.35
1.06
1.09
2.12
3.4
0.69
3.69
1.54
2.61
2.45
1.41
2.18
1.1
3.09
2.47
0.99
2.08
3.54
3.84
2.13
0.84
2.88
2.78
0.83
0.77
2.21
3.63
3.92
4.61
4.61
1.09
4.86
0.83
2
1.08
4.09
4.85
3.41
2.67
1.36
3.38
0.28
2.8
2.05
1.98
2.51
2.46
1.88
4.88
0.34
0.96
3.83
2.33
4.52
3.43
3.01
1.12
4.51
3.11
4.75
4.42
1.72
3.16
0.59
1.62
4.44
4.64
2.74
3.07
0.9
0.99
0.17
0.94
4.51
2.98
2.6
3.23
1.76
3.86
4.53
2.35
2.86
2.63
2.28
2.77
0.85
0.78
3.18
3.87
4.36
3.02
3.73
0.79
4.37
3.14
0.86
1.91
1.39
1.8
1.04
3.99
3.89
3.87
1
0.58
2.98
1
4.2
1.78
1.64
2.33
3.21
2.77
4.66
0.97
4.9
2.28
3.55
1.39
2.66
1.24
1.67
2.52
2.1
1.89
1.33
2.51
3.92
2
3.77
0.22
2.57
2.93
2.93
1.96
4.79
2.26
4.68
3.4
1.15
3.64
0.87
3.84
1.34
1.13
3.07
0.82
4.2
1.44
3.11
4.66
0.09
4.61
3.89
4.39
0.64
1.98
0.74
3.7
1.87
2.2
4.45
3.86
3.92
3.55
1.14
2.58
3.76
2.96
2.42
0.01
4.87
4.48
2.62
1
2.98
2.66
3.57
1.02
4.23
3.99
2.4
1.62
3.85
3.88
1.62
2.8
2.95
4.74
4.04
3.18
1
4.49
1.78
4.76
3.26
2.51
0.28
0.84
0.22
3.92
0.1
3.55
0.09
2.62
1.36
2.1
2.63
1.37
1.12
3.58
3.67
0.98
0.48
3.29
2.1
3.57
2.81
4.9
5
4.19
4.22
0.4
1.63
1.79
1
3.75
4.64
2.78
4.37
4.75
1.29
4.89
2.62
2.43
0.78
2.57
3.2
0.46
0.97
4.34
0.88
0.89
3.73
0.58
1.7
0.84
4.48
3.29
1.6
4.54
2.82
0.66
1.95
1.35
3.3
3.6
2.42
1.16
4.17
3.91
2.9
4.08
2.51
0.74
3.58
4.52
2.25
2.55
1.81
2.77
1.68
2.13
2.84
1.72
3.2
1.76
0.59
2.79
0.48
2.38
0.61
4.77
2.41
2.99
3.16
0.16
3.41
0.96
0.23
2.73
1.11
1.71
2.67
4.92
1.22
0.62
1.65
1.23
2.55
3.01
1.79
1.78
3.86
0.37
2.88
1.24
3.8
4.95
0.95
1.09
0.55
4.92
2.77
0.91
1.9
1.23
3.56
4.46
0.28
1.01
2.75
4
4.24
0.89
1.36
0.55
2.7
2.83
0.64
1.69
0.75
1.16
0.36
1.44
2.39
0.71
0.9
1.21
4.8
4.94
2
2.85
0.91
2.08
3.07
1.63
2.66
3.78
4.94
0.97
3.71
3.1
1.53
1.27
1.73
2.58
1.97
2.15
0.55
0.68
0.2
1.12
4.63
4.88
2.57
1.71
3.62
2.73
0.85
2.68
2.24
1.77
3.44
4.74
0.82
2.25
1.78
4.65
4.44
2.39
4.83
3.18
3.7
2.81
2.85
1.02
1.9
4.99
4.16
0.64
4.96
2.9
1.91
3.55
3.87
1.28
3.26
1.68
0.23
4.2
1.14
3.44
3.8
1.72
0.32
0.03
4.96
4.59
3.8
1.78
1.63
3.48
1.13
0.11
1.02
4.61
1.68
4.23
2.77
2.49
0.3
2.03
0.25
3.95
1.61
0.18
3.26
3.79
2.29
1.15
1.28
4.75
0.21
4.86
2.01
1.41
5
2.65
3.4
3.61
4.95
0.4
2.2
0.23
0.91
2.1
1.82
4.03
3.6
1.29
0.54
1.5
4.44
0.37
3.77
1.78
2.48
4.86
4.5
4.61
2.46
2.87
4.38
3.54
3.85
1.19
3.94
0.1
3.34
2.25
2.12
4.21
1.95
0.55
1.15
3.43
0.98
3.13
4.97
1.96
1.58
2.52
1.83
0.12
1.38
3.16
2.6
3.23
2.56
2.19
3.88
4.98
1.23
3.03
4.77
3.33
1.65
4.61
4.4
0.49
1.22
3.59
4.74
1.47
2.18
3.72
4.81
1.02
3.2
1.98
3.71
2.29
0.4
0.54
3.6
1.09
3.26
2.66
2.4
1.47
2.47
3.79
4.3
4.81
3.69
3.94
2.97
2.75
2.22
3.01
4.79
4.26
4.56
2.4
1.9
1.07
4.92
1.58
3.03
1.65
2.08
3.61
4.3
0.63
3.35
4.54
0.84
1.31
4.36
1.75
4.07
4.35
1.15
2.24
2.71
0.32
1.55
2.85
3.05
3.15
4.98
1.88
2.35
2.19
0.42
1.66
3.98
1.15
2.59
0.06
0.23
1.65
3.95
4.23
3.4
2.4
3.59
2.83
4.56
3.05
1.44
1.16
2.89
4.49
2.52
0.59
4.64
4.66
0.83
1.59
4.78
0.66
4.98
3.53
2.18
2.78
4.93
2.27
1.11
2.63
4.68
2.43
3.36
1.44
2.39
1.06
3.66
3.37
2.97
0.87
0.47
1.54
0.72
4.82
3.39
2.4
1.44
5
1.25
2.96
1.1
3.67
0.9
3.26
1.5
4.33
2.46
4.63
2.15
0.34
4.76
0.98
2.24
4.09
0.41
4.17
3.73
1.34
2.2
4.84
2.37
1.5
1.5
3.79
2.67
2.35
3.92
3.42
0.68
2.55
0.3
1.7
4.72
4.41
1.38
4.34
2.6
3.29
2.22
0.93
1.31
2.95
4.56
4.05
0.22
0.45
0.33
4.73
2.63
1.04
1.61
3.38
0.25
2.73
1.47
0.54
4.7
1.25
1.17
3.71
4.38
2.23
1.42
2.85
2.11
2.19
2.68
1.14
4.78
3.26
4.62
3.74
3.71
2.19
0.15
1.49
1.28
3.5
0.38
4.67
4.04
3.31
1.67
3.16
4.74
0.16
3.2
3.6
1.04
2.78
0.71
0.38
0.54
0.39
3.89
0.89
2.11
4.16
1.51
4.82
1.81
2.48
2.28
0.11
2.92
3.31
2.13
1.26
1.32
0.95
4.85
0.87
0.15
3.33
1.54
3.91
0.56
3.34
2.82
3.22
1.84
3.16
4.86
0.84
4.32
0.97
2.34
4.04
1.84
3.06
0.76
0.42
3.2
3.17
1.57
4.34
2.42
4.41
1.54
2.78
4.51
1.63
4.12
1.12
1.6
2.18
2.98
1.8
4.68
0.07
0.54
1.43
4.39
4.71
2.68
2.69
4.29
3.87
2.2
0.71
4.54
3.14
2.68
3.38
2.95
0.18
0.94
0.86
2.74
2.08
1.59
0.02
1.11
4.61
3.41
0.85
4.31
3.15
1.92
3.95
4.7
1.53
3.6
0.44
4.95
2.57
4.06
1.51
4.64
1.46
1.54
4.34
2.57
1.82
0.26
1.23
3.71
4.11
0.31
2.64
1.7
4.63
2.38
0.19
1.95
0.75
3.23
2.47
0.91
4.7
3.69
1.4
0.79
3.65
3.87
2.27
3.18
0.35
1.56
2.98
4.23
1.45
1.87
4.59
0.97
2.09
4.73
0.19
3.01
0.44
4.38
4.01
4.38
4.89
0.18
1.69
0.42
3.78
3.6
4.85
4.02
2.57
4.64
4.13
0.03
2.58
4.96
1.76
1.8
2.23
2.12
0.61
3.6
3.38
2.27
1.19
3.36
4.68
2.39
2.61
3.66
2.5
0.05
4.54
0.1
2.29
4.05
1.71
0.7
0.72
4.4
3.72
1.2
2.22
1.81
4.25
2.75
2.61
4.75
0.64
0.1
4.79
2.93
0.38
0.72
2.77
3.65
1.91
2.89
0.37
4.05
1.64
4.78
0.16
3.85
4.28
4.26
4.66
1.74
0.7
3.22
4.66
0.3
1.35
1.65
2.93
4.48
2.07
1.5
0.05
0.65
2.15
3.53
3.62
0.5
1.16
2.62
4.18
3.63
2.49
2.83
2.59
1.61
0.32
2.82
4.05
3.12
2.16
4.39
2.55
3.87
4.16
0.95
0.07
2.88
3.78
0.22
3.75
4.95
4.42
1.87
0.63
0.87
4.14
1.99
3.05
4.32
1.51
3.43
2.93
1.07
3.33
3.17
2.99
3.79
1.46
1.04
1.42
0.56
1.7
0.58
2.43
0.99
3.17
1.2
1.06
0.03
2.95
1.42
4.22
4.2
1.56
3.5
3.7
2.59
2.36
3.59
4.69
1.47
1.09
3.66
2.14
4.73
4.1
1.69
3.52
2.73
1.36
4.27
4.5
1.86
4.23
0.27
1.86
1.33
4.48
3.38
1.15
2.37
1.31
4.52
1.82
0.64
4.94
0.57
2.04
2.67
0.77
1.85
3.63
4.08
2.85
0.26
2.81
0.61
1.04
2.77
3.34
2.05
2.38
2.48
4.06
2.69
4.8
1.89
0.81
3.27
2.05
3.23
1.88
2.86
1.73
2.56
3.19
1.36
4.86
4.74
1.17
3.39
0.7
4.48
1.95
1.76
1.13
4.89
2.89
1.22
2.19
4.22
4.09
3.64
4.76
1.9
3.78
2.4
2.9
3.69
3.19
0.97
3.61
1.92
1.44
3.91
2.64
3.23
1.58
0.71
1.09
0.7
0.55
0.31
2.34
1.5
2.33
4.56
2.14
1.58
0.35
1.62
1.14
4.64
0.23
5
0.46
4.55
3.09
1.55
3.86
4.71
3.07
1.98
0.17
1.99
0.02
0.89
1.58
1.07
4.63
3.47
2.8
0.22
2.73
2.29
0.19
4.84
2.14
0.11
0.93
4.23
4.33
3.99
3.04
2
1.77
3.34
0.3
2.21
0.1
2
0.89
3.45
1.62
4.08
4.98
1.25
1.07
3.38
2.3
4.42
0.25
2.72
3.22
1.3
3.99
0.83
0.88
1.82
2.54
2.12
4.42
3.86
0.31
3.15
0.85
1.56
3.58
0.67
4.94
2.41
2.76
0.93
3.4
1.09
1.5
3.44
1.93
0.59
4.92
4.72
4.03
4.14
3.18
3.65
2.27
4.25
2.23
3.64
4.52
4.43
2.9
4.07
2.17
4.35
2.76
3.69
0.42
2.22
2.35
1.41
4.95
2.19
5
1.81
3.62
3.56
4.91
2.48
4.46
3.44
4.29
3.47
3.01
1.36
1.41
4.53
3.45
2.07
4.88
4.91
2.91
4.17
2.14
0.7
1.24
2.97
0.75
1
3.13
3.3
2.47
4.02
1.33
3.28
1.98
2.57
1.74
1.19
2.54
3.73
1.06
3.03
1.96
0.73
1.29
1.71
1.4
4.91
2.69
0.72
0.35
1.19
4.59
4.08
2.61
0.65
3.31
1.71
0.14
4.34
0.84
0.04
4.11
1.46
0.03
4.2
1.99
3.56
3.03
4.16
2.42
1.85
3.9
2.69
4.07
1.85
2.12
2.71
3.78
4.73
4.6
1.76
2.13
2.8
0.5
3.98
3.25
2.4
4.66
0.34
1.42
0.72
2.81
4.1
2.05
1.36
0.81
3.67
0.07
4.56
4.86
0.1
3.85
1.04
1.27
3.65
4.16
3.45
4.44
1.01
2.06
4.46
0.85
2.69
