3.83
4.92
3.63
0.01
0.9
4.78
3.13
3
1.55
0.86
0.09
3.73
2.87
2.76
3.46
0.34
0.29
3.69
3.95
1.73
1.43
1.2
1.93
3.44
2.41
4.62
0.73
1.41
2.58
3.3
0.93
1.05
1.5
0.33
3.67
1.03
3.19
2.4
4.12
4.96
2.81
4.38
3.81
4.52
1.12
0.07
0.17
3.23
1.62
3.86
0.55
0.53
3.88
1.89
2.4
1.04
4.88
1.14
1.66
4.31
1.54
1.7
2.2
0.94
0.01
3.07
4.82
4.71
0.96
1.85
3.22
2.89
0.87
1.03
4.24
2.14
4.74
3.13
3.1
0.53
4.7
2.7
4.51
4.2
4.37
0.18
4.5
4.87
0.45
4.09
1.62
1.08
3.12
2.3
3.94
0.6
4.48
2.48
1.58
1.68
3.46
1.19
0.84
1.86
0.84
1.14
3.99
0.54
1.9
2.68
3.96
2.95
4.82
3.75
3.28
1.25
1.23
4.93
4.73
2.58
1.66
3.6
4.43
0.19
2.97
1.36
2.1
1.72
3.44
3.6
4.24
2.31
2.59
2.66
2.55
3.33
2.89
4.07
3.19
4.32
1.1
4.41
0.48
4.15
3.98
4.39
1.18
1.98
3.76
4.33
4.66
0.29
1.88
3.61
0.15
0.99
1.27
4.06
2.59
4.75
0.82
3.24
1.25
4.9
0.62
4.88
4.51
0.47
0.42
2.84
3.44
2.34
3.56
3.51
3.48
1.94
1.05
0.65
3.5
0.19
4.99
1.57
4.42
1.54
4.71
1.21
3.97
2.66
1.47
1.97
0.59
2.82
3.11
4.05
2.23
1.1
4.11
3.3
3.58
3.33
1.36
2.44
3.06
0.57
2.83
4.47
3.81
2.78
3.41
3.7
4.02
1.03
3.64
0.89
4.67
1.16
1.69
3.31
4.9
3.92
2.27
2.61
2.92
4.55
2.1
4.9
0.09
4.69
4.25
1.37
0.15
4.87
4.23
2.88
3.12
0.09
0.18
4.85
0.7
3.3
3.14
4.93
2
1.83
3.17
1.54
3.04
2.26
3.71
1.42
3.9
3.43
4.09
3.66
1.63
0.67
0.8
1.5
4.41
4.98
4
0.36
4.12
4.76
1.33
1.6
2.85
1.16
3.04
2.3
3.24
4.4
2.88
2.38
0.77
3.71
0.01
1.06
1.64
2.33
4.84
3.46
2.43
1.45
3.59
3.63
2.57
0.13
3.02
2.67
2.69
3.33
1.34
2.46
0.06
0.48
2.02
0.01
1.08
4.26
2.03
1.89
4.53
0.59
0.09
4.09
0.88
0.67
0.58
0.52
4.61
1.66
4.61
2.72
0.21
4.12
2.45
0.12
2.71
3.93
1.5
3.54
3.54
1.11
1.18
4.84
4.73
2
4.89
2.24
2.17
4.4
2.34
4.39
3.48
3.48
0.58
3.36
2.06
0.19
2.42
0.94
3.81
0.04
1.44
0.66
4.39
4.57
4.04
2.54
0.83
4.79
2.34
4.97
4.6
2.02
2.88
3.51
4.62
3.48
0.27
4.85
2.51
3.56
3.58
2.36
1.3
2.31
1.87
3.85
0.93
1.18
4.42
2.32
3.58
0.79
1.88
0.55
3.7
2.93
1.48
4.78
4.14
1.34
0.62
4.22
3.75
2.7
2.13
4.04
4.35
4.62
1.79
0.54
3.61
3.47
0.66
1.62
2.73
0.59
1.14
3.23
4.57
3.18
4.61
4.55
1.01
0.3
3.91
3.8
0.05
0.84
0.54
3.84
2.31
0.84
4.41
2.38
0.33
1.48
3.26
3.44
4.37
3.16
0.25
3.7
4.49
4.75
4.1
1.3
3.08
1.23
1.72
4.2
0.63
0.18
4.27
3.02
1.86
4.62
4.19
1.49
2.07
2.42
1.65
3.25
4.05
1.22
1.98
4.78
2.13
0.24
2.32
0.72
0.27
3.28
3.4
1.87
1.27
2.22
0.62
4.85
2.02
4.54
0.77
0.28
2.25
0.9
3.85
2.82
2.21
4.6
2.72
4.04
1.78
1.59
2.76
4.39
2.84
2.45
0.84
1.33
1.29
2.12
3.7
3.44
2.86
4.41
2.18
1.96
0.67
1.21
2.76
2.51
0.18
3.73
4.82
0.91
2.62
1.55
4.35
4.97
0.31
4.19
2.26
3.19
1.6
3.36
0.14
1.49
4.3
1.21
2.41
0.08
2.63
2.78
4.68
0.62
4.69
3.34
2.66
3.08
1.09
2.92
4.55
4.45
1.95
3.15
0.73
2.78
1.2
2.35
4.99
3.08
3.99
1.55
0.72
3.88
4.45
0.98
2.5
4.18
2.16
2.99
3.78
1.96
3.59
4
3.38
2.91
2.99
2.18
2.91
4.69
1.44
1.18
0.66
1.1
1.96
2.22
1.7
4.59
0.46
4.42
0.85
0.36
2.3
2.77
1.24
0.96
1.33
3.22
1.13
3.82
3.1
4.4
2.84
1.93
3.4
2.31
1.38
1.83
1.12
0.5
1.93
1.65
0.75
3.96
1.5
1.5
2.16
3.47
3.43
0.98
2.74
3.44
2.26
0.39
0.81
0.72
2.74
2.68
4.26
2.83
3.04
3.71
1.15
3.76
2.63
0.24
0.58
1.59
3.81
0.04
0.69
1.64
0.7
3.69
2.51
0.78
2.44
1.83
0.45
0.14
2.21
3.39
2.68
1.47
2.26
1.74
0.9
3.73
1.29
4.42
1.83
1.82
1.47
0.7
1.37
0.46
4.18
2.2
2.19
0.96
0.69
1.48
0.12
2.78
3.23
2.92
4.54
2.01
4.87
4.64
0.84
0.84
4.66
4.64
0.6
0.6
3.88
4.15
4.72
2.51
4.98
4.7
2.76
1.09
0.63
4.91
3.72
2.24
1.61
0.42
0.72
2.34
1.67
2.41
4.59
3.69
0.6
2.99
4.72
4.08
1.02
2.7
4.13
0.12
3.1
4.53
2.57
2.88
0.26
4.67
0.06
2.18
3.02
2.96
4.68
1.06
3.98
1.46
0.74
0.52
2.41
3.58
3.46
0.69
2.35
2.38
2.89
0.01
1.4
3.04
2.18
4.1
2.86
4.18
4.06
3.22
1.19
2.21
0.65
0.32
1.04
3.28
4.98
2.56
0.66
0.58
3.88
1.45
1.51
4.27
1.66
1.12
4.49
1.51
2.43
0.42
3.78
3.3
0.76
0.38
1.75
0.15
0.19
2.97
2.48
2
3.45
4.39
2.9
0.59
4.58
2.68
3.33
2.69
0.14
4.14
1.49
1.53
4.93
3.43
1.16
0.25
0.04
0.2
2.96
2.89
4.54
2.61
3.12
3.9
1.4
1.46
3.97
4.71
0.6
1.22
4.96
0.52
4.72
4.89
2.44
1.03
1.43
0.19
0.58
3.66
4.83
3.81
3.69
0.8
1.34
3.53
3.37
3.94
0.5
0.04
1.99
1.81
3.2
3.67
4.94
0.22
0.98
4.97
4.83
3.53
0.66
0.93
1.27
3.81
0.65
4.36
2.36
3.65
2
2.3
2.51
4.09
2.14
2.11
3.95
3.92
3.08
3.43
1.14
1.37
3.84
0.71
0.41
5
3.54
4.32
2.56
1.66
2.15
4.57
4.96
1.53
3.92
4.11
2.21
1.35
0.83
3.62
1.17
2.18
2.16
3.32
0.67
4.85
2.37
2.68
2.39
2.47
0.36
1.35
0.58
4.14
2.37
3.72
0.77
1.84
3.9
0.91
4.25
3.8
1.24
3.3
2.43
0.92
4.12
2.37
0.79
0.6
2.42
2.16
0.76
0.1
0.59
4.73
2.49
1.03
4.78
2.5
4.81
1.89
4.45
4.41
3.47
3.34
3.95
2.75
0.9
4.09
1.88
0.69
2.53
1.64
2.99
4.86
2.93
4.6
4.74
1.41
3.75
4.45
2.95
4.23
4.37
2.55
3.36
1.94
3.36
3.82
2.38
4.23
2.97
1.16
1.56
2.7
3.4
0.28
0.36
0.56
4.06
0.23
4.28
4.11
4.35
3.99
1.38
0.81
2.04
1.51
1.24
3.76
1.87
3.95
4.68
4.25
0.49
4.72
1.37
0.45
0.08
4.02
5
1.36
3.31
4.12
4.26
3.13
2.56
1.56
0.42
2.86
3.3
4.83
2.18
0.44
1.27
4.66
3.74
0.93
1.97
3.97
4.98
1.51
2.76
1.85
1.96
3.18
0.05
4.08
3.34
1.61
4.74
3.7
1.44
3.71
0.24
1.88
2.88
3.47
1.32
3.01
4.12
1.4
0.68
1.09
4.27
4.27
3.25
1.52
4.64
4.33
3.73
2.52
0.63
0.57
2.42
2.6
2.67
2.45
3.14
0.82
0.62
3.56
0.42
3.69
0.25
4.01
4.16
1.24
0.67
3.17
0.22
2.49
0.83
0.02
1.03
3.12
2.77
0.22
1.95
1.22
2.53
3.43
0.8
3.03
3.2
3.49
4.85
2.16
3.69
0.57
2.63
1.77
0.06
1.71
0.17
0.06
5
1.11
0.24
3.51
4.52
0.8
2.46
0.69
2.9
1.27
1.74
0.52
2.78
3.36
2.28
3.76
4.7
2.87
2.29
3.75
2.51
2.14
4.54
0.64
0.44
2.85
1.68
4.14
4.08
1.06
0.28
2.59
3.74
3.48
3.49
4.8
2.27
2.34
0.93
3.72
0.08
4.43
4.53
1.21
1.76
2.1
4.39
2.98
4.09
4.79
0.45
3.64
1.65
1.61
2.24
0.21
3.64
2.43
1.53
2.36
2.71
0.02
0.49
1.4
2.75
4.84
0.9
2.77
0.49
3.37
0.45
3.15
2.02
2.14
3.77
4.68
2.04
2.6
0.54
3.34
3.17
4.97
4.97
4.88
3.06
3.83
3.54
2.08
4.32
1.85
3.03
4.86
1.03
4.52
2.87
2.69
2.46
2.35
1.34
0.36
4.49
1.61
3.09
2.36
0.78
2.73
2.43
0.56
2.64
3.72
3.86
4.11
0.03
3.08
4.23
2.01
1.05
0.73
4.44
0.28
2.15
3.19
3.88
3.74
4.28
3.75
4.12
1.63
3.2
1.55
3.39
3.23
4.58
4.48
3.09
3.52
2.46
2.46
4.5
0.07
4.23
4.62
3.23
2.76
4.28
2.06
0.07
4.15
2.23
1.49
1.3
1.37
3.41
2.91
0.67
1.74
2.87
0.21
0.41
2.75
1.71
0.12
2
0.88
1.81
4.52
3.87
2.95
1.6
2.9
0.24
4.92
0.06
1.07
2.37
2.14
2.72
2.77
1.62
1.25
4.43
1.13
3.36
0.57
1.48
1.88
1.73
1.92
4
2.46
1.12
3.32
3.99
1.96
3.33
4.41
4
4.4
0.92
1.23
3.39
3.02
0.29
2.24
2.22
1.24
2.25
4.71
2.1
1.96
3.12
3.67
3.88
0.61
4.94
2.76
2.27
2.33
4.12
2.88
3.19
3.76
0.49
0.27
4.6
3.35
0.38
2.76
1.47
0.58
2.01
0.03
1.56
4.06
1.15
3.16
3.12
0.62
4.66
1.18
0.42
1.12
3.24
2.35
1.52
4.63
3.82
0.74
4.89
1.01
2.56
1.09
3.23
2.3
1.2
1.04
1.47
4.41
3.29
3.48
2.51
4.47
4.14
3.15
4.9
1.93
1.63
0.75
3.44
2.23
0.65
2.11
1.54
3.49
0.62
3.46
3.37
4.37
3.65
2.99
2.33
4.85
2.11
3.99
2.09
2.72
0.86
2.08
2.41
2.65
2.16
1.67
4.53
4.27
0.57
3.93
2.87
1.66
1.83
1.27
4.89
2.74
0.87
4.61
5
1.93
3.94
1.76
2.55
0.42
4.66
4.36
4.59
0.59
4.23
4.95
4.54
4.15
3.88
4.72
2.09
2.1
2.4
1.51
4.16
0.58
3.6
3.48
3.35
1.91
1.22
0.89
3.09
1.18
2.17
2.7
3.58
4.64
3.93
4.72
4.59
3.3
0.03
1.87
1.54
4.65
4.43
2.85
3.47
1.68
3.96
2.84
1.33
4.24
4.2
2.24
3.28
3.27
0.37
0.53
2.27
2.63
2.03
1.89
2.56
2.96
2.07
3.49
0.37
4.69
3.81
4.69
1.14
1.33
1.35
3.63
4.96
4.33
4.44
0.08
4.42
3.11
0.16
4.84
0.52
0.72
3.95
1.29
4.35
4.32
0.51
0.12
0.82
2.59
3.51
4.74
0.68
0.84
3.69
3.56
0.66
1.13
4.33
2.44
0.57
0.69
0.5
0.84
2.66
2.33
2.76
3.58
4.7
3.71
2.52
0.29
0.65
0.44
4.64
3.85
1.5
4.39
0.29
2.19
0.04
2.54
1.22
1.8
2
2.84
0.44
4.53
3.9
4.59
2.06
3.69
4.35
3.57
0.36
3.99
1.65
4
1.27
0.9
4.1
1.52
4.65
0.06
0.1
1.58
4.76
0.57
1.02
4.09
4.25
2.26
0.87
2.01
0.35
1.75
1.98
2.23
2.03
0.03
1.03
2.39
4.82
2.96
1.85
0.9
4.4
0.12
3.08
1.12
0.75
0.91
0.1
4.47
0.87
3.58
4.07
1.97
1.77
3.75
1.42
4.27
2.04
0.41
3.67
3.59
0.56
2.65
3.11
1.34
1.07
2.72
4.6
4.73
4.68
1.26
4.99
2.13
0.96
1.02
3.53
4.87
1.8
0.91
0.63
4.35
3.97
3.78
0.42
2.33
0.42
3.9
4.8
1.01
4.97
2.02
2.72
3.68
0.55
0.11
2.15
3.46
1.44
3.04
1.62
0.13
3.86
1.24
1.68
4.69
1.32
0.9
3.31
4
3.49
4.09
4.06
2.78
3.7
1.86
4.52
4.56
4.89
2.03
4.54
2.27
3.9
2.33
2.6
4.41
3.66
0.08
1.22
4.27
2.74
0.4
2.62
2.36
3.13
1.03
2.23
0.07
0.87
1.41
3.55
3.16
0.1
4.24
0.66
2.96
4.35
0.35
1.69
3.13
3.97
3.62
4.3
1.36
3.58
4.16
2.71
2.01
3.45
0.23
1.18
0.99
0.34
0.14
1.87
3.75
0.27
4.23
4.3
0.38
2.92
1.61
3.72
0.12
0.62
0.47
3.93
0.08
3.48
3.93
1.22
4.37
1.06
0.52
2.68
2.96
4.76
4.52
1.82
1.96
2.62
0.66
3.38
0.8
4.31
3.02
0.81
1.48
3.41
0.06
3.52
2.19
2.33
3.98
0.11
2.47
4.13
1.58
2.45
4.1
0.46
2.97
1.77
1.14
0.33
2.52
4.23
4.88
3.24
0.36
2.2
1.16
0.58
3.55
0.69
2.03
1.34
2.49
3.98
1.88
0.77
2.92
4.31
0.48
4.4
3.39
0.58
3.03
0.03
2.44
2.86
1.62
3.59
2.21
0.09
1.91
3.07
0.89
3.74
4.49
4.46
3.2
0.75
3.81
1.76
1.54
4.15
2.15
0.87
1.14
3.48
4.3
2.59
3.93
1.06
0.8
3.48
1.46
3.28
2.81
3.12
1.04
4.57
4.73
0.75
3.39
1.05
4.58
0.26
1.86
3.57
3.39
3.35
3.28
1.35
2.18
4.74
3.78
3.5
4.17
3.88
4.07
4.57
2.2
1.76
0.46
1.33
2.06
4.56
4.73
1.62
3.82
0.86
2.85
2.16
0.94
4.95
1.66
4.92
3.3
2.27
3.12
4.37
2.51
1.34
1.09
0.19
4.45
0.27
0.43
0.33
2.91
4.28
2.53
2.19
0.5
4.04
1.56
2.31
4.63
1.55
2.25
1.52
1.15
4.33
4.92
1.28
2.92
1.17
1.95
3.06
1.45
4.35
4.98
4.61
4.54
2.8
3.63
0.06
3.09
2.9
0.62
2.98
0.96
0.44
1.46
3.67
2.74
3.7
4.57
1.21
2.7
3.81
3.65
2.3
4.06
2.69
3.26
0.04
3.37
0.44
0.63
3.08
0.82
2.34
4.39
4.58
3.13
3.38
4.56
2.59
0.82
1.93
1.91
0.89
3.67
0.18
4.47
2.64
2.23
0.93
3.59
3.15
3.42
0.96
4.25
1.44
3.71
0.85
1.43
4.1
0.09
3.36
2.78
4.29
4.11
4.15
1.03
1.59
1.1
3.04
0.04
3.13
0.23
2.68
2.06
3.56
0.76
4.58
4.99
2.12
3.75
1.19
2.73
4.25
3.07
4.36
3.18
3.37
4.32
4.76
1.22
4.62
0.59
4.41
4.23
4.2
3.72
3.48
0.93
0.86
3.4
1.66
1.56
0.22
0.31
3.6
2.34
2.33
3.58
4.79
3.67
4.86
0.84
0.91
4.49
1.32
4.07
4.62
2.45
0.08
2.97
4.58
1.89
1.78
2.36
1.62
3.11
4.25
0.08
1.07
0.93
0.06
2.57
2.87
0.62
1.66
3.74
4.02
4.07
0.86
1.24
0.49
2.69
1.82
0.49
4.23
4.13
4.84
1.08
3.69
1.22
2.15
1.08
3.31
0.63
3.41
1.79
2.56
4.14
1.82
4.31
4.96
4.85
3.97
1.25
4.94
4.06
2.65
4.54
4.44
2.23
2.08
1.99
4.12
2.85
0.48
4.85
4.56
4.9
3.64
4.32
3.76
4.61
1.16
1.15
0.79
2.88
4.95
2.9
0.32
3.25
4.54
4.45
4.56
0.01
1.7
0.01
2.32
1.75
4.84
1.67
3.03
3.4
2.64
0.96
3.8
3.62
0.17
0.68
4
1.45
0.48
0.31
4.17
5
4.69
1.84
1.08
4.19
3.51
1.4
4.66
3.04
3.58
0.01
1.61
1.34
4.21
4.01
0.64
3.98
4.86
1.9
4.55
2.44
1.9
2.88
2.66
4.06
3.46
1.77
1.18
4.83
2.01
4.01
1.48
0.85
1.45
3.07
0.21
3.93
4.15
3.3
4.72
3.56
0.9
2.73
1.48
0.08
2.61
4.47
4.26
1.06
2.69
2.22
0.88
4.47
1.75
2.99
4.69
3.38
0.1
2.8
3.32
2.15
2.42
3.96
0.12
3.57
3.81
3.74
4.76
4.13
2.98
4.29
0.59
0.9
2.36
3.42
3.96
4.34
2.69
3.88
2.6
1.55
4.06
2.86
2.38
3.21
4.44
2.7
3.57
0.04
0.18
2.33
1.48
0.38
0.57
4.23
4.87
3.72
4.96
1.08
3.44
0.19
0.69
4.67
4.3
2.11
0.46
2.07
1.14
3.02
2.72
2.5
3.71
2.86
0.95
1.13
0.87
1.15
1.02
1.26
4.14
0.18
4.27
1.9
4.25
0.22
4.95
2.52
4.36
4.85
4.56
4.34
2.65
1.53
0.92
1.88
3.86
2.38
1.88
0.56
3.73
1.46
1.5
2.68
1.67
2.61
1.48
1.62
1.83
4.43
1.83
4.29
4.5
3.56
3.78
1.62
1.33
3.2
0.59
1.3
4.64
4.79
4.55
2.77
3.68
0.55
3.7
3.65
4.45
3.32
2.09
0.57
2.64
2.3
0.3
2.5
1.47
0.23
1.86
2.84
1.33
2.37
0.14
4.16
4.54
1.93
2.87
3.04
1.29
4.08
4.54
1.2
0.91
1.27
2.27
1.43
3.23
2.87
2.33
2.65
0.5
2.9
4.6
0.14
1.13
2.88
2.44
1.96
1.82
2.35
1.51
5
1.87
2.78
1.88
1.31
1.32
2.91
4.57
0.59
4.54
3.68
4.55
4.46
2.45
1.32
1.86
2.59
1.5
4.12
0.23
4.68
4.01
0.34
1.57
0.68
0.4
1.53
3.85
0.61
2.79
0.41
4.48
4.95
0.03
3.01
1.44
3.71
4.63
1.88
4.86
1.81
1.64
4.48
0.21
3.16
2.3
3.61
3.61
0.41
2.45
0.99
4.43
0.9
3.19
0.72
2.69
2.74
1.97
4.98
3
0.24
2.37
0.97
3.06
0.24
3.3
4.19
0.91
0.06
3.75
4.53
4.43
0.73
3.02
4.14
0.54
1.69
2.3
2.93
0.81
4.06
2.37
1.39
4.07
3.84
1.83
2.49
3.88
0.44
0.75
1.76
3.12
2.04
1.19
4.12
0.75
4.74
0.22
4.26
0.23
4.84
0.95
2.87
1.36
1.14
2.14
1.95
2.45
4.48
4.71
0.06
4.53
1.3
4.41
1.65
1.9
3.38
0.41
1.91
1.96
1.18
4.01
0.56
3.02
3.37
4.62
0.32
1.16
3.98
4.67
3.72
1.83
3.35
2.7
4.67
1.46
4.52
4.06
1.79
1.89
0.26
3.69
0.4
2.15
1
4.25
0.23
0.49
1.34
0.84
0.31
4.33
4.36
0.51
4.71
3.34
4.88
4.96
2.9
3.24
1.17
4.84
3.81
0.48
3.07
4.13
3.22
1.2
1.79
3.01
4.1
2.32
3.32
0.01
2.25
4.43
2.58
3
4.81
4.9
5
0.7
0.96
3.87
3.08
2.28
3.33
4.03
1.37
3.21
1.35
3.3
1.15
1.96
3.33
4.34
2.17
2.52
2.95
0.94
0.93
0.62
3.5
4.17
3.27
3.12
3.17
0.44
1.78
1.11
1.82
1.22
0.79
3.29
0.07
3.51
4.73
2.27
0.64
0.84
4.35
0.62
0.99
4.7
4.81
0.86
1.35
2.54
3.04
0.65
1.52
3.36
3.94
2.52
2.05
4.47
1.56
0.65
4.88
0.21
3.97
3.42
4.39
1.1
3.63
2.86
0.28
1.86
3.08
4.69
1.37
2.08
0.58
2.59
0.45
4.88
4.78
3.74
3.77
0.49
3.43
