4.32
4.35
2.8
2.82
2.76
1.55
3.93
3.34
2.51
2.54
1.61
1.47
2.35
0.25
0.41
3.96
4.8
4.56
1.56
4.2
2.13
4.66
2.95
2.42
0.71
3.01
1.15
3.15
1.03
2.14
2.09
3.43
3.74
0.07
2.66
2.68
2.52
2.41
1.48
4.04
2.49
3.3
2.64
2.4
0.13
4.98
0.4
3.25
1.44
2.35
4.66
0.41
0.82
2.19
1.27
4.26
0.06
0.49
4.85
2.12
3.59
0.75
1.35
0.82
4.15
1.5
4.77
1.95
3.17
0.12
4.91
0.06
1.09
2.5
1.44
1.13
3.28
2.73
1.42
0.83
2.55
2.95
0.29
3.95
2.18
2.4
1.06
2.16
0.43
2.62
2.01
0.32
3.15
3.39
0.74
4.95
4.16
3.28
2.82
3.19
2.21
3.78
3.36
4.17
2.97
1.54
2.15
1.29
0.32
3
4.51
0.9
0.48
2.25
3.76
1.99
2.3
0.23
3.46
0.55
4.56
2.67
4.31
1.34
0.04
1.06
1.15
0.21
2.54
4.17
2.22
2.52
1.91
1.26
2.18
2.69
0.31
3.04
4.89
1.88
2.51
4.76
3.26
2.62
2.24
4.22
3.15
1.37
3.28
4.92
3.42
1.67
2.15
3.93
1.59
0.09
0.44
3.38
2.51
4.88
0.46
4.78
2.6
2.85
2.61
0.12
1.81
0.22
1.96
0.36
1.64
0.69
2.52
4.68
4.71
4.99
0.54
1.06
2.63
4.41
2.43
1.53
4.26
3.44
4.25
2.53
1.91
4.09
0.8
3.59
0.9
1.39
0.73
0.33
0.77
0.05
1.02
4.98
2.44
0.31
3.72
2.43
3.86
0.22
3.76
4.22
4.6
4.69
4.24
0.09
1.87
1.92
1.16
1.77
1.56
0.71
4.1
4.59
3.96
1.78
0.02
2.23
0.69
4.7
4.85
4.6
2.56
4.38
1.48
4.61
0.46
0.19
0.84
2.82
2.28
4.12
1.41
4.31
3.06
1.65
2.57
1.35
2.41
1.96
2.77
3.09
4.46
2.78
1.37
4.96
2.62
3.7
1.92
4.05
2.8
4.14
3.41
1.77
2.67
2.75
4.39
0.91
0.79
4.41
3.37
1.65
0.92
0.85
4.83
1.89
1.54
0.38
1.83
3.71
3.96
1.23
2.8
4.17
3.24
2.36
3.3
4.14
2.33
2.89
4.18
1.12
3.34
1.41
1.24
1.95
3.71
1.19
3.61
4.59
0.4
4.62
1.91
4.43
2.07
0.97
2.83
3.97
4.57
1.73
4.11
4.61
0.96
4.88
1.38
2.72
0.91
2.58
4.29
4.6
2.46
2.59
4.23
2.87
3.57
1.67
4.76
2.67
2.55
1.81
4.67
4.02
0.07
1.05
4.07
3.23
2.6
3.97
4.18
2.54
4.83
3.14
3.7
2.18
0.78
3.41
0.88
3.24
0.91
0.23
4.56
1.69
1.78
3.14
2.5
3.01
3.14
1.83
2.97
3.85
0.61
3.14
1.2
4.13
2.56
3.75
2.71
1.98
3.39
0.52
3.63
2.89
2.59
4.72
1.88
3.16
1.51
1.3
3.41
2.08
4.01
3.05
0.09
3.34
1.56
1.69
0.42
5
1.03
1.88
1.13
4.83
3.02
0.62
1.44
4.68
2.73
3.97
1.75
0.17
4.46
0.83
1.19
2.48
1.48
2.45
2.41
3.92
1.44
0.98
2.85
0.59
1.82
3.84
0.32
3.58
2.91
1.98
1.32
0.08
3.08
2.21
2.72
4.12
0.15
1.23
4.2
3.28
0.59
1.52
1.19
1.65
0.19
0.23
0.95
3.95
3.37
4.56
2.9
0.36
4.89
3.66
1.18
3.71
0.38
4.63
2.19
3.21
3.07
1.59
4.89
4.37
2.64
3.16
4.72
2.48
3.47
1.53
2.72
4.31
2.42
2.62
3.37
0.97
0.84
3.8
2.01
3.35
3.04
0.42
4.59
4.77
4.47
3.38
3.05
1.9
3.11
2.64
3.87
3.91
0.21
4.96
1.85
4.39
4.18
0.71
4.81
3.55
4
1.85
0.07
0.18
0.46
1.38
2.28
3.98
4.32
0.87
0.33
1.86
4.72
1.1
1.93
4.85
1.13
1.41
0.01
0.57
2.99
2.23
0.65
2.5
4.24
3.77
0.42
4.02
3.48
0.17
4.5
1.41
1.59
4.78
3.51
4.41
3.47
4.76
3.86
4.57
2.79
1.52
2.16
3.26
4.82
2.83
2.64
0.68
1.72
3.54
1.7
3.96
4.11
2.34
0.49
2.86
4.17
4.69
4.74
4.2
3.39
1.9
4.58
4.33
4.55
2.55
4.06
3.49
0.34
2.53
0.23
1.14
1.64
4.71
2.12
2
3.32
3.45
4.66
1.58
4.95
0.71
0.47
0.63
4.67
2.03
1.81
4.42
1.8
3.61
0.07
3.92
4.63
3.15
2.02
2.31
4.74
2.25
3.23
0.31
0.11
4.92
2.19
2.22
4.82
1
4.24
2.66
4.49
0.8
0.88
1.12
0.55
4.44
4.01
4.62
1.12
1.68
2.33
0.53
1.94
4.63
2.92
3.52
3.42
0.15
2.55
0.52
0.26
2.05
1.32
1.47
1.14
3.58
4.47
3.3
3.96
2.93
4.79
0.28
0.06
3.62
4.26
0.46
4.86
4.56
1.66
3.58
0.23
1.51
3.2
2.68
4.05
1.31
1.11
4.6
2.81
1.78
4
3.16
4.01
4.11
4.39
0.77
4.49
2.17
1.98
0.21
3.71
1.32
0.89
1.47
0.03
2.87
4.21
3.08
3.01
4.99
3.52
0.49
1.81
1.33
2.74
4.84
4.83
1.37
3.48
3.94
1.36
4.26
0.06
0.15
3.05
2.26
2.86
3.78
4.71
3.36
4.9
0.55
3.69
3.95
2.82
1.33
3.09
2.07
4.31
1.3
3.28
4.72
3.08
2.64
2.06
2.16
4.23
3.11
2.08
3.44
4.94
1.09
4.49
3.77
1.27
4.36
4.2
3.36
1.94
2.28
0.17
2.99
0.32
1.94
4.87
4.36
2.29
3.89
2.21
0.68
2.14
2.69
0.89
4.7
4.23
2.32
3.85
0.45
4.78
1.28
1.15
1.9
4.14
3.38
4.24
4.25
3.3
4.04
4.4
3.3
3.52
2.06
2.84
1.26
1.47
4.96
3.43
1.67
0.64
2.71
0.43
1.29
1.44
4.11
1.15
0.46
1.52
4.58
3.42
4.24
4.61
0.51
0.2
0.93
0.88
1.16
3.83
2.42
1.68
1.58
2.73
0.79
2.77
2.89
0.39
3.83
5
1.71
0.9
3.87
1.42
3.78
4.64
4.76
0.77
2.82
0.79
1.06
1.97
4.53
4.08
4.89
0.05
0.8
4.61
4.48
3.06
0.63
0.5
0.4
0.35
0.03
3.18
1.31
1.82
3.18
2.03
4.98
3.63
4.05
2.13
4.84
3.25
3.8
4.73
2.14
3.99
0.89
1.08
1.04
1.86
4.96
1.68
0.18
2.22
1.85
1.74
3.55
4.7
4.99
1.27
1.2
4.12
0.47
4.01
3.81
1.15
2.48
0.3
4.33
1.5
0.32
3.63
0.6
2.79
4.1
2.89
2.61
1.3
4.48
3.13
4.29
2.7
0.17
4.48
1.68
1.92
3
1.34
1.2
0.54
3.95
0.83
2
0.93
2.29
4.35
4.05
3.09
4.83
3.63
2.17
1.15
0.11
4.39
3.27
0.32
0.74
3.7
0.85
4.69
4.88
2.81
0.7
4.48
0.27
1.47
4
2.07
1.81
0.16
2.09
2.16
2.46
4.79
2.22
0.76
3.79
3.55
3.04
0.44
3.99
4.88
1.46
2.14
0.05
1.98
0.8
2.33
1.51
1.98
3.84
4.95
4.32
3.6
4.85
4.97
3.27
0.17
3.97
3.25
1.99
0.31
2.09
4
3.83
3.85
0.6
0.3
4.94
0.09
3.71
4.88
1.35
4.18
1.23
0.82
4.96
3.17
1.56
4.62
2.66
2.42
1.32
0.16
0.35
3.23
2.1
4.05
3.94
3.77
4.63
2.49
2.08
0.45
1.35
0.52
0.34
3.51
2.34
3.49
2.55
4.76
1.69
1.37
2.38
0.08
4.73
1.9
1.84
3.46
2.7
0.63
1.27
0.63
3.15
2.63
1.64
0.29
1.7
3
2.26
4.52
3.1
3.76
0.81
4.64
1.7
0.97
4.73
4.88
3.39
1.29
4.03
4.77
4.15
2.46
0.56
3.26
3.68
1.5
4.31
2.45
3.12
0.45
2.3
1.16
3.89
3.95
3.51
4.22
4.84
4.29
2.7
4.68
3.2
0.19
1.02
4.41
2.66
4.3
1.41
3.42
0.13
2.41
2.2
1.51
1.99
3.79
4.93
0.75
1.58
4.52
1.74
2.99
3.39
0.65
4.22
0.37
2.27
4.07
2
3.46
3.92
2.53
0.1
1.66
0.49
3.28
1.92
0.35
2.91
1.97
2.08
4.92
3.17
0.68
3.93
0.28
2.29
1.26
4.71
1.52
4.11
4.17
3.86
1.92
1.35
2.77
1.18
0.99
3.3
2.66
1.81
0.81
2.75
2.3
1.56
2.13
4.56
4.58
4.24
3.8
0.06
2.28
2.5
0.13
4.65
3.81
1.08
1.24
3.98
0.69
3.23
3.4
2.99
4.69
4.95
4.26
4.29
2.66
1.83
4.62
1.31
2.29
4.74
1.38
1.88
4.99
3.05
1.74
0.38
3.62
1.69
3.51
2.32
1.07
4.97
3.78
2.56
2.13
3.63
0.02
0.12
2.52
3.11
4.7
4.86
4.01
4.4
2.27
2.94
4.21
4.56
1.26
1.09
2.3
1.69
3.3
3.49
4.66
4.08
4.33
2.82
4.82
2.34
4.47
4.09
1.96
3.52
3.23
3.27
3.71
2.36
0.96
0.29
1.26
2.62
4.83
3.18
0.99
1.38
4.11
2.06
0.33
0.57
0.13
2.75
1.35
3.21
0.21
1.95
4.14
2.04
0.31
1.19
0.01
3.8
2.53
0.64
2.78
2.57
3.06
1.49
0.17
2.2
0.75
1.75
2.81
1.04
1.83
2.22
3.6
1.1
4.29
0.43
3.48
0.85
0.58
3.86
0.45
4.26
0.42
1.62
0.47
3.27
2.32
2.02
3.61
3.29
1.84
3.8
3.7
0.21
4.2
2.17
0.47
2.03
1.03
1.1
3.05
4.7
4.81
4.05
4.2
3.07
4.96
2.95
1.54
1
4.24
3.22
0.26
3.53
0.31
2.78
0.66
2.84
1.49
2.02
3.8
2.35
1.6
0.42
1.81
3.92
4.31
2.72
4.75
1.53
4.24
0.81
4.02
4.29
1.93
4.57
4.87
1.52
1.26
1.74
2.56
1.64
2.02
0.84
3.21
2.1
0.61
4.13
1.45
2.98
4.95
2.03
4.63
0.7
3.01
4.26
0.72
3.7
4.53
2.08
4.11
4.78
4.02
0.63
3.23
2.48
3.21
3.04
3.27
2.44
1.93
4.27
0.99
1.16
2.37
1.44
1.97
0.62
4.45
4.76
1.74
3.3
2.89
1.39
3
0.38
0.29
0.66
2.69
3.02
4.93
1
4.47
0.66
4.87
1.87
2.56
0.65
3.95
1.41
2.47
0.5
3.07
1.45
1.98
3.42
4.76
0.67
2.17
0.67
3.18
3.55
4.87
5
4.89
4.51
4.08
1.34
4.3
0.59
3.84
2.35
4.2
3.26
1.6
2.24
0.08
4.47
0.45
2.6
3.98
0.27
1.17
1.49
0.64
2.94
1.57
2.28
4.16
2.2
2.74
1.04
1.05
3.23
1.39
1.22
3.71
0.04
1.89
1.56
2.07
2.76
0.07
1.77
0.56
1.62
2.39
2.83
1.56
1.6
0.84
0.25
0.93
0.14
3.93
2.11
2.66
4.42
3.69
4.46
1.85
2.99
2.03
1.51
2.51
0.42
1.59
2.9
0.49
3.47
3.65
2.27
0.17
0.32
1.39
1.72
2.15
1.36
3.3
2.77
1.05
0.9
0.97
2.63
4.82
1.89
2.33
4.33
1.73
3.24
3.08
3.96
2.13
0.04
1.86
1.53
4.7
3.92
3.83
1.55
0.4
4.92
2.11
3.03
3.24
4.47
2.86
3.97
4.41
1.18
4.2
3.12
3.42
1.62
2.83
3.46
3.04
4.83
2.45
0.97
1
2.78
1.59
4.77
1.11
1.39
1.73
2.33
0.49
2.36
3.9
3.63
0.54
3.99
0.87
1.58
5
4.6
2.75
0.87
2.71
1.67
1.34
0.5
4.31
0.26
4.02
4.65
0.54
4.41
0.47
4.77
3.72
4.23
0.98
3.46
0.58
2.68
2.36
0.01
2.19
2.69
4.25
3.78
0.16
4.98
1.21
1.41
3.5
3.76
3.25
1.55
1.69
1.54
2.03
3.38
1.76
2.32
0.08
0.03
2.19
4.44
4.29
0.44
3.74
3.84
4.2
0.1
1.9
2.08
3.91
3.36
0.29
4.48
1.46
0.04
1.16
4.9
4.43
2.51
4.25
1.02
1.62
0.29
2.44
0.29
0.01
3.5
4.84
4.53
0.18
4.7
3.3
2.91
1.28
0.51
2.65
2.11
4.4
4.42
1.52
0.53
4.32
1.02
0.4
4.06
3.87
2.37
4.98
2.93
4.78
2.65
4.97
1.58
1.89
4.74
3.26
0.86
2.16
0.71
2.59
0.91
4.01
1.22
3.86
4.41
0.32
3.81
4.67
4.12
1.34
3.14
3.58
4.48
3.85
0.81
3.24
2.32
2.68
4.2
4.35
4.7
4.77
2.64
2.17
2.51
3.77
0.31
2.01
2.13
3.27
0.58
1.9
1.9
1.55
0.3
4.13
2.82
4.62
0.44
4.91
4.92
2.18
3.19
0.05
0.86
3.55
1.88
1.25
2.04
0.49
0.52
3.38
4.76
3.5
2.32
1.18
3.86
2.7
4.01
3.87
1.97
4.52
2.2
3.68
1.08
3.35
3.6
0.29
0.49
4.78
0.73
3.57
1.71
1.48
0.24
4.36
2.85
3.7
2.24
4.71
4.24
2.75
1.59
3.48
2.51
2.07
2.51
3.81
2.64
4.61
1.17
4.51
1.62
0.35
1.06
0.32
3.63
4.71
0.12
4.77
2.16
4.08
3.48
3.66
1.52
0.46
0.7
2.02
4.99
4.7
1.68
0.35
3.12
1.83
3.65
0.76
1.83
4.19
0.71
2
2.21
3.51
2.25
2.27
3.64
4.74
1.03
0.02
4.21
0.93
4.98
2.85
4.64
3.69
3.26
4.46
2.55
2.79
4.6
3.8
0.08
4.29
1.89
0.4
0.24
1.72
4.15
3.62
0.77
3.7
2.07
0.13
4.69
0.02
0.11
2.49
4.54
3.15
3.53
4.55
0.31
1.49
1.64
3.87
3.06
2.02
1.52
0.8
0.34
1.9
0.9
1.36
2.52
0.63
2.81
3.74
3.38
2.97
1.11
2.49
1.27
2.11
2.23
4.31
1.68
4.9
3.14
3.8
2.72
0.61
3.87
0.12
3.08
3.15
3.17
4.36
2.75
4.47
0.79
2.25
0.32
2.74
4.59
4.52
4.57
2.34
3.12
0.6
1.82
2
0.67
3.01
3.49
0.71
0.54
4.16
3.95
4.67
1.8
3.55
1.51
1.9
3.33
4.11
2.93
2.34
0.45
3.28
3.03
0.8
1.21
4.54
1.29
3.43
3.58
4.59
3.3
0.99
4.51
3.04
1.33
1.65
3.8
0.12
0.35
2.03
0.92
0.22
1.35
1.2
4.17
2.36
0.68
0.37
0.54
4.53
0.46
2.81
1.94
0.77
0.56
1.84
4.6
1.37
4.56
2.41
3.04
2.85
0.13
3.96
2.64
0.28
3.49
4.91
0.33
4.86
1.05
4.45
3.21
2.18
1.23
2.95
0.45
1.19
4.9
0.09
1.03
1.68
4.46
2.56
1.26
1.36
2.23
3.51
1.56
0.24
1.19
2.73
2.79
0.53
3.21
4.64
2.99
3.96
4.38
4.19
2.85
3.33
4.28
1.63
0.48
0.41
0.67
4.33
4.33
2.42
3.36
4.55
0.64
3.95
5
3.5
3.65
1.74
3.3
0.15
4
4.41
3.6
4.57
4.65
4.9
3.47
0.75
0.74
2.86
2.97
1.69
0.73
1.46
2.31
1.92
2.83
1.83
2.2
0.83
3.72
4.02
1.14
4.23
4.81
4.29
4.48
4.06
1.86
2.2
4.7
2.91
0.07
3.65
3.57
2.77
0.5
1
0.83
0.89
0.36
3.23
1.24
0.08
3.92
0.62
4.17
0.29
0.47
2.99
0.34
0.83
0.61
3.81
2.78
1.26
2.78
3.36
3.24
3.07
4.03
1.37
3.5
0.58
2.89
0.08
3.02
0.95
3.09
4.66
1.87
2.55
3.58
4.96
1.46
2.82
0.68
2.69
1.06
2.48
2.26
1.03
4.77
4.8
4.43
0.59
2.26
4.83
4.87
0.98
2.25
0.46
0.83
0.47
4.83
1.27
3.28
1.66
4.92
2.33
1.7
2.16
4.18
0.78
3.26
0.23
3.58
4.23
2.65
1.81
4.61
1.35
1.85
2.91
1.15
1.64
1.17
2.05
0.04
0.15
4.91
1.82
4.28
1.96
3.44
4.08
1.39
0.72
4.81
4.82
1.8
4.9
4.04
2.82
2.85
3.77
4.85
0.23
0.64
0.73
4.53
3.91
1.05
1.76
3.26
1.94
3.02
4.25
3.7
1.36
4.26
1.73
3.57
0.61
2.91
3.6
0.28
2.76
1.89
0.06
0.93
3.99
3.02
1.96
4.01
0.84
2.35
2.05
1.99
2.42
3.59
1.32
0.06
1.17
2
1.31
1.57
2.01
4.99
0.59
1.66
0.69
1.6
2.18
2.9
3.15
4.87
3.11
4.33
3.66
1.43
2.79
1.11
0.74
4.97
3.89
0.59
0.19
2.19
0.61
3.02
2.12
0.7
3.5
2.36
4.98
2.75
3.97
2.61
3.61
2.27
3.05
2.17
0.98
3.52
4.43
3.05
1.36
0.72
0.09
2.51
0.05
0.99
0.78
0.96
4.19
2.92
3.12
4.45
1.23
4.32
3.64
0.01
1.73
0.47
4.43
4.73
3.9
0.7
2.11
2.34
0.04
1.58
1.34
2.52
0.5
0.34
4.37
2.48
1.45
3.38
4.53
3.55
0.49
4.27
4.98
1.76
2.14
1.33
3.64
1.65
1.23
0.58
0.7
3.41
4.67
0.04
0.26
0.8
4.19
0.01
0.1
4.5
0.77
2.29
0.26
4.8
4.99
2.44
0.75
3.03
2.65
0.85
2.7
3.03
0.09
0.53
2.55
2.38
2.42
3.66
1.04
2.22
2.66
1.12
3.48
4.79
3.9
2.41
2.89
3.11
4.59
0.04
0.86
0.98
2.65
1.59
1.16
2.45
0.33
0.4
4.6
2
1.9
4.32
0.53
2.13
2.28
4.42
2.85
3.81
0.11
1.76
1.87
1.79
4.66
0.52
4.41
2.17
3.48
1
3.83
4.77
2.44
4.89
2.64
4.17
0.06
2.51
0.78
0.69
3.99
1.01
0.17
2.07
0.14
4.18
3.28
1.83
2.99
2.29
0.72
2.86
0.2
3.9
0.36
4.99
2.94
1.74
4.7
1.67
0.38
3.68
2.83
1.04
4.02
2.68
4.63
1.06
0.85
1.98
0.09
0.17
4.02
1.44
0.07
1.62
0.37
3.91
3.08
3.53
3.35
2.34
1.56
4.66
2.46
1.76
0.79
0.99
0.69
1
4.25
3.97
1.85
1.15
1.23
2.78
4.44
1.67
2.61
2.24
0.37
1.74
3.71
0.6
0.51
3.89
3.48
2.39
3.13
4.12
2.24
4.24
0.97
1.6
2.79
0.55
3.08
0.62
3.68
5
3.02
1.33
1.55
4.83
1.56
2.91
3.7
4.86
0.95
2.83
1.24
1.22
3.25
2.37
2.19
4.39
0.51
1.93
4.16
2.95
1.91
3.92
4.24
4.08
4.42
1.33
4.96
4.8
3.52
0.97
1.92
3.43
0.31
1.24
0.21
2.97
1.4
0.89
3.36
2.33
0.12
4.8
3.82
1.65
1.35
0.03
3.4
0.07
4.24
2.16
1.11
1.44
0.98
1.71
2.83
4.62
4.72
5
1.88
0.62
1.66
0.4
1.13
3.89
3.33
4.41
2.3
2.46
4.46
4.11
0.56
1.14
0.09
3.25
2.69
4.9
2.24
1.37
3.66
2.75
1.22
3.14
3.86
3.61
0.22
1.72
2.65
2.6
4.03
2.6
1.91
1.13
2.02
3.14
0.91
3.54
1.7
0.88
1.55
2.76
3.36
1.75
4.37
1.57
2.08
2.64
2.24
1.74
1.55
1.87
3.4
2.78
0.4
4.43
3.83
1.23
4.69
0.37
3.1
1.04
0.61
1.42
2
3.29
4.28
4.72
3.86
4.89
0.42
1.22
0.21
4.62
0.82
3.05
1.44
0.37
0.38
2.69
2.82
4.02
1.35
3.5
3.44
3.53
3.56
0.37
1.43
4.03
2.77
0.47
2.96
0.83
0.72
2.07
3.54
4.1
4.86
3.76
3.03
2.46
0.71
0.86
4.72
0.97
2.58
2.76
4.66
2.14
4.23
3.78
3.26
4.09
3.1
0.34
4.76
4.24
2.83
2.33
1.14
1.34
0.46
2.27
