1.72
3.72
2.34
0.63
3.08
3.25
1.78
3.4
0.35
2.9
4.61
2.57
0.52
3.27
0.1
1.91
3.38
1
3.23
3.68
1.74
3.48
3.25
3.14
1.61
0.9
3
0.03
0.35
0.88
0.18
4.13
1.86
3.91
1.27
4.72
1.48
2.86
4.95
2.64
2.42
4.34
2.69
4.43
0.29
1.98
3.96
2.29
1.72
1.36
2.52
0.73
2.32
3.56
4.57
0.54
3.75
0.89
3.49
0.67
2.98
0.38
4.4
1.92
1.51
0.96
4.43
3.54
2.68
0.87
3.04
1.98
0.05
4.64
3.15
0.16
3.08
1.94
1.91
3.95
4.64
1.42
1.51
1.32
0.86
3.72
2.11
0.45
2.13
2.68
2.55
4.8
3.41
4.51
1.9
0.98
2.01
1.74
4.41
0.99
3.31
1.34
3.66
3.23
1.69
0.39
3.87
2.96
1.51
4.76
1.58
5
0.21
4.41
1.73
3.64
1.02
1.16
4.54
0.26
4.06
0.39
0.98
4.63
1.72
2.4
2.23
2.91
1.1
2.8
3.03
0.13
1.42
1.95
3.65
4.45
1.95
0.79
4.74
0.18
0.88
4.98
2.87
1.08
4.81
1.55
0.36
3.9
0.25
0.59
1.69
3.97
2.91
3.32
3.28
2.61
3.37
3.59
1.51
1.22
3.81
4.99
3.32
4.86
3.1
2.99
4.39
1.51
3.22
2.21
2.34
0.59
3.99
4.39
2.01
4.11
2.69
0.16
3.93
1.42
2.1
1.88
1.12
2.97
0.04
4.62
2.35
2.96
2.52
2.92
1.19
4.07
3.73
0.17
4.93
3.34
2.23
2.12
3.57
2.92
0.12
0.06
4.62
1.19
0.52
4.51
2.58
2.88
2.83
1.93
0.34
0.81
1.95
3.63
1.86
2.5
4.48
0.15
0.74
3.64
2.33
0.74
3.04
1.74
0.57
1.53
2.22
4.02
1.19
1.55
3.95
3.51
2.82
1.84
0.42
0.52
1.54
3.31
0.55
0.87
0.62
1.87
0.9
1.75
4.85
1.65
0.03
0.37
2.64
4.02
2.12
1.49
0.01
2.11
4.06
2.49
3.21
1.66
1.33
4.71
0.57
1.48
0.62
0.42
2.28
1.09
3.89
2.66
4.37
4.08
0.34
1.16
3
3.9
4.82
1.29
3.28
0.84
3.72
0.56
0.62
3.95
4.63
4.81
2.05
3.67
1.86
3.17
1.26
0.12
0.8
4.67
1.05
0.67
3.13
4.08
2.07
2.67
1.99
1.68
3.08
2.28
0.58
3.32
3.95
4.35
4.32
3.36
0.21
1.94
2.38
3.63
1.39
1.47
2.97
4.78
3.92
4.62
4.79
4.09
4.42
1.13
4.09
2.36
3.04
0.91
1.81
0.27
3.72
1.57
3.83
1.52
0.27
1.79
0.25
0.79
1.48
4.01
3.55
1.68
2.98
3.88
0.86
3.38
4.56
0.32
2.92
2.63
2.73
4.37
3.39
1.17
3.8
0.23
1.9
0.98
4.06
0.56
3.68
1.05
1.17
0.59
4.49
1.29
4.4
1.05
4.22
1.55
1.81
2.99
4.29
3.12
1.87
1.84
0.09
2.46
1.12
4.74
0.83
4.23
4.77
4.31
1.31
1.34
3.83
0.4
2.94
3.54
4.18
3.2
3.49
2.73
0.38
3.24
2.96
0.3
2.3
4.26
2
2.19
4.05
2.5
4.54
4.82
3.6
1.28
3.56
0.27
1.35
1.17
1.48
4.75
2.22
0.16
4.63
0.43
0.44
4
1.65
2.8
1.87
2.48
2.88
4.35
4.55
2.74
2.59
4.66
2.8
1.44
2.91
3.4
2.87
3.13
4.71
1.88
1.61
4.12
3.05
2.43
3.14
4.82
3.65
1.56
2.81
1.84
2.83
4.84
0.18
3.21
3.09
2.74
2.27
2.81
0.88
0.89
3.12
1.52
3.92
0.37
2.34
3.67
2.13
1
2.26
0.52
0.04
3.57
3.32
2.18
4.79
4.97
2.47
3.13
0.34
2.4
2.37
2.08
3.13
2.37
4.19
4.15
1.98
4.87
3.01
1.59
3.18
2.02
0.92
3.07
2.4
0.62
0.41
1.42
0.22
3.41
4.88
2.98
4.37
3.81
2.47
4.81
1.44
3.62
2.03
2.47
1.51
4.65
4.53
4.97
2.62
4.38
3.39
4.67
3.75
0.63
3.58
2.65
0.48
3.36
1.55
2.1
3.5
3.43
4.2
1.63
3.42
1.52
4.43
4.73
4.79
3.02
3.66
2.61
4.4
1.01
2.02
1.35
3.93
3.13
1.83
0.4
4.99
4.28
3.19
2.31
3.58
0.46
4.8
0.12
3.37
3.55
4.91
4.24
0.41
2.47
1.58
4.07
4.97
2.78
2.86
0.42
3.85
4.76
0.43
2.34
0.08
1.7
3.77
3.02
4.12
2.61
2.14
2.4
1.73
2.52
0.04
2.52
3.37
4.32
1
3.62
0.76
4.95
0.94
0.47
4.95
4.8
3.18
4.46
0.89
2.89
1.46
2.56
1.52
2.29
4.5
0.02
3.92
4.33
4.89
2.51
4.79
1.67
0.47
1.42
3.72
1.7
2.68
3.94
1.73
3.35
0.04
1.66
2.3
4.64
0.21
2.12
0.85
1.84
1.51
1.33
3.78
2.74
3.35
2.79
1.11
4.08
1.48
0.86
1.77
4.26
4.19
0.64
0.97
0.54
4.09
2.36
1.98
2.98
3.04
4.48
0.62
1.98
0.73
1.84
1.03
4.93
1.66
4.87
1.6
2.55
4.25
4.8
0.48
0.84
0.03
0.13
2.46
4.73
1.24
2.85
1.53
2.51
0.24
2.45
0.3
3.96
1.58
0.64
0.68
3.48
3.21
1.71
2.71
0.58
0.17
4.36
3.24
2.11
4.59
3.14
3.81
0.18
1.13
4.17
1.98
3.51
1.26
2.44
0.87
4.06
2.07
0.76
3.76
0.16
0.45
4
3.5
2.55
1.9
3.51
1.79
1.11
2.56
2.76
1.72
3.74
2.52
0.6
4.04
1.42
0.21
2.7
2.97
0.64
4.21
1.04
0.26
1.17
3.65
0.89
4.49
1.78
0.81
1.69
3.39
3.54
2.4
3.5
4.09
1.29
2.6
0.85
1.57
1.15
1.4
2.97
1.87
0.41
2.75
2.31
4.99
0.88
1.33
0.08
4.29
3.68
2.19
2.93
1.52
4.87
0.27
3.06
3.35
1.4
0.36
3.13
3.49
0.72
4.83
0.51
3.79
0.06
2.15
0.31
0.82
2.78
1.79
2.91
0.22
0.14
1.73
2.58
3.3
2.35
1.51
3.69
1.42
1.85
4.88
1.8
0.18
3.71
1.69
4.56
0.28
1.16
2.32
0.8
3.52
0.5
4.72
2.1
3.21
0.15
2.52
3.41
1.07
1.13
4.32
0.73
0.41
2.02
4.78
2.18
4.45
2.35
0.89
3.29
3.75
2.39
4.51
4.01
4.97
0.94
1.24
0.07
4.53
2.17
1.54
4.68
4.47
2.2
2.38
4.97
2.45
4.96
3.56
3.38
0.54
3.93
1.84
3.15
2.42
2.66
2.15
4.73
4.96
2.53
2.13
3.62
2.36
3.75
1.01
2.43
1.33
4.43
2.31
2.47
2.66
3.33
2.77
3.48
0.33
4.56
2.05
4.53
0.26
2.33
4.09
1.59
3.29
3.9
4.71
1.24
2.25
2.94
2.82
3.38
2.03
2.06
1.28
4.27
2.37
4.43
4.75
1.17
2.19
2.6
2.48
1.71
0.27
1.71
1.38
4.08
3.2
1.34
3.97
2.42
4.97
4.77
4.64
4.5
4.14
3.55
0.5
2.25
4.54
3.03
3.15
2.29
2.62
2.45
4.96
0.7
2.51
4.88
2.22
3.62
2.65
1.58
2.5
3.37
0.5
2.77
0.62
4.09
4.2
2.47
0.45
3.91
2.52
1.32
1.3
2.36
2.22
3.44
0.86
2.18
3.19
2.31
1.85
2.95
1.03
3.52
2.12
3.31
1.56
4.91
4.46
1.43
4.61
4.84
0.51
1.07
2.12
1.35
1.17
1.61
3.66
0.89
2.45
2.16
4.36
1.04
4.62
1.89
3.8
0.55
4.74
2.92
4.84
0.27
0.09
4.1
2.99
0.11
2.99
3.65
4.8
4.91
0.56
2.42
3.57
1.59
0.72
2.38
1.68
1.76
0.5
0.8
4.22
3.54
4.95
3.78
0.46
2.32
3.46
2.87
0.84
2.84
1.22
2.93
0.41
4.36
4.72
4.95
2.83
4.92
4.97
3.5
1.29
4.38
2.23
3.08
4.8
3.58
2.42
1.08
1.85
3.99
2.03
2.59
0.13
4.78
1.24
4.85
1.49
4.24
3.65
0.18
1.2
1.54
2.3
0.79
2.77
1.92
2.83
2.79
2.18
0.22
1.48
3.6
0.68
4.9
1.48
3.83
4.3
1.46
3.8
0.95
2.09
1.15
4.54
2.25
2.59
0.34
3.12
4.74
1.25
2.11
3.38
0.24
0.08
2.08
4.76
3.67
2.74
2.24
4.01
4.59
3.78
2.1
2.59
3.03
0.34
1.17
1.67
0.13
2.12
1.03
2.94
1.11
0.09
4.24
1.55
3.22
0.83
2.79
3.89
0.15
1.57
2.73
1.94
1.89
0.86
0.75
0.47
2.48
2.72
4.52
2.29
2.39
4.51
0.18
2.36
3.02
3.19
4.01
3.04
2.56
3.92
4.84
0.48
2.42
0.17
2.61
3.25
4.73
0.51
3.11
0.08
0.06
4.15
0.91
2.38
3.07
0.15
1.26
3.35
0.7
1.35
2.6
3.68
3.54
1.01
4.37
2.3
2.4
0.44
2.52
3.43
1.26
0.12
0.79
2.77
2.46
3.35
2.3
3.8
4.05
4.69
4.51
1.14
2.2
3.65
3.19
0.89
3.23
2.33
0.67
4.73
3.62
1.06
4.25
1.31
1.56
0.67
0.84
4.54
0.73
4.47
0.3
3.55
4.96
3.6
0.03
2.35
2.89
3.91
3.43
1.11
4.59
1.1
0.8
4.48
0.15
0.49
4
4.19
4.87
3.96
4.5
3.21
4.82
1.68
1.56
2.41
0.23
1.91
0.61
2.93
4.92
4.31
4.37
4.76
1.19
2.65
0.38
2.19
2.54
0.89
2.97
3.89
2.12
3.83
2.26
2.82
1.77
1.03
1.96
3.63
2.4
4.21
4.77
4.13
0.25
3.24
4.84
4
4.33
2.57
3.61
1.79
0.58
3.11
2.72
1.8
3.87
4.69
1.49
4.06
2.81
4.3
2.47
3.36
1.81
2.74
1.84
3.87
1.67
2.79
2.92
2.65
0.61
1.37
0.62
4.51
4.68
3.1
0.32
4.9
0.6
1.87
2.38
0.06
4.35
2.34
3.28
3.68
3.6
0.48
1.72
2.96
0.57
3.43
3.7
3.77
3.63
3.15
2.39
2.13
4.54
3.03
2.96
1.03
1.8
0.81
0.44
3.16
3.67
0.81
3.49
4.75
4.19
1.27
2.3
2.25
1.08
4.87
0.48
1.35
1.3
3.81
1.26
2.12
0.28
1.37
2.81
1.46
3.1
3.25
3.77
4.3
2.58
3.18
3.59
3.67
2.15
2.19
4.73
1.57
3.21
1.34
4.77
3.62
0.94
2.46
3.63
1.7
4.96
4.21
4.37
2.82
1.3
1.22
3.09
2.1
2.95
3.55
4.34
3.67
0.33
3.56
3.76
0.8
4.19
0.07
4.12
3.87
0.22
2.1
3.88
2.4
4.98
0.5
3.99
3.98
1.37
4.21
4.02
4.39
4.28
0.38
2.02
1.34
4.31
0.74
3.52
2.72
1.07
2.66
2.96
1.76
4.66
0.78
1.03
3.16
0.8
4.6
3.27
4.63
3.4
1.63
1.34
4.71
3.59
0.27
2.2
1.52
3.81
4.32
2.02
2.41
0.97
0.08
4.1
0.84
3.07
3.11
4.15
2.58
3.28
2.92
4.24
1.1
1.44
2.85
3.74
2.43
0.33
2.2
4.09
3.37
4.47
3.08
1.04
4.28
0.47
3.24
1
1.59
4.79
0.45
3.06
4.1
0.9
3.14
2.37
1.89
1.32
2.68
1.07
3.07
1.16
1.33
3.71
4.08
4
3.86
1.4
1.38
2.79
4.82
3.58
0.07
1.88
3.32
2.86
3.45
3.18
1.55
1.07
1.56
2.31
1.45
1.53
1.61
3.23
3.57
3.59
0.66
0.56
2.93
1.73
1.38
2.85
2.42
3.28
2.97
3.75
3.35
4.43
0.4
4.97
0.06
0.15
2.99
1.46
2.84
2.11
1.34
1.56
1.48
0.38
4.3
2.27
0.68
0.27
4.69
3.6
0.54
2.54
0.47
1.67
1.76
4.55
1.34
2.67
0.9
1.19
3.96
3.38
2.48
3.73
1.19
0.3
4.93
1.45
0.52
3.47
2.47
2.74
0.93
2.39
0.21
4.53
1.96
0.04
2.67
2.23
2.93
0.61
2.16
0.93
3.32
1.47
1.29
4.79
4.36
3.88
4.43
0.42
0.79
4.83
0.57
1.09
3.27
4.55
2.17
2.95
4.81
3.33
1.72
0.5
2.24
1.78
2.87
1.88
3.95
1.3
3.7
4.47
3.22
2.46
0.96
1.2
2.24
1.47
0.55
3.53
0.58
2.94
4.36
1.35
4.85
1.85
1.05
1.41
2.57
3.55
4.2
2.57
2.38
4.94
0.92
3.03
0.11
2.74
2.18
0.21
3.92
0.52
1.16
4.63
2.72
3.05
3.47
2.95
0.88
1.33
3.95
0.25
2.21
3.15
2.78
4.55
0.52
3.4
4.96
2.81
1.56
3.95
4.9
2.82
2.25
4.91
2.16
3.12
3.46
4.25
2.33
1.04
3.21
1.17
2.91
0.69
2.35
2.17
4.39
2.81
2.35
0.32
2.12
1.19
2.97
1.72
3.62
4.99
3.76
3.99
4.98
3.49
1.42
2.46
2.3
2.81
4.32
0.52
3.35
1.63
4.91
4.2
1.51
1.16
2.04
2.79
4.45
1.89
1.35
4.72
0.09
4.63
0.95
2.89
3.62
2.81
2.86
3.34
3.71
2.54
1.42
0.07
4.14
4.33
2.36
0.77
2.74
0.15
0.38
2.7
0.59
1.54
1.44
4.69
2.9
4.96
2.77
0.75
2.62
3.5
1.18
2.14
3.72
0.99
0.16
2.19
0.18
1.78
1.85
0.8
0.08
3.13
1.24
0.26
1.02
2.12
2.7
0.79
3.65
3.46
3.49
4.16
3.61
1.33
3.86
2.2
2.33
1.62
2.6
4.93
1.49
4.65
2.1
1.98
4
2.52
4.54
4.92
3.86
2.05
4.85
1.01
3.91
4.24
0.73
4.99
4.54
4.95
4.6
0.52
3.87
1.13
2.18
3.75
2.96
3.78
0.28
0.98
4.06
1.56
4.46
2.48
1.81
1.25
1.2
4.1
0.97
0.32
1.64
2.97
4.66
4.7
4.92
3.53
1.27
3.93
3.51
4.97
4.61
3.55
0.11
3.92
1.96
3.15
2.28
0.63
3.37
0.65
4.15
1.81
2.99
1.01
0.58
0.5
0.73
4.54
2.48
3.63
3.56
3.93
0.47
2.88
2.95
0.33
3.82
2.66
1.21
0.29
0.7
2.67
0.91
2.53
2.71
3.52
1.44
4
4.12
4.32
4.33
2.11
0.58
4.11
2.58
3.04
0.68
3.91
2.02
3.58
2.89
2.51
1.18
3.97
3.15
4.61
3.13
1.34
0.66
4.15
3.43
2.19
1.46
1.9
2.25
1.47
1.42
1.09
4.75
0.71
0.54
2.43
4.47
2.89
1.84
4.71
4.95
1.16
4.53
0.1
3.3
0.01
1.88
2.28
2.95
4.91
0.6
2.73
3.99
4.85
2.78
1.09
4.17
0.16
4.68
1.08
1.52
2.98
2.44
0.52
3.21
4.79
0.53
3.32
1.16
2.18
4.92
4.9
1.45
1.7
3.22
3.41
4.84
2.47
1.78
0.78
3.71
4.51
4.93
4.86
2.83
2.78
1.17
1.81
0.19
0.88
4.93
2.72
2.87
2.93
1.93
3.8
3.93
4.45
3.17
0.45
3.4
1.07
0.36
1.04
4.08
3.09
3.55
3.15
2.39
3.83
4.03
1.44
0.85
2.82
0.67
3.9
3.06
3.4
0.99
1.65
3.64
3.94
0.26
0.97
0.33
3.8
3.85
4.41
2.11
2.24
1.18
3.77
4.76
4.63
0.23
1.68
2.21
1.4
2.04
0.02
1.09
4.36
1.29
3.43
2.68
4.9
3.36
0.29
4.75
0.5
0.74
1.48
3.65
2.3
2.31
3.33
0.71
3.88
4.32
4.85
2.17
2.4
0.66
4.95
2.14
4.79
1.39
3.3
0.01
2.73
4.89
0.51
1.59
0.72
4.52
1.53
0.47
1.25
0.42
0.01
2.02
2.29
3.92
1.12
3.36
0.07
3.44
1.45
2.7
2.22
2.68
3.37
1.47
4.16
2.32
0.94
3.43
2.87
2.33
0.94
0.73
2.31
2.1
2.45
3.6
1.62
1.48
4.99
2.53
1.16
4.15
2.46
0.18
4.66
2.25
2.13
3.17
1.6
4.48
0.19
4.26
1.07
4.03
2.03
3.28
1.64
0.47
1.64
0.21
0.31
3.96
4.54
1.99
2.03
0.87
3.6
0.2
0.2
4.81
0.48
0.37
4.89
0.16
3.71
4.52
3.43
2.67
2.06
3.16
1.98
4.5
0.97
0.59
2.2
3.65
4.41
3.51
3.42
1.69
1.79
1.81
0.7
3.75
4.86
0.09
2.99
0.51
2.15
2.91
0.81
2.83
3
0.95
0.78
2.39
2.63
1.28
3.4
3.13
4.87
0.15
0.94
4.03
4.41
1.23
1.38
3.22
2.28
0.76
0.13
2.52
4.48
2.02
0.56
4.25
1.4
3.69
1.16
4.05
2.05
0.08
1.52
3.65
2.29
4.9
4.76
2.4
1.55
4.78
4.21
2.74
3.35
1.94
3.57
2.23
3.52
3.86
1.63
2.2
0.11
3.69
3.69
0.47
3.92
0.31
0.89
1.79
0.41
4.76
0.39
2.5
0.27
0.92
0.5
2.78
3.8
4.84
4.54
1.34
2.67
2.89
4.11
4.3
2.74
3.44
0.56
4.85
4.99
2.72
0.06
3.99
3.51
3.7
4.6
2.33
4.62
3.93
3.51
0.63
4.14
3.03
3.31
1.08
0.25
3.62
4.74
4.96
2.24
4.2
2.85
0.48
1.87
2.97
2.35
1.48
0.74
1.61
3.12
2.42
2.26
1.64
0.78
0.75
3.41
3.32
3.07
3.66
1.78
3.95
3.48
4.23
1.16
0.48
0.14
3.47
3.23
0.7
3.65
0.13
3.08
0.73
3.89
1.58
0.63
1.37
0.1
0.61
0.71
0.48
1.83
4.64
4.99
3.58
2.57
3.96
3.65
2.72
2.27
0.91
3.91
3.23
0.05
4.42
0.81
0.85
2.99
1.27
3.06
4.72
2.26
1.97
0.67
1.53
4.01
0.18
0.61
1.49
2.69
4.28
2.3
1.52
4.02
1.6
3.9
4.41
4.79
3.41
4.42
1.65
0.92
1.81
2.89
0.09
2.7
2.73
2.63
3.01
2.12
0.07
4.42
3.58
0.29
1.39
4.68
3.08
4.01
4.96
1.5
2.74
0.56
2.79
3.65
2.62
4.77
1.11
3.89
3.39
4.01
3.64
4.08
4.11
3.49
2.28
1.82
2.1
4.18
1.01
2.17
4.92
0.56
0.72
3.75
3.22
2.21
4.72
0.38
3.37
1.67
4.51
2.57
1.61
1.47
4.45
2.26
1.15
4.42
3.18
1.44
3.62
3.51
1.91
4.75
1.62
4.3
2
0.01
3.78
3.88
0.68
1.41
3.39
4.64
1.05
0.48
4.4
1.24
4.14
2.93
1.11
3.72
2.46
0.03
2.32
1.61
4.18
4.22
2.57
1.94
3.24
1.58
2.01
4.26
4.98
1.41
0.67
3.38
3.95
0.33
4.24
0.89
4.06
3.61
1.1
4.79
0.1
4.77
4.17
3.23
2.68
0.88
4.22
0.24
3.51
0.18
0.18
1.48
2.35
0.58
2.88
1.3
1.17
2.82
3.05
0.1
0.59
2.5
3.16
0.14
4.85
2.85
2.19
4.62
0.61
4.02
4.66
1.76
4.58
3.4
0.87
3.86
4.55
1.84
2.35
3.24
1.74
3.39
3.63
4.51
1.37
3.27
1.99
0.29
2.23
3.15
0.41
3.54
1.26
1.21
0.95
0.6
4.32
4.6
0.15
3.07
2.08
4.86
3.44
2.93
4.01
3.77
3.18
4.92
3.64
0.53
3.18
3.4
0.52
1.34
2.45
2.17
0.74
1.83
4.04
3.6
3.43
0.9
0.28
2.2
0.82
4.44
3.87
4.21
2.92
1.16
3.28
4.82
0.29
3.54
3.48
3.01
4.84
3.54
0.26
2.5
4.7
3.14
3.4
4.66
1.33
2.23
0.15
0.29
1.13
5
2.03
1.2
3.64
0.44
4.01
3.65
1.62
1
1.97
4.41
0.33
4.06
4.38
1.43
0.44
2.6
0.83
2.8
1.91
1.42
1.03
1.06
0.08
2.42
3.72
1.4
1.9
3.96
0.19
4.24
0.57
2.08
0.75
3.38
0.56
3.53
3.55
0.5
4.08
2.27
4.02
3.5
1.41
3.43
2.23
0.07
0.83
2.8
1.16
3.47
