0.11
0.54
1.9
0.3
4.68
1.39
3.91
2.42
4.28
0.78
1.28
1.5
1.4
2.64
4.65
3.45
4.24
3.82
2.64
1.86
4.17
1.7
3.11
1.11
2.22
2.99
0.38
2.68
3.58
4.99
4.29
4.39
2.84
0.87
3.83
2.27
1.87
2.82
4.32
0.91
4.09
0.93
2.01
1.82
3.85
4.42
0.29
0.93
1.92
0.74
4.46
1.91
4.63
3.8
3.02
2.35
0.78
1.76
3.51
4.53
4.46
2.77
1.12
1.93
1.9
4.37
2.49
1.53
0.03
3.27
3.7
4.08
2.51
1.46
2.65
0.08
4.93
3.62
3.57
3.15
2.82
1.44
1.25
2.59
0.53
1.78
3.08
4.76
2.55
2.34
4.59
2.58
4.37
0.4
1.99
1.06
0.94
0.43
1.47
2.22
4.92
1.71
2.47
2.14
3.01
2.69
1.46
2.38
2.42
2.31
1.4
4.28
2.09
0.9
4.42
4.2
1.2
4.93
4.91
3.09
0.98
2.58
0.86
2.98
3.26
2.69
2.12
2.36
0.37
2.97
3.27
1.51
3.51
1.09
4
2.67
4.42
4.57
2.65
0.87
2.13
3.02
2.36
3.6
2.11
1.49
1.52
4.59
3.76
4.04
2.07
1.03
3.06
0.45
0.56
4.37
1.69
3.26
1.19
1.19
4.23
4.2
2.76
4.29
4.07
3.59
2.27
2.99
1.74
1.81
0.38
4.98
2.82
2.72
0.46
0.81
3.2
1.47
2.82
1.06
4.87
3.72
0.66
0.76
1.32
2.57
1.94
3.63
1.47
0.55
3.25
4.54
2.43
3.99
4.58
1.66
0.9
0.53
3.5
4.79
4.33
1.02
2.45
1.56
1.21
0.38
0.06
3.6
4.87
3.79
1.58
4.73
1.3
3.31
1.88
4.84
1.71
2.25
0.33
1.93
0.65
1
0.59
1.61
0.4
1.93
1.99
3.81
4.47
1.08
2.19
0.19
2.22
2.99
3.27
2.5
4.69
4.52
3.2
3.34
2.89
2.29
3.2
1.64
0.68
2.74
3.8
1.79
2.83
4.21
0.97
0.18
1.09
1.61
2.51
0.81
4.56
0.91
2.58
1.12
4.89
2.31
3.89
4.41
0.81
3.56
3.27
4.62
1.02
0.4
4.32
1.17
0.8
0.58
0.7
3.52
3.93
0.06
2.42
0.42
0.29
4.9
3.93
0.15
0.18
1.21
0.54
1.14
4.59
3.57
1.1
4.15
4.94
4.45
4.86
2.23
2.67
1.43
0.47
0.7
3.15
0.04
0.86
0.63
2.29
1.88
0.16
3.03
1.55
1.08
2.61
1.51
4.6
0.76
4.39
1.26
0.95
4.5
3.05
2.76
2.01
0.96
0.67
2.48
1.3
1.43
4.33
3.53
3.18
3.44
2.1
3.02
1.37
0.47
2.8
4.02
2.63
0.6
4.95
4.82
4.95
4.6
1.5
3.06
2.83
2.14
1.66
0.32
2.56
2.21
2.59
2.24
3.11
1
0.42
1.45
1.14
4.74
1.7
4.88
4.1
3.46
4.87
0.07
4.45
3.17
0.62
1.69
2.31
1.39
4.61
2.71
3.46
2.61
3.31
0.61
4.3
0.85
4.21
2.73
0.22
0.86
2.32
1.36
0.56
2.82
4.46
2.47
0.27
3.48
1.33
1.46
4.17
4.35
4.05
1.17
2.82
1.08
4.29
1.77
0.83
1.06
4.96
3.67
4.83
0.51
1.84
2.59
0.19
4.96
3.88
4.85
4.76
1.09
0.14
1.97
1.66
0.63
4.17
2.87
2.35
4.57
1.13
3.57
4.6
3.23
3.19
1.25
4.02
1.49
4.58
4.18
1.22
1
0.33
4.65
0.36
2.72
4.4
4.3
1.87
0.11
1.87
1.57
3.95
0.19
3.78
0.98
1.98
4.57
2.38
0.51
0.23
1.25
2.55
1.67
1.65
1.18
1.91
4.7
4.93
2.52
4.48
1.94
4.53
4.31
1.09
4.9
2.95
4.17
1.37
1.6
1.09
2.05
0.92
2.62
1.71
3.35
4.22
0.95
0.55
1.33
1.64
4.02
1.5
1.51
2.81
1.43
2.9
0.29
0.12
4.08
1.16
3.31
0.89
4.99
2.91
4.43
0.39
3.95
1.27
3.09
1.2
3.33
3.81
1.53
0.23
2
0.85
4.91
2.99
3.22
4.02
2.25
2.18
4.73
2.93
4.34
3.58
2.96
4.13
2.27
2.55
2.99
4.64
3.78
0.84
1.79
3.74
1.48
1.92
3.05
2.6
0.45
0.31
0.63
0.03
0.23
4.12
1.42
3.55
2.87
1.59
0.74
1.66
3.23
0.25
1.06
0.68
1.38
3.82
2.73
3.04
2.68
0.18
3.2
0.9
2.22
3.8
4.59
0.82
4.04
0.05
0.4
1.56
1.34
1.86
2.27
2.91
2.1
0.55
1.65
4.18
0.36
1.69
3.59
0.91
1.27
2.82
1.9
3.1
4.13
1.62
0.27
2.51
0.2
4.24
0.95
0.01
4.57
2.54
2.4
3.51
1.44
1.92
0.41
2.41
1.61
2.12
2.35
0.62
0.74
0.35
0.14
2.04
1.76
2.56
0.91
0.92
1.87
0.74
3.42
0.95
2.15
3.1
2.43
2.45
1.59
0.54
3.12
1.55
4.39
3.34
4.28
4.17
1.31
4.8
4.94
2.83
3.55
4.5
4.88
1.89
3.07
3.53
1.65
4.06
3.28
1.74
4.16
3
2.88
4.03
4.82
1.83
4.61
4.55
0.92
2.82
1.53
1.29
2.77
1.26
1.65
1.56
2.61
0.37
0.7
4.35
4.85
1.02
3.25
1.65
0.86
0.52
2.81
4.48
4.23
3.89
0.89
1.55
1.36
1.57
3.43
0.59
3.18
3.77
0.22
0.25
0.8
0.75
0.06
0.84
2.37
2.29
2.16
3.2
4.7
3.06
0.11
4.24
0.04
4.8
0.62
0.28
4.12
1.4
3.24
3.94
0.54
0.78
1.03
1.43
1.33
4.53
4.1
4.62
3.66
3.55
4.97
1.38
2.6
1.86
0.35
2.48
3.47
1.28
1.42
0.39
0.38
3.11
2.86
3.17
0.96
0.79
0.75
3.44
0.06
1.95
0.99
0.08
4.48
1.74
1.99
2.71
0.22
4.92
0.33
4.51
0.84
4.3
2.04
4.32
4.85
1.77
4.76
3.29
1.73
4.47
4.63
3.99
2.77
2.02
4.89
2.71
4.84
2.82
3.88
1.79
1.79
2.72
0.74
0.43
0.9
2.88
3.17
2.78
2.77
1.18
0.58
3.07
0.54
2.58
3.54
1.75
2.72
2.12
4.11
3.06
3.94
1.27
1.91
0.47
4.95
1.62
1.46
2.21
0.36
0.19
0.12
0.42
2.08
1.9
1.11
4.21
4.98
3.29
1.03
2.55
1.9
4.16
0.67
3.48
2.21
3.32
2.98
3.05
0.69
1.21
3.97
1.53
0.51
4.2
0.06
3.03
0.34
4
3.16
0.95
3.68
3.37
2.44
1.65
1.77
3.59
4.26
4.76
1.33
4.68
4.83
4.72
0.26
3.29
4.1
4.04
2.16
4.65
2.77
0.57
2.46
1.65
1.38
3.01
3.04
0.29
2.33
3.21
4.34
1.39
2.38
1.47
4.94
4.51
1.61
4.68
0.12
2.11
0.19
0.61
4.97
0.17
4.74
3.04
1.94
2.4
2.32
1.7
1.13
2.21
0.43
3.63
4.85
4.06
3.45
4.58
0.38
2.45
4.2
4.29
1.84
4.19
4.77
4.68
1.71
1.59
4.64
4.34
3.46
2.21
4.94
0.5
1.94
0.78
4.27
2.62
4.18
1.71
0.46
2.96
2.31
3.05
4.17
3.86
0.62
3.73
2.05
0.44
2.84
0.33
1.76
0.57
1.89
0.84
0.3
4.71
2.44
1.13
2.79
1.58
4.3
3.62
3.22
3.04
2.63
0.98
4.15
1.38
0.77
2.2
2.85
4.29
3.31
0.11
0.68
3.38
2.98
0.7
3.78
2.36
2.36
4.28
4.63
0.05
1.08
3.54
1.03
2.94
0.98
2.81
2.61
1.58
2.02
4.28
4.96
2.13
4.86
4.38
0.19
1.66
2.06
0.59
2.35
2.4
1.61
0.29
2.27
1.69
3.6
1.54
4.8
4.89
1.99
3.69
0.1
0.55
0.97
0.7
2.9
4.4
3.73
3.4
2.79
2.28
0.69
3.57
1.69
4.97
0.23
3.44
1.08
1.78
1.56
2.73
3.95
2.02
1.75
1.35
3.21
2.16
4.52
2.82
1.69
0.06
4.63
1.73
4.85
1.44
0.02
1.61
3.63
2.78
0.69
1.24
2.65
1.26
4.76
1.35
2.86
2.4
3.15
2.17
3.87
3.51
0.7
4.7
3.14
4.82
1.36
2.02
3.25
0.46
1.06
3.53
3.47
0.15
0.98
4.85
1.9
1.32
4.43
3.14
4.91
4.11
2.58
0.47
0.51
2.68
1.9
4.15
2.91
0.39
3.76
3.75
2.61
4.49
0.76
3.41
3.64
3.7
2.47
0.03
0.42
4.76
0.88
2.2
0.92
2.36
2.06
3.95
2.96
4.05
1.93
0.01
1.88
4.88
1.73
1.72
4.78
3.04
1.13
3.49
4.62
4.54
1.82
2.04
2.34
2.36
3.75
1.23
2.52
1.46
3.9
3.8
1.2
0.53
2.72
2.22
1.27
4.73
0.94
2.79
3.23
0.47
2.55
1.5
1.57
4.03
2.21
1.3
1.29
0.07
3.18
4.29
3.64
4.3
3.18
0.3
4.9
2.98
3.3
2.02
2.56
3.41
2.86
0.91
1.64
0.88
4.7
0.88
1.85
0.93
3.55
0.65
4.03
3.17
4.94
3.73
1.91
1.87
3.01
0.46
4.62
0.86
3.72
4.25
0.76
0.77
1.93
4.88
0.15
1.65
2.29
0.75
2.51
3.19
4.3
0.24
3.22
4.38
2.2
1.9
3.08
2.17
1.95
1.8
3.55
2.52
0.7
3.48
3.34
1.96
4.38
4.78
4.25
2.22
2.98
1.69
0.73
1.32
3.57
2.8
3.3
0.46
0.11
2.16
2.82
4.9
0.66
1.4
4.91
1.25
0.02
3.4
4.56
1.9
1.83
3.82
2.74
1.46
1.63
2.75
0.32
4.08
3.96
4.23
4.61
4.56
1.9
0.04
3.97
0.67
4.95
2.79
2
3.27
3.81
3.14
0.53
2.21
3.59
2.38
4.63
0.25
2.6
3.45
2.13
2.11
4.07
0.64
3.03
0.54
2.45
2.32
1.16
4.47
0.56
3.88
4.28
4.03
0.91
1.29
3.46
0.01
1.74
3.38
2.89
0.79
2.11
2.36
0.05
2.36
1.2
1.97
1.69
2.16
1.85
4.43
1.44
1.07
3.39
0.21
3.61
3.17
1.49
2.41
0.49
3.25
0.48
1.3
4.01
1.58
1.74
2.67
0.13
4.37
3.22
4.63
3.37
3.79
1.07
2.26
1.98
3.91
3.39
0.36
1.52
1.49
2.04
2.94
2.83
4.64
2.32
4.99
2.51
0.02
1.52
0.27
2.51
2.4
0.2
3.67
0.09
0.83
2.45
1.16
4.1
0.52
4.4
4.17
3.93
3.36
1.56
1.67
4.06
3.91
4.75
3.55
2.68
3.73
1.1
0.38
1.97
3.67
2.72
2.98
1.08
2.88
4.17
2.86
3.2
1.02
1.41
1.62
4.18
0.59
3.46
4.37
3.94
2.75
4.09
0.9
4.79
1.67
3.99
4.05
4.81
2.11
3.26
1.95
0.32
4.29
1.4
2.63
0.2
0.51
3.28
1.15
0.59
4.8
0.6
0.62
2.62
1.24
0.13
4.11
4.29
0.62
1.04
1.16
3.81
1.48
0.84
0.88
0.47
1.4
3.85
4.42
1.28
2.34
2.02
0.59
3.86
1.99
1.96
4.88
3.92
3.18
0.9
4.26
0.58
2.68
2.55
4.18
0.27
1.79
3.14
1.43
2.25
3.95
0.99
1.92
3.64
4.78
0.33
3.1
3.03
1.44
4.85
2.59
1.26
0.46
3.63
0.98
4.84
4.9
4.92
2.17
1.98
1.63
2.67
2.27
4.94
3.06
2.54
3.88
0.17
3.58
0.28
1.31
2.05
3.73
4.03
1.53
0.21
4.94
3.55
0.53
3.63
1.77
4.14
3
3.91
4.7
4.31
1.41
0.51
1.18
0.6
3.71
3.2
4.77
3.17
2.09
2.25
1.29
1.92
4.48
2.26
4.06
0.19
0.18
0.72
1.75
1.92
4.4
3.38
2.42
2.69
4.71
1
1.3
2.31
2.24
2.36
3.95
4.64
3.58
2.53
4.54
4.57
2.21
4.45
2.48
1.77
1.82
4.58
0.92
0.03
1.68
4.53
3.15
2.96
4.67
2.16
1.97
4.98
0.57
1.12
2.28
4.63
4.78
2.3
1.08
0.33
3.92
2.91
0.53
3.75
4.4
0.94
4.51
3.97
3.28
2.68
3.13
3.89
0.09
3.48
4.11
1.05
1.11
2.64
3.53
4.27
3.72
1.51
2.29
0.18
0.61
4.96
0.66
2.82
1.36
0.12
3.67
3.72
1.65
0.15
3.71
1.75
2.62
0.69
2.96
0.4
4.84
4.85
0.22
0.44
1
4.34
4.51
1.22
1.16
4.49
4.62
4.64
2.21
0.83
4.03
0.1
2.37
1.13
2.65
3.38
3.62
2.11
0.94
0.6
4.85
4.47
2.07
3.03
4.77
2.76
3.67
1.71
2.35
0.96
1.36
3.43
1.52
0.41
2.15
0.22
4.42
0.81
1.61
1.82
3.63
1.89
3.09
0.33
1.34
4.25
2.36
1.61
1.2
3.14
4.49
0.99
2.88
0.86
1.79
0.78
0.01
0.12
3.62
0.12
3.47
1.41
2.23
1.18
3.18
1.07
1.36
3.2
1.11
4.82
2.89
0.75
1.2
0.51
3.46
4.27
3.68
0.66
1.35
3.19
2.57
0.65
2.5
0.89
3.98
2.11
1.47
1.78
0.68
1.4
4.72
4.96
3.33
5
3.94
4.87
3.46
0.34
3.79
0.26
1.48
2.53
2.49
2.18
0.96
4.79
0.67
3.27
3.45
4.22
0.89
2.53
2.91
2.14
0.06
2.41
4.26
2.4
4.87
4.57
0.15
4.02
1.35
3.81
3.73
3.58
1.97
3.86
3.53
3.72
2.33
4.78
1.24
2.56
1.76
2.46
3.74
1.52
3.79
1.61
0.08
2.15
4.17
4.05
2.33
1.41
4.5
1.77
3.17
4.52
0.5
2.24
0.19
3.04
2.34
1.57
2.11
3.96
2.36
3.26
0.02
2.57
3.77
1.03
4.25
3.29
1.79
2.34
1.72
4.91
2.86
4.74
2.51
2.14
1.05
0.19
3.83
2.78
0.96
4.86
4.64
2.43
3.91
3.37
2.95
1.96
2.62
4.97
1.11
4.95
1.16
4.52
1.15
4.6
0.09
2.01
2.25
3.93
4.37
3.17
3.98
0.74
4.9
3.06
0.18
3.08
3.38
0.66
3.83
4.16
3.9
3.12
0.83
2.59
1.84
1.49
2.4
0.44
4.37
2.88
1.24
1.25
4.27
0.4
3.72
1.26
1.63
0.05
1.57
3.26
2.59
3.28
2.3
3.52
3.42
2.95
2.44
2.56
1.83
3.15
2.86
4.94
1.28
2.73
1.82
1.74
2.15
1.33
0.61
2.02
3.14
4.45
3.68
0.55
0.35
2.72
3.14
1.51
1.69
0.21
0.15
3.83
3.41
0.44
4.14
1.86
2.01
3.94
3.59
1.69
3.3
0.71
1.41
1.4
3.33
0.12
1.6
4.41
2.26
1.7
0.65
4.16
3.48
2.54
2.93
2.1
0.97
3.4
0.53
4.11
1.94
3.5
3.04
4.15
3.82
0.38
4.7
4.4
3.99
2.8
1.24
3.92
1
0.46
0.96
3.13
0.64
0.93
4.3
1.16
2.42
1.26
2.25
0.96
2.97
4.32
0.93
3.34
4.56
3.97
1.49
0.93
1.05
0.16
0.45
3.91
3.21
0.62
2.8
3.74
3.67
4.87
4.01
2.43
0.4
0.32
3.08
3.93
3.33
2.55
3.46
2.26
4.55
0.47
0.7
2.99
3.86
0.06
1.73
0.5
3.16
2.25
4.75
1.53
3.18
2.44
3.91
1.82
0.89
0.8
3.69
3.38
0.29
2.18
4.66
4.16
3.71
2.35
1.67
0.05
3.44
2.03
3.99
4.15
0.84
0.24
4.97
0.8
2.55
3.27
0.06
0.55
3.08
2.87
3.71
2.64
4.95
2.34
2.82
0.67
4.89
2.08
2.37
4.75
4.72
1.41
3.72
1.51
4
4.26
1.55
2.68
1.59
0.6
2.39
1.18
1.36
2.8
1.1
1.38
2.35
0.5
0.96
4.25
2.01
3.52
2.53
1.56
3.12
4.91
0.12
3.64
4.33
4.39
2.5
3.21
4.9
2.79
1.89
3.07
2.57
4.44
0.51
2.91
3.92
1.56
2.31
0.43
2.29
2.39
3.71
4.43
1.81
2.03
1.51
0.06
1.51
2.9
4.75
0.66
4.2
1.23
1.03
4.87
4.7
2.01
4.91
3.86
0.11
3.85
4.19
2.28
1.82
4.47
1.31
3.69
1.76
1.14
3.25
4.75
3.86
1.99
2.03
4.33
2.53
3.49
3.24
4.75
2.3
1.85
0.94
2.26
1.25
4.61
2.54
0.13
3.99
1.73
3.84
3.84
0.47
3.42
1.48
3.01
2.38
0.28
1.71
3.8
0.66
4.13
2.46
1
4.23
4.07
0.49
4.05
1.13
3.83
2.02
1.38
1.59
3.68
4.97
1.86
3.84
4.11
3.55
3.59
2.69
4.2
2.33
1.96
0.75
0.25
1.68
1.76
4.52
2.08
1.47
4.14
2.05
3.11
3.42
0.99
4.29
1.21
1.27
3.18
3.11
1.22
1.27
2.97
4.92
1.84
3.36
2.51
3.96
4.04
4.02
1.87
2.64
0.83
1.81
1.21
4
4.47
4.27
4.87
1.73
2.66
4.13
3.67
2.63
1.45
4.2
2.37
2.38
2.69
3.97
0.79
2.01
3.72
2.08
1.94
0.73
3.82
4.03
2.62
0.94
4.95
3.96
0.85
0.6
0.44
3.37
0.47
3.76
2.55
4.77
0.88
4.3
3.07
3.13
1.78
0.85
3.42
2.44
0.94
4.36
0.37
2.61
1.7
2.61
4.52
0.15
3.11
4.9
4.06
2.77
4.49
0.05
4.3
4.42
4.74
0.19
0.03
2.11
3.35
3.75
3.72
2.05
1.03
1.58
1.46
1.94
0.94
1.55
2.49
0.35
0.82
4.98
2.38
1.56
0.78
1.56
4.93
1.95
4.7
3.34
1.26
0.77
1.11
2.75
4
2.02
0.31
4.01
4.04
3.49
1.4
3.16
1.37
0.59
1.23
0.78
3.05
1.25
1.95
1.85
1.49
4.99
0.45
2.84
2.34
2.02
1.11
0.99
2.59
0.82
0.03
1.59
2.19
3.66
2.37
0.69
2.87
3.27
4.77
4.52
2.18
4.32
0.27
2.84
4.07
4
3.17
2.56
3.32
0.34
2.43
0.08
2.92
2.12
1.21
1.17
2.25
1.12
0.89
0.1
1.24
1.1
2.58
0.4
1.95
3.41
1.15
1.66
4.09
0.54
3.06
2.21
0.64
4.98
0.42
2.22
2.22
0.19
3.39
3.25
2.6
3.88
2.47
3.56
3.21
2.37
3.85
1.23
0.67
0.54
2.98
2.82
4.26
4.64
1.58
0.57
2.03
3.68
1.19
2.06
1.22
1.24
0.71
1.89
1.84
1.63
2.78
2.97
4.81
4.09
4.89
0.21
4.53
4.1
3.22
3.54
1.86
0.35
0.55
3.19
3.62
1.81
3.06
0.45
1.48
4.2
1.3
3
4.69
1.99
4.66
2.06
3.98
2.04
3.27
3.04
1.05
1.37
1.2
4.2
0.77
3.48
2.59
1.45
0.69
3.99
4.44
2.1
3.6
3.64
1.81
4.83
0.53
2.78
5
4.61
3.14
2.75
4.68
2.79
4.61
4.28
0.45
4.32
1.83
4.75
3.12
1.42
0.01
4.18
1.05
0.82
2.1
1.38
2.75
1.27
3.26
3.09
4.09
0.22
1.63
2.67
0.45
3.23
1.89
0.7
2.3
2.81
0.61
3.97
0.29
4.26
1.55
1.88
1.86
2.62
0.74
4.47
2.45
2.39
0.13
4.78
4.7
0.03
2.85
2.9
0.65
0.5
3.74
0.52
0.17
4.22
2.79
2.84
3.92
3.74
3.22
2.69
2.42
0.34
1.59
2.34
2.21
3.84
1.59
1.02
3.67
3.92
0.8
3.34
3.42
1.36
0.18
1.56
0.2
2.44
1.44
3.4
4.46
1.74
4.4
3.76
1.07
1.56
2.98
4.88
1.87
3.75
0.15
4.56
0.82
1.54
0.04
0.5
1.36
1.73
0.54
4.9
2.02
0.6
3.2
1.34
4.88
0.81
3.96
4.74
4.69
4.66
2.69
3.42
0.6
3.16
2.44
0.96
0.84
0.95
4.72
3.17
4.2
0.51
4.35
4.8
0.66
2.9
1.73
0.79
3.06
4.87
2.38
4.55
2.06
1.36
1.31
4.96
3.32
3.95
1.06
4.25
1.79
2.57
3.39
0.74
4.38
0.45
0.89
2.14
3.8
2.77
1.35
3.81
1.39
4.64
4.46
