2.92
2.03
3.42
0.53
3.03
4.4
0.51
2.13
3.78
3.55
3.13
0.89
4.07
1.13
1.72
3.61
1.47
1.71
3.29
3.68
4.6
3.82
4.5
3.35
3.87
0.14
2.9
3.66
0.92
2.24
1.55
1.75
2.15
1.65
1.53
4.41
1.73
0.8
0.01
4.15
0.15
1.92
4.85
0.04
4.94
2.57
1.8
3.98
2.33
4.26
1.49
4.06
3.88
2.89
2.1
4.51
3.65
4.01
0.32
0.62
2.9
1.35
1.12
3.86
3.37
0.53
1.63
0.1
4.3
3.01
2.09
2.26
4.11
1.37
2.75
1.29
0.46
4.48
0.53
3.08
4.94
3.75
4.11
4.69
1.86
3.94
1.56
2.27
2.37
0.58
3.4
3.78
3.62
2.06
1.17
3.77
3.99
2.3
4.1
1.6
2.58
0.02
0.31
2.18
1.88
2.57
1.26
3.9
1.05
0.72
3.81
2.24
4.66
0.25
4.62
3.96
2.48
0.15
0.4
1.67
1.61
1.63
4.8
4.98
2.85
3
2.01
1.68
4.76
3.14
4.52
2.52
1.98
1.04
2.62
1.71
2.55
2.8
1.32
3.64
0.56
2.34
0.2
3.71
3.75
3.08
0.58
4.08
0.77
3.74
3.87
2.32
0.8
1.78
3.34
1.1
2.33
4.22
3.22
2.22
4.49
0.48
1.71
1.59
4.99
4.95
3.24
1.98
2.26
1.29
4.37
3.92
3.24
3.19
0.25
2.16
4.8
2.22
0.81
4.59
3.17
1.74
2.34
4.66
2.97
3.58
4.42
2.76
0.93
4.8
3.65
3.3
2.84
2.36
4.2
3.91
1.5
3.85
0.06
3.79
1
2.98
2.14
1.88
1.78
3.01
4.23
4.11
0.65
1.4
2.91
0.77
0.22
1.74
2.39
1.14
3.85
2.36
1.29
2.19
4.86
2.64
3.26
1.91
0.33
3.5
1.87
3.6
4.16
1.06
0.94
1.1
0.09
3.71
1.75
2.93
1.83
2.26
0.67
2.67
0.97
3.54
3.97
1.18
1.27
1.56
3.08
3.42
1.1
2.95
1.42
0.86
3.77
3.87
3.03
2.77
2.67
0.16
2.56
1.92
3.65
3.31
2.52
2.11
3.68
4.86
0.09
4.34
3.07
1.15
3.13
0.24
4.01
4.37
3.39
2.54
1.96
1.65
2.27
4.33
4.15
4.15
2.6
4.27
1.81
4.42
3.94
0.23
0.5
1.59
0.18
2.63
2.91
0.57
4.04
0.42
1.19
4.56
0.04
2.54
2
2.78
2.56
3.26
3.04
0.55
1.63
3.48
1.36
0.02
2.21
2.55
1.06
0.63
1.71
4.58
1.1
0.21
1.09
3.51
1.16
4.23
4.96
2.87
1.2
3.38
1.59
3.14
4.64
0.09
0.11
2.83
3.25
0.19
4.7
2.34
2.14
3
0.35
2.16
4.28
3.45
0.1
2.17
4.12
1.34
4.59
3.18
0.06
2.49
0.85
1.93
2.77
3.68
1.84
0.44
2.03
0.81
4.83
2.01
2.7
0.08
0.57
2.29
3.47
0.04
4.63
1.05
4.55
1.75
3.4
4.36
0.4
2.14
0.92
0.98
1.27
1.54
1.13
1.39
4
1.68
2.99
3.72
2.01
0.81
4.03
4.08
4.36
2.22
4.94
0.76
2.88
4.33
4.3
1.91
0.85
3.9
2.19
1.22
1.55
2.32
0.17
4.42
2.11
4.41
0.69
3.01
3.09
1.09
1.22
4.38
3.8
2.31
3.54
0.08
0.91
2.77
4.02
3.76
0.47
4.53
4.28
1
0.14
2.47
2.93
2.09
4.6
0.95
1.78
0.26
0.94
0.99
3.27
3.36
2.45
2.72
0.99
4.85
0.83
1.83
3.86
0.35
0.6
4.32
4.78
4.43
2.59
4.98
1.34
1.08
4.69
4.65
1.49
1.74
3.67
0.34
2.03
4.18
4.17
3.31
1.09
0.88
4.97
1.69
4.37
3.34
2.84
0.9
0.19
2.41
2.26
0.19
3.42
1.04
4.43
1.68
1.88
3.58
3.81
1.52
1.26
0.04
2.48
3.54
4.07
2.7
4.53
3.46
3.74
0.38
3.24
4.38
0.67
1.65
2.66
1.91
4.42
4.69
0.01
4.35
3.25
2.3
1.46
3.03
2.39
4.55
1.21
2.39
2.17
4.92
2.32
1.44
4.78
0.45
2.22
3.56
1.08
4.41
4.51
4.87
1.83
3.11
4.81
4.67
4.06
1.58
4.31
0.32
2.26
3.6
2.35
4.17
3.53
3.39
4.82
1.32
3.91
2.55
2.34
4.45
2.63
1.77
2.85
1.75
1.19
2.22
2.54
2.68
4.99
4.13
1.96
3.16
4.75
2.69
0.2
0.78
3.85
0.95
3.03
3.96
1.77
3.82
0.8
2.76
0.07
0.68
4.39
4.89
1.31
2.05
0.49
2.01
2.13
0.68
4.35
2.7
2.37
0.01
3.79
1.44
0.32
0.73
3.14
4.67
1.8
0.83
1.35
1.09
0.42
4.87
2.52
1.07
1.7
3.01
4.31
3.38
4.27
1.57
4.25
2.21
2.13
3.8
4.87
4.21
0.24
4.66
2.07
4.02
3.76
4.76
3.72
1.33
0.4
3.78
2.08
3.65
1.51
2.58
4.73
3.64
0.26
3.65
0.39
4.5
4.4
2.75
0.15
4.51
4.57
3.35
4.08
1.75
4.82
2.27
0.82
4.72
4.97
3.21
0.17
3.15
1.15
2.67
1.17
3.4
1.74
0.69
2.78
1.04
0.35
4.36
2.36
3.3
3.16
4.63
1.6
3.38
0.49
3.67
1
2.02
3.39
1.51
2.81
1.47
1.3
1.09
4.46
1.99
1.36
3.91
3.77
4.46
0.88
4.92
0.72
0.29
4.08
4.93
2.39
3.9
1.1
4.96
4.46
1.43
2.58
4.77
0.79
0.01
3.02
3.24
3.56
2.24
2.6
1.07
1.05
3.55
4.5
4.19
3.79
1.26
1.1
4.76
4.87
3.68
2.07
0.14
4.09
3.87
4.24
3.77
4.03
1.6
0.14
2.01
2.81
2.74
3.5
0.15
4.11
3.78
4.77
1.88
3.77
4.34
3.43
4.73
4.55
4.28
3.89
3.95
4.13
0.03
4.72
1.8
4.13
4.8
0.44
2.44
3.54
2.29
2.67
1.74
3.4
2.95
2.53
2.94
2.19
1.99
1.5
2.2
4.49
2.8
2.68
1.75
2.1
1.05
1.91
0.42
1.13
1.69
4.73
1.41
3.82
0.7
0.14
0.96
0.73
2.45
1.27
1.89
0.64
0.6
1.98
0.71
1.23
0.54
1.35
0.91
4.68
3.58
0.09
0.35
4.3
2.43
3.11
3.59
1.35
0.06
0.23
0.73
3.91
3.79
0.78
3.14
2.05
0.21
4.28
1.01
0.88
1.73
2.41
3.55
4.03
1.49
1.07
3.85
3.97
3.72
0.99
1.86
0.45
3.7
2.01
3.27
3.35
2.89
1.96
0.94
0.43
2.74
3.83
1.1
1.03
2.19
4.66
1.46
4.98
2.67
0.01
1.6
0.28
0.75
2.64
3.22
2.09
3.86
4.67
4.2
0.12
0.84
3.07
0.61
3.79
3.04
4.23
1.66
4.65
0.61
4.8
0.86
0.89
1.12
0.59
2.63
3.07
0.91
1.39
2.74
2.56
0.18
2.59
5
1.94
0.48
1.74
4.39
1.33
2.91
3.98
1.95
0.33
4.01
4.93
4.43
4.38
4.56
1.99
1.41
0.36
2.35
4.39
3.33
3.51
2.37
3.55
4.92
3.52
4.82
4.22
3.73
0.6
3.46
0.55
2.35
2.61
2.84
3.53
2.59
3.8
0.47
1.51
3.2
1.49
2.82
3.36
3.16
4.4
2.61
4.09
3.56
4.14
3.77
1.81
0.25
3.49
0.87
3.26
3.41
1.37
3.44
0.99
4.22
1.06
3.41
4.87
1.74
4.47
3.35
2.51
2.62
0.43
1.87
0.68
2.81
3.03
4.19
2.17
0.48
1.28
4.69
3.8
4.15
3.68
2.83
0.36
0.73
2.31
3.09
4.96
2.82
1.63
3.83
0.2
2.74
4.81
4.74
2.76
0.08
2.16
3.11
1.02
0.08
3.2
1.77
0.93
1.41
0.93
2.49
0.21
4.55
2.1
2.82
0.27
0.19
1.33
3.18
2.54
1.7
0.06
0.95
1.07
1.47
0.67
3.53
0.59
1.86
3.42
0.59
1.21
3.74
0.75
3.84
4.66
3.51
0.69
3.48
0.01
3.65
4.52
3.71
2.89
4.25
5
3.93
3.04
1.02
0.14
2.37
3.67
0.76
2.99
2.71
1.01
1.19
1.3
4.34
0.6
4.49
0.41
1.27
2.93
4.91
0.04
0.38
3.56
4.81
1.15
1.32
3.2
4.51
3.42
1.07
1.65
4.69
3.83
3.08
3.41
1.16
4.09
0.64
3.85
1.96
0.83
2.38
3.86
2.61
2.4
0.36
4.64
2.21
4.11
1.67
0.12
4.5
4.96
1.2
0.9
1.82
4.35
1.16
3.76
1.64
4.26
0.26
4.65
2.31
4.22
4.98
4.64
2.42
1.85
0.68
2.32
3.52
3.41
0.04
3.21
2.94
4.95
2.95
1.69
3.41
2.64
4.46
0.43
0.74
1.77
1.45
4.19
4.89
3.02
3.61
3.77
3.5
4.13
4.04
2.93
4.57
3.45
4.85
4.45
3.13
1.85
0.88
1.31
1.49
0.26
2.17
4.31
0.3
1.94
4.88
0.04
2.48
0.73
0.58
3.1
3.53
0.29
1.17
2.45
1.22
3.86
0.32
0.08
2.76
3.94
3.11
3.42
0.18
2.69
4.26
4.06
3.32
2.78
2.87
0.36
1.33
2.08
5
3.22
4.79
2.89
2.07
4.92
3.31
2.59
4.07
3.09
3.22
3.7
0.05
4.16
4.07
4.08
1.62
3.17
3.71
2.29
2.29
3.83
2.98
0.07
3.37
2.32
3.87
1.65
4.9
1.04
1.28
2.38
0.37
2.03
3.85
2.54
1.47
3.19
1.72
3.25
1.44
1.2
0.02
4.61
4.46
3.16
0.51
1.73
0.44
3.92
3.79
1.34
4.53
1.04
4.52
0.3
4.03
2.95
2.54
1.96
0.6
0.35
4.1
3.54
4.48
1.45
2.83
3.04
3.75
3.35
0.64
4.3
3.93
4.72
2.66
4.85
3.96
0.23
4.72
1.31
3.23
4.96
4.27
3.34
2.68
1.26
0.12
4.91
2.17
0.49
4.79
3.88
4.3
1.16
1.59
3.78
3.53
3.58
2.53
0.45
2.96
0.25
0.29
0.26
0.43
3.31
3.99
1.32
3.22
4.12
1.29
3.21
2.58
1.87
0.7
0.57
4.32
0.7
1.66
3.57
1.33
3.91
4.69
2.94
3.22
1.37
0.82
3.31
3.12
4.38
0.46
0.1
3.78
2.24
3.33
3.45
4.95
0.93
2.22
2.04
3.27
2.73
0.24
2.21
0.15
2.44
0.92
0.22
1.52
2.69
0.52
1.78
3.76
1.56
1.34
3.28
2.75
3.2
0.17
4.81
1.2
2.31
2.15
3.69
3.64
1.11
4.92
2.9
3.83
1.5
3.42
2.05
3.49
0.85
4.43
1.98
1.58
3.06
2.77
1.17
1.53
1.94
1.99
4.52
0.82
1.79
2.73
1.2
3.7
1.48
1.33
3.21
2.37
2.37
3.22
4.13
1.31
1.56
3.23
0.55
1.02
3.23
4.31
0.15
4.56
3.22
0.58
4.44
3.08
3.67
1.23
2.1
0.97
0.29
1.2
1.27
4.42
2.06
1.69
1.13
3.21
0.6
2.21
4.7
2.78
0.7
4.35
1.8
0.05
2.66
3.6
1.83
0.19
0.24
3.65
2.44
2.2
1.26
4.45
2.66
0.84
3.86
3.09
4.73
0.68
2.64
2.75
0.89
2
1.25
0.47
0.1
0.9
0.13
2.35
4.42
4.29
3.28
3.5
2.98
1.49
1.76
4.48
1.95
1.66
2.38
0.55
0.43
2.72
0.63
1.27
2.66
3.83
3.05
2.27
1.09
0.42
0.7
1.48
1.72
2.4
2.29
0.42
4.81
1.45
3.93
3.84
1.26
4
3.52
0.41
3.42
3.35
1.72
0.49
2.52
0.27
3.57
4.95
2.98
0.16
4.75
3.11
2.9
3.38
2.67
3.75
1.32
0.05
4.03
4.65
2.6
2.32
1.82
1.41
0.26
4.38
4.68
4.08
3.85
0.89
1.08
0.68
4.1
2.78
4.88
2.99
3.53
2.16
0.82
0.13
3.67
4.05
1.75
0.85
4.25
1.32
0.43
3.65
0.27
0.09
4.97
0.82
1.22
2.61
3.58
0.46
0.14
1.64
1.02
1.92
4.03
2.03
2.87
1.58
3.71
1.41
1.64
1.84
0.47
0.52
3.94
2.83
2.37
1.97
3.97
0.31
4.8
2.63
3.68
0.34
1.9
4.02
1.7
2.88
4.32
2.1
1.82
0.24
4.86
0.65
1.9
3.43
3.61
0.39
0.96
3.25
1.2
1.41
2.32
2.93
1.49
0.64
1.64
4.33
0.63
4.95
2.05
0.37
1.56
3.84
4.5
1.26
1.57
5
0.18
4.08
4.09
1.11
3.26
3.72
1.23
2.82
2.2
1.71
4.33
0.42
2.01
1.15
2.83
4.83
4.19
4.58
1.9
4.94
0.07
3.65
4.88
4.42
1.89
1.49
2.5
4.39
4.83
4.76
4.63
1.38
2.29
2.29
1.1
0.88
0.52
4.55
3.79
0.71
0.71
1.9
1.64
2.49
1.69
2.26
4.33
2.94
4
1.68
2.51
0.85
0.78
0.89
1.36
3.75
2.4
2.27
1.25
4.45
2.46
3.8
3.59
2.72
3.87
4.02
4.81
1.45
2.05
1.53
0.35
0.48
4.01
0.61
4.7
3.1
4.15
3.59
0.43
1.61
4.02
4.35
2.7
4.05
2
2.81
0.44
4.34
1.08
0.37
2.92
1.3
0.53
4.23
1.85
4.77
1.37
4.21
4.16
2.03
2.89
4.71
3.9
1.62
4.06
1.69
0.76
0.23
1.78
4.06
3.48
3.76
3.67
3.66
4.63
1.18
2
3.35
4.75
4.23
0.82
0.23
2.41
1.95
3.98
4.9
0.58
2.15
4.89
1.37
4.45
0.82
2.2
0.24
3.51
2.75
0.84
4.02
4.91
3.48
4.08
3.44
4.72
0.37
0.37
2.9
2.36
1.32
3.16
3.65
0.03
0.57
4.2
3.21
3.79
3.76
0.57
2.27
3.31
1.29
2.93
0.85
1.48
0.3
4.45
1.88
0.43
1.65
2.41
3.83
0.32
3.11
0.15
2.48
2.91
0.3
0.85
0.44
0.49
2.04
2.46
1.55
4.42
1.62
1.16
2.43
2.19
0.25
4.58
2.74
1.62
3.87
0.63
1.35
3.09
4.21
0.58
3.34
1.42
4.66
0.27
2.55
2.96
0.02
3.19
3.58
0.52
1.53
4.31
1.91
4.05
4.95
1.02
1.48
2.94
3.13
1.27
0.82
3.22
0.88
2.11
1.76
2.56
1.95
1.36
2.66
0.4
3.09
0.99
2.1
0.53
2.76
3.09
0.24
2.37
1.2
3.83
4.78
0.3
4.21
1.37
3.38
4.35
0.61
2.15
4.93
3.01
1.36
3.7
0.67
2.82
1.43
0.59
4.47
3.6
3.13
0.36
1.98
2.37
2.36
4.14
2.67
2.23
3.75
4.87
2.13
1
1.75
0.21
4.91
4.93
2.96
3.67
0.92
4.4
2.81
3.88
3.13
3.56
3.55
4.73
3.89
2.85
3.43
2.85
1.66
2.59
0.67
1.05
0.45
3.91
3.45
2.2
3.17
2.1
4.76
1.54
1.74
2.21
3.21
0.19
4.37
2.31
3.61
4.42
2.13
0.17
2.58
4.35
2.46
2.51
2.27
1.78
0.67
4.71
4.03
0.87
1.94
2.35
4.09
4.65
1.41
3.57
2.61
3.11
4.2
0.05
3.83
4.11
1.34
0.97
2.89
1.44
2.3
0.91
0.89
4.1
1.91
1.13
0.93
4.12
2.4
2.07
2.47
4.66
1.26
0.28
2.95
0.22
0.91
2.03
1.64
3.46
0.46
2.37
1.9
4.95
3.18
1.15
4.89
4.06
1.21
2.22
1.83
2.06
1.56
4.28
0.88
1.67
2.99
0.74
0.93
2.85
0.03
3.92
4.07
1.24
3.38
0.34
3.16
2.9
2.33
2.69
1
2.14
1.57
0.43
2.86
3.3
4.05
2.24
4.33
4.72
2.22
2.39
1.74
1.37
2.16
4.08
4.34
1.37
4.65
0.08
4.32
0.27
0.86
4.95
1.1
1.1
4.85
0.7
3.36
4.09
4.36
4.62
1.3
1.07
0.37
0.25
4.53
1.26
3.47
3.1
4.62
1.51
2.5
0.17
0.43
2.61
1.75
2.06
3.46
2.04
0.91
2.5
0.58
3.73
2.28
3.6
4.48
1.78
2.89
0.9
4.17
4.75
3.82
2.26
0.41
4.23
2.69
2.32
2.86
3.04
1.1
3.05
1.87
3.49
0.14
2.11
1.99
1.8
2.11
1.55
1.28
2.27
3.11
2.99
1.61
2.21
4.37
3.22
2.91
3.85
4.86
2.66
2.49
2.51
1.68
2.81
2
1.69
2.46
2
4.52
1.04
1.02
4.75
0.56
4.32
4.16
1.73
1.79
0.91
2.38
2.3
0.15
1.69
3.41
1.26
1.19
1.33
4.68
2.52
0.6
3.81
2.53
1.89
1.8
2.35
3.57
2.56
0.85
0.91
0.65
2
0.45
1.39
3.87
4.92
0.78
1.23
0.35
2.69
1.21
0.71
4.8
4.75
3.24
1.9
3.84
3.41
4.28
2.86
2.07
4.76
2.52
3.83
0.86
3.45
4.03
0.75
2.92
1.53
0.23
3.28
0.2
0.55
4.08
4.04
4.8
0.1
4.72
1.32
0.47
4.76
4.32
0.79
2.68
1.59
1.77
2.32
3.11
3.22
2.92
0.02
0.06
2.59
3.49
1.77
1.68
4.14
3.4
1.07
3.39
4.73
0.53
3.12
3.9
1.5
0.76
0.27
0.86
4.05
3.75
3.3
0.35
4.65
3.86
1.94
0.16
3.22
4.05
4.25
4.73
4.11
4.24
1.95
4.88
4.24
2.08
1.26
0.26
2.03
2.88
2.22
1.99
2.06
3.1
0.15
2.21
4.23
0.88
4.35
0.73
4.72
1.39
3.53
2.76
2.23
3.65
3.62
0.99
3.76
0.06
4.55
4.19
0.32
3.38
2.41
3.28
3.21
1.6
3.28
3.17
3.97
3.88
1.77
4.85
2.3
1.66
2.53
0.64
1.6
1.77
4.33
4.07
0.65
2.81
1.73
1.21
0.72
4.71
1.71
0.19
2.63
4.83
0.83
0.8
1.94
4.52
2.57
4.58
4.74
2.68
3.14
4.45
3.82
4.59
3.27
2.06
1.02
0.02
0.58
4.19
4.37
3.11
0.93
1.26
0.81
2.24
2.57
0.12
2.21
2.38
0.35
4.8
4.12
2.68
3.43
4.56
2.53
0.75
0.87
4.68
2.95
3.45
0.57
2.4
2.99
3.45
4.7
0.96
3.64
2.06
0.66
1.97
4.65
4.46
2.71
3.19
0.29
1.76
4.45
0.4
0.98
3.59
2.55
2.78
3.22
2.69
4.72
2.03
4.19
4.58
2.13
0.26
1.26
4.23
1.38
1.33
0.73
0.82
1.22
4.16
1.7
4.5
4.19
2.95
2.82
0.5
3.14
2.5
2.29
1.81
3.86
3.2
4.63
3.21
0.04
0.61
1.28
1.99
2.71
3.37
3.4
0.82
2.01
3.62
3.8
0.51
4.94
0.97
4.03
4.07
1.78
0.52
4.83
4.23
4.41
2.81
0.11
0.25
1.61
0.43
1.99
2.58
1.85
3.55
4.66
2.63
4.32
3.89
2.08
2.89
4.72
0.48
4.59
5
2.62
3.45
1.59
3.82
4.06
2.37
2.95
2.72
3.14
2.27
4.19
1.85
4.97
1.26
0.3
0.64
0.78
0.63
0.88
2.08
2.17
2.35
0.65
0.08
3.53
1.56
4.02
1.95
3.45
1.48
0.46
0.26
5
4.46
1.6
2.43
0.11
3.13
4.54
3.73
0.82
4.49
0.58
0.5
1.73
4.09
4.39
3.21
3.61
4.02
0.61
1.63
1.95
0.3
4.17
4.92
2.8
0.24
4
2.45
3.02
0.84
3.24
3.24
4.48
4.64
0.08
3.37
1.27
4.81
0.44
3.58
0.87
2.28
3.29
0.38
4.41
0.18
2.18
2.66
1.01
0.29
1.03
1.29
1.19
1.51
2.23
0.98
0.77
2.28
3.46
3.13
2.02
2.93
0.2
3.1
4.65
0.77
1.41
2.21
0.88
1.17
1.56
0.61
1.95
1.02
4.56
4.07
0.79
0.88
1.65
2.26
0.68
3.72
1.59
4.33
4.29
2.93
1.36
2.95
4.09
0.47
4.72
4.62
3.32
1.91
0.32
2.77
2.08
1.69
1.25
4.32
2.37
3.04
0.67
1.8
0.15
2.83
3.96
2.01
1.29
0.04
0.57
3.02
1.11
3.14
0.72
0.19
0.91
0.89
2.57
2.92
3.96
0.11
1.6
3.54
1.33
4.85
4.44
4.5
4.65
3.24
2.03
1.11
3.71
2.61
