0.01
2.76
4.54
1.84
3.31
3.95
1.36
2.77
1.81
0.47
3.19
2.15
0.55
3.7
0.41
2.35
3.5
2.03
4.56
2.93
3.27
4.69
2.82
3.4
4.21
1.89
3.47
1.93
0.98
0.89
2.21
1.69
2.78
0.5
2.33
3.26
2.38
4.32
0.31
2.84
3.82
2.53
2.46
2.55
0.49
1.71
4.17
3.08
0.87
4.02
2.36
3.51
2.01
2.41
4.66
3.62
3.81
2.82
4.15
0.51
3.5
3.87
4.93
3.21
3.04
2.86
1.61
4.86
3.32
2.29
3.11
0.38
4.8
3.44
4.75
4.2
3.74
0.05
3.05
0.48
2.69
0.77
3.51
0.85
2.55
1.84
3.43
2.77
3.65
3.21
1.86
2.21
0.42
4.4
0.7
3.36
3.96
0.53
0.19
3.27
2.35
0.52
4.15
4.78
0.27
4.65
2.12
1.81
4.52
4.32
4.62
4.84
1.49
3.72
2.41
1.32
4.16
3.35
1.85
3.21
0.95
0.58
2.95
1.39
3.19
0.82
3.67
0.55
2.88
0.99
2.61
2.77
3.6
3.02
0.91
1.38
1.7
3.39
0.88
1.31
1.77
3.61
1.19
3.88
4.49
4.92
0.59
4.36
1.73
2.21
4.41
1.2
1.26
1.15
3.79
1.25
3.44
1.33
3.35
1.08
1.03
2.77
1.41
4.51
0.33
4.85
3.52
3.71
3.76
0.37
2.48
4.57
0.22
1.71
1.7
4.2
2.44
1.39
2.48
4.64
2.29
2.68
2.7
3.06
2.06
3.79
3.43
1.12
4.62
1.03
0.74
4.26
3.87
3.75
4.27
0.2
2.33
1.45
3.56
0.21
1.62
1.38
4.6
4.17
2.87
4.33
0.58
1.13
0.59
2.76
0.58
3.81
1.02
3.64
4.3
1.01
0.47
4.63
3.28
2.68
1.85
3.38
2.12
4.02
3.48
0.74
0.28
2.58
2
3.2
3.77
4.02
1.66
2.6
3.62
2.74
1.74
4.59
2.95
4.85
1.19
0.86
1.61
1.09
3.97
2.85
3.41
4.76
2.02
0.14
4.91
4.06
3.33
3.85
2.13
3.66
3.24
1.81
0.29
4.91
3.19
4.53
2.66
4.12
2.3
2.1
2.11
1.04
2.22
4.22
3.17
2.23
0.71
2.8
4.71
0.33
1.01
0.29
2.16
1.12
2.43
0.16
2.45
2.51
1.51
1.12
0.25
0.71
3.29
4.23
0.65
0.36
4.8
0.45
2.9
0.08
1.78
4.98
2.94
4.84
4.64
2.11
1.24
4.8
1.14
3.35
4.27
0.79
4.24
3.11
2.01
2.26
0.93
2.02
1.05
3.1
0.08
3.93
1.41
1.38
3.04
0.74
3.67
1.9
2.14
1.16
2.53
4.43
4.14
0.07
1.54
4.15
2.41
4.05
3.26
4.33
2.66
2.33
4.94
0.21
1.47
4.04
1.56
1.08
1.42
2.21
3.12
3.35
4.03
1.28
1.99
4.04
1.42
0.63
0.4
0.17
2.49
2.54
1.17
2.64
3.83
1.35
2.61
0.29
4.61
2.5
3.85
3.98
0.78
3.54
1.81
0.83
3.65
4.4
0.07
4.08
1.97
3.57
1.49
4.76
4.94
1.58
4.53
3.37
1.09
3.41
2.59
2
4.47
4.94
3.37
2.14
2.62
0.64
3.28
4.79
1.86
0.23
3.87
1.28
1.3
3.6
2.72
0.31
3.15
1.59
0.89
0.79
4.16
2.91
2.42
1.55
3.11
3.17
3.99
2.62
3.34
1.82
1.96
2.43
2.01
1.66
2.21
2.1
3.87
0.79
1.42
1.6
0.15
3.21
2.48
4.33
0.93
2.32
3.4
4.82
3.26
4.09
4.01
1.92
0.49
3.7
3.82
1.08
1.74
4.93
4.26
0.91
4.54
0.82
4.1
4.41
3.17
3.4
0.47
4.95
2.26
2.34
3.73
3.18
1.8
2.43
3.59
4.74
0.67
2.95
1.97
2.77
1.65
1.51
1.93
1.79
2.18
4.15
2.4
1.11
1.9
3.25
4.62
4.82
1.37
0.25
4.93
4.93
2.56
0.01
0.19
1.78
4.6
1.57
1.14
4.22
4.93
3.75
3.26
4.12
3.08
3.66
0.05
4.46
1.64
0.78
0.11
2.42
3.02
0.43
0.96
0.1
0.58
1.72
3
0.94
3.64
0.04
1.83
3.29
1.28
4.46
2.89
0.86
4.21
1.01
0.93
4.76
0.52
0.28
3.98
3.29
3.14
4.27
3.27
2.24
3.55
0.13
3.67
4.46
4.43
0.05
4.38
2.13
0.13
2.48
2.21
1.25
1.76
0.59
0.61
2.63
1.42
0.17
1.98
3.21
2.87
3.36
2.61
4.94
1.75
1.73
2.94
2.14
1.46
1.13
1.49
1.05
1.59
4.82
4.98
0.44
1.31
3.67
3.92
0.85
3.76
4.63
0.76
0.86
0.1
0.45
2.24
3.47
1.45
3.67
0.05
3.03
2.42
2.58
2.82
0.04
4.78
3.64
2.6
2.47
0.14
0.66
3.65
1.38
0.27
3.52
1.46
3.73
4.21
4.75
1.95
4.87
3.7
2.08
4.53
0.9
3.83
4.12
3.31
0.48
3.6
4.86
0.87
4.69
0.99
1.39
1.31
3.99
2.89
1.74
3.15
4.67
1.36
0.31
1.98
4.23
0.95
1.66
2.01
1.12
4.32
3.28
4.68
0.75
1.57
3.94
3.91
1.46
4.81
5
1
3.28
0.47
0.53
3.89
4.29
3.29
2.41
2.83
4.71
1.32
2.49
0.72
1.73
4.81
4.96
2.43
2.57
2.06
0.61
1.45
0.2
4.99
1.91
1.17
4.99
3.94
2.59
4.28
0.26
1.83
1.54
4.59
2.1
0.83
4.94
4.06
4.06
2.78
1.3
4.87
3.08
2.33
0.08
1.29
1.28
1.75
0.99
1.32
0.3
0.85
4.37
2.52
1.13
1.67
1.78
2.26
2.44
1.43
4.44
3.45
3.56
4.89
1.89
2.4
2.51
3.36
2.4
2.74
2.39
4.71
0.04
0.72
4.44
3.7
0.97
0.66
3.77
0.65
3.19
0.94
3.97
3.47
1.78
4.02
1.55
4.3
3.92
1.57
0.95
0.55
1.21
2.74
3.36
3.7
0.35
0.68
0.19
4.55
0.93
4.92
2.96
4.95
1.63
0.56
3.38
4.57
0.64
3.16
1
0.5
3.9
2.68
2.65
4.91
4.09
0.61
2.8
4.6
3.55
0.15
0.38
4.85
2.08
4.05
4.03
4.81
0.07
3.39
2.1
0.73
2.31
1.26
2
2
2.85
4.49
3.73
4.34
4.34
0.96
1.08
3.3
0.19
3.91
4.57
1.35
0.39
0.06
1.82
3.24
0.56
1.57
2.22
2.44
0.39
3.45
1.51
4.26
2
2
2.62
0.11
3.41
1.58
2.48
1.84
4.68
2.42
1.38
2.23
1.73
1.73
0.74
0.23
0.83
4.77
1.75
3.13
3.21
0.62
3.88
2.09
2.85
2.33
3.98
4.93
0.25
1.74
4.74
3.36
1.2
4.67
2.98
4.22
3.57
4.92
0.24
4.04
0.61
0.89
1.85
0.15
2.83
2.36
1.96
4.04
0.56
2.97
2.33
0.39
4.5
3.3
3.44
1.55
1.92
0.36
1.25
1.19
1.74
1.21
1.6
4.17
3.21
3.9
0.64
0.23
2.48
2.92
4.34
3.35
2.65
1.65
0.07
4.14
4.68
1.02
3.79
3.4
0.65
4.04
2.16
2.44
4.86
0.61
0.56
0.07
4.31
2.97
3.17
4.14
0.23
1.71
0.64
4.64
0.25
3.26
0.12
2.87
2.86
3.75
4.63
3.56
4.77
3.93
3.89
2.54
4.83
3.04
0.85
2.99
1.24
4.66
0.8
2.95
1.8
2.88
1.65
0.89
0.64
2.22
3.06
2.59
4.25
0.58
3.91
3.77
3.97
4.97
3.86
1.86
1.28
0.29
2.5
1
3.88
1.39
1.47
1.82
3.75
2.75
3.49
0.27
4.87
4.19
0.75
1.54
0.65
4.45
0.14
1.08
2.74
4.17
3.75
4.2
2.02
3.12
4.29
1.35
4.73
3.15
2.4
2.04
0.69
3.5
3.36
3.12
1.47
2.71
2.22
0.01
0.85
4.3
1.59
4.06
3.22
3.38
4.06
3.98
0.39
0.52
0.91
3.83
0.6
1.96
3.47
0.18
0.22
4.27
3.9
2.25
3.22
0.32
0.18
2.53
0.94
4.67
0.52
4.18
0.66
1.14
1.57
1.76
2.81
4.07
4.58
0.28
0.69
0.73
0.83
2.1
2.71
3.19
4.36
2.18
2.51
3.39
0.95
4.59
0.65
3.49
2.14
1.08
1.32
1.08
0.73
1.16
3.22
0.57
1.15
1.48
3.18
3.47
2.94
1.29
0.46
3.93
1.74
0.76
0.33
3.65
2.26
1.1
1.59
4.34
1.3
4.29
0.89
1.51
2.95
2.13
0.77
1.39
4.44
3.85
4.73
4.72
3.19
2.99
3.54
1.23
4.04
2.3
0.25
0.9
4.53
2.97
0.93
2.92
4.14
2.35
3.2
2.47
0.63
2.43
0.05
2.45
3.09
2.29
1.18
2.07
3.82
4.34
2.24
0.36
2.75
4.91
1.63
4.75
4.75
2.66
0.29
3.41
1.76
2.09
2.5
5
1.88
1.63
4.2
0.47
0.35
0.99
3.11
1.95
1.27
0.97
0.97
4.93
0.39
1.16
4.82
0.87
0.29
4.26
3.87
4.93
5
4.96
3.33
3.3
2.39
2.07
4.55
0.75
2.16
0.99
1.16
3.74
0.73
1
1.03
1.27
3.64
3.68
0.75
3.62
2.86
0.86
3.66
4.09
2.5
0.05
3.19
2.96
0.39
1.29
3.21
1.15
1.84
1.42
0.08
2.93
2.38
1.21
2.4
2.65
2.2
2.23
3.96
4.48
2.06
3.68
2.7
2.68
0.1
2.4
2.63
0.62
3.98
3.02
4.69
3.54
2.68
2.73
2.15
1.77
4.16
1.59
4.47
1.29
4.34
0.39
2.2
2.86
2.64
1.07
4.29
2.22
2.24
4.4
4.93
2.64
1.84
2.57
0.53
1.55
0.68
4.65
0.16
0.2
2.14
1.41
3.41
0.8
4.75
3.37
3.64
2.45
3.44
2.53
2.98
0.95
1.63
0.72
2.14
1.4
0.67
3.58
1.29
1.26
3.26
2.28
4.28
0.73
1.79
1.09
3.36
4.38
1.89
1.06
4
3.35
4.65
4.91
3.93
3.07
4.71
3.59
3.39
0.6
0.29
1.99
2.64
3.54
2.18
0.7
2.83
1.67
4.15
3.82
3.83
1.31
3.01
0.18
2.76
3.4
3.48
2.45
3.66
0.85
1.29
2.12
2.23
3.04
2.47
1.31
0.4
1.05
1.65
2.05
1.52
0.06
1.43
2.16
1.11
4.49
3.09
1.28
0.52
0.6
2.13
0.51
2.07
3.35
0.76
1.37
3.32
4.85
2.7
0.25
2.98
0.59
4.92
0.22
3.86
1.13
3.49
2.17
0.29
2.62
3.74
4.18
3.12
1.78
3.83
2.93
4.4
3.24
4.3
1.04
0.06
1.08
4.65
3.47
4.85
3.2
4.73
3.05
4.4
4.29
3.85
1.66
1.83
4.5
4.05
2.99
2.51
2.5
2.8
3
4.24
4.86
3.69
4.38
3.66
4.13
0.57
0.48
4.53
1.07
0.13
0.07
1.85
3.14
3.42
3.74
3.98
3.87
0.26
4.69
2.73
3.53
2.45
2.8
4.43
4.26
0.94
1.84
3.5
1.48
4.26
4.48
4.19
4.99
4.08
0.25
2.75
3.35
2.33
1.62
0.2
0.15
4.95
1.71
3.28
2.52
0.73
1.15
3.43
0.34
4.06
2.32
1.03
3.42
4.29
1.83
3.5
1.78
3.81
4.3
4.79
2.22
0.33
4.86
1.07
0.15
0.24
4.41
4.13
0.93
4.63
1.62
1.42
1.22
0.75
1.22
0.45
1.32
3.98
3.76
0.34
2.01
3.99
4.67
4.67
0.76
2.68
3.41
2.06
0.79
4.9
4.04
2.11
3.52
0.35
2.7
1.43
0.87
3.52
1.39
1.68
0.11
1.22
2.08
1.76
3.91
1.28
1.14
2.96
2.31
0.53
1.88
2.91
3.03
4.29
2.69
2.68
1.33
4.39
0.91
2.02
0.61
2.98
1.23
4.09
3.01
0.67
2.98
4.79
0.3
1.63
3.6
0.37
4.22
2.03
2.33
0.07
3.4
4.19
0.54
4.47
2.25
3.31
1.69
1.36
3.79
0.24
0.19
3.5
3.07
1.56
2.36
0.47
4.27
4.04
0.36
2.32
4.46
0.76
0.46
1.94
4.66
4.07
2.03
4.23
4.91
3.52
0.77
4.62
4.94
0.82
0.27
3.45
0.18
0.52
0.6
1.18
2.72
2.73
2.19
0.77
2.51
2.96
3.35
0.18
0.14
1.57
2.63
2.06
4.5
2.98
3.99
4.2
0.01
3.27
1.35
1.6
1.93
1.22
2.92
1.57
1.71
3.61
2.07
3.7
4.17
3.21
4.72
2.86
1.79
1.01
2.22
2.31
2.08
3.01
0.67
0.02
4.32
3.62
2.31
0.75
0.89
2.2
2.77
0.78
2.38
2.52
2.78
1.17
4.31
4.23
4.02
4.31
4
1.31
3.88
4.4
3.63
4.04
4.74
4.84
3.16
2.87
1.91
0.3
0.43
1.75
0.43
4.62
0.75
0.59
1.94
0.87
2.28
0.08
1.1
2.72
3.94
3.83
4.75
3.48
4.41
4.57
4.5
0.59
1.47
1.66
2.96
2.06
0.39
2.9
0.5
2.59
3.53
0.11
3.2
2.05
1.78
4.3
3.67
2.62
3.33
2.2
0.63
4.38
2.35
4.1
1.34
3.26
2.07
1.45
2.65
0.56
1.2
3.64
1.61
1.82
2.41
3.21
2.93
0.22
1.54
4.22
1.12
1.19
3.5
1.42
2.82
0.96
3.98
2.63
1.04
0.81
4.94
1.97
0.93
2.96
0.07
1.18
2.53
0.73
3.89
0.08
4.45
0.55
1.36
4.79
1.27
4.89
1.67
4.01
2.03
2.21
3.99
0.44
1.18
1.4
3.76
4.88
1.42
1.69
2.59
3.56
3.14
4.35
1.94
4.26
2.59
0.56
1.74
1.53
2.87
0.37
1.66
3.56
1.28
2.87
0.72
4.6
4.71
3.49
4.52
0.86
0.19
1.72
1.36
2.9
2.67
0.04
4.58
2.15
0.67
4.29
3.43
3.83
3.36
3.27
1.63
4.97
3.31
1.22
0.89
4.01
0.46
1.46
0.99
4.96
2.31
1.58
1.61
3.76
3.99
4.04
1.03
4.28
1.37
3.09
0.43
2.08
1.34
4.62
0.69
0.09
1.74
1.86
4.63
2.03
1.46
3.01
1.83
1.83
3.81
1.31
4.62
4.91
1.52
3.8
4.08
0.15
0.76
0.96
4.72
3.7
2.38
4.47
2.09
3.21
3.37
3.92
3.91
4.63
0.69
1.98
0.88
2.73
1.52
2.12
2.17
4.73
0.5
2.56
1.71
0.33
2.27
4.34
1.04
2.08
4.94
2.19
3
3.4
2.49
2.99
2.24
3.29
3.05
2.01
4.86
1.63
0.37
2.43
4.63
2.25
4.07
2.64
4.38
4.9
3.07
1.81
2.77
3.48
1.8
0.37
1.53
0.05
0.2
1.84
1.78
4.44
4.77
3.18
1.76
0.59
4.62
0.61
4.6
2.42
3.73
1.45
0.04
2.63
1.57
1.79
3.66
4.33
3.58
0.36
2.19
1.17
4.93
2.43
3.8
3.5
3.24
2.82
0.6
1.37
2.05
3.16
3.59
3.75
2.74
4.32
1.44
2.57
4.41
0.64
1.53
4.83
1.39
2.47
2.76
4.14
1.02
2.38
4.03
1.79
3.14
4.07
3.51
2.15
3.47
2.55
2.96
1.23
2.91
2.28
3.44
2.31
2.72
3.95
3.55
0.72
1.58
1.6
1.5
1.56
0.91
0.77
3.32
2.96
1.13
0.82
3.19
4.89
2.55
3.74
2.25
4.8
2.26
3.33
2.6
3.36
0.33
0.04
2.52
2.63
0.4
3.57
0.3
4.44
1.79
1.36
4.96
1.24
1.65
1.95
4.17
0.32
0.16
2.56
0.24
4.63
3.51
1.9
0.77
1.66
1.26
3.28
1.74
4.15
3.88
0.42
4.69
2.61
4.51
4.87
2.54
5
0.74
3.41
2.89
3.67
2.49
3.59
1.57
3.14
1.77
0.2
0.18
4.6
0.56
0.42
3.82
1.94
4.66
2.11
2.6
3.19
1.51
4.06
1.35
0.21
0.57
1.89
1.94
2.7
4.43
0.62
3.31
2.73
0.88
1.17
2.23
0.7
3.89
2.58
2.18
2.5
4.83
0.37
3.44
1.08
3.41
4.4
1.11
3.56
2.72
4.47
3.49
0.44
4.83
2.19
2.25
2.3
2.37
2.76
0.95
2.22
1.77
2.56
0.1
3.11
1.9
0.75
3.4
2.25
1.3
4.39
4.53
1.73
4.26
3.01
4.02
2.11
0.82
2.45
1.11
0.21
3.95
3.94
3.18
0.14
3.57
2.85
0.57
2.06
4.99
1.49
1.93
1.59
4.24
0.8
3.11
4.44
4.23
2.81
2.38
4.31
0.14
1.07
1.07
0.41
5
2.84
4.53
3.87
4.17
1.34
1.54
1.95
3.2
0.37
0.65
0.79
1.84
0.25
4.86
3.42
4.46
2.35
1.7
2.04
3.45
2.65
0.47
2.89
1.27
3.52
3.22
3.7
3.35
3.6
4.77
2.63
2.11
2.64
3.97
3.72
1.41
0.49
2.5
1.02
4.19
4.06
3.71
3.35
2.94
3.67
1.68
0.16
4.19
2.16
0.65
0.87
0.89
4.17
2.88
0.02
3.17
4.76
1.86
1.91
3.59
3.04
4.69
2.08
4.74
1.73
1.37
4.84
3.04
0.93
2.88
3.39
1.7
3.57
2.93
0.67
3.85
0.6
1.83
3.6
2.47
0.64
3.18
2.61
1.3
2.19
4.31
0.46
1.31
3
2.12
0.67
2.14
4.47
4.76
4.28
1.34
1.89
2.37
3.46
2.6
5
0.39
0.21
2.37
1.06
0.2
0.29
2.96
2.15
3.56
4.99
2.07
2.52
0.8
4.8
4.58
0.02
2.27
3.86
1.7
0.05
1.77
0.21
3.78
0.47
2.45
3.84
2.42
0.04
3.35
2.38
1.24
0.85
2.24
2.19
2.99
2.02
1.62
4.84
4.46
0.97
4.8
1.03
0.14
0.31
3.98
2.62
1.37
2.72
4.41
0.06
4.26
0.72
1.38
0.53
0.73
0.29
0.29
0.03
0.61
4.61
0.87
0.5
1.42
4.17
0.6
0.33
4.75
3.25
3.07
0.75
3.21
0.44
1.07
0.51
0.21
1.23
1.29
2.84
3.11
2.64
2.68
0.36
0.08
0.06
4.44
2.06
3.74
2.29
3.99
4.2
3.95
3.45
2.38
4.79
1.35
3.62
3.17
4
1.37
0.06
1.89
1.13
3.69
3.13
2.27
2.94
4.95
0.96
3.39
4.66
2.55
0.41
0.65
3.65
2.97
1.53
4.68
0.45
0.31
2.08
2.93
4.89
0.92
2.08
1.59
0.7
3.91
3.46
0.63
1.83
2.46
3.3
2.01
3.47
4.47
2.55
1.44
0.66
0.36
3.86
1.22
0.34
2.64
4.91
4.11
2.75
0.63
4.27
1.75
0.97
0.8
0.19
2.31
1.14
3.64
1.91
0.29
3.77
3.44
3.2
2.99
3.2
0.39
2.62
2.45
3.03
4.69
4.56
3.76
1.18
1.17
3.92
5
1.14
2.1
2.93
2.07
4.13
1.89
3.46
2.2
1.18
2.36
1.35
3.95
0.25
1.05
0.94
4.69
1.53
1.89
1.06
0.75
4.76
0.9
3.42
1.39
1.58
4.78
1.31
4.48
4.17
1.52
4.66
3.71
2.34
3.13
0.04
4.32
1.62
2.59
3.06
1.85
0.64
4.63
4.43
2.47
3.42
0.67
2.52
0.31
3.77
4.85
3.86
2.62
2.76
3.29
3.14
1.63
1.91
3.31
4.7
4.21
4.53
4.72
0.63
1.86
1.58
1.43
2.71
1.63
4.39
3.35
1.96
1.32
2.77
4.5
0.49
2.45
1.34
3.9
0.11
0.29
2.35
1.46
3.67
0.08
2.41
3.25
3.79
2.83
3.26
0.14
2.38
4.71
3.77
0.5
2.61
4.44
1.12
0.23
4.94
0.31
4.86
4.97
2.66
3
2.28
2.24
0.64
4.44
2.84
2.19
4.96
0.97
4.05
4.4
2.72
0.15
2.39
4.04
0.01
3.86
0.93
1.93
4.99
3.36
1.64
4.61
0.09
1.94
0.33
4.86
4.25
2.79
2.77
4.59
3.58
4.48
2.64
4.76
1.73
1.17
3.75
1.83
4.26
0.84
4.37
0.85
0.43
1.53
1.6
1.44
0.71
1.56
2.68
4.55
2.84
0.99
4.28
4.11
3
5
0.02
2.7
3.31
0.67
2.88
0.56
0.94
3.91
2.47
4.39
0.52
3
2.23
3.62
0.22
1.11
0.5
3.88
1.99
4.43
0.61
3.36
1.13
1.54
4.34
3.27
1.36
2.01
1.35
