1.43
0.67
3.9
1.19
1.19
1.47
1.57
4.36
4.73
3.52
1.05
0.03
1.35
0.77
1.48
0.66
4.16
0.35
0.37
3.53
1.6
1.68
0.37
4.68
4.97
0.4
0.39
0.82
4.64
1.94
0.86
2.68
4.1
4.08
1.07
2.35
4.05
1.24
2.7
4.64
4.5
4.16
4.55
0.61
0.48
4.52
1.3
2.59
4.03
2.01
2.59
4.33
4.03
1.5
1.81
4.09
2.69
3.39
3.03
0.43
3.66
4.25
2.6
1.86
1.08
3.24
4.97
1.96
1.17
4.22
0.52
3.96
2.95
1.85
1.71
2.79
0.03
3.37
2.18
0.49
0.69
0.01
0.68
1.06
3.41
4.07
2.73
4.22
3.31
1.24
2.37
1.59
0.08
3.67
1.81
1.34
2.9
0.25
0.09
0.77
3.28
1.26
3.11
0.48
3.21
4.41
2.68
3.06
4.38
1.38
4.69
3.64
0.58
4.5
3.99
0.91
1.17
1.36
3.92
3.1
3.78
0.08
0.87
3.5
3.09
2.34
1.45
2.98
1.88
3.65
0.03
0.89
4.89
3.62
1.45
3.86
4.01
4.33
3.74
2.78
0.86
0.5
2.08
2.27
4.17
3.45
1.06
0.91
4.24
3.48
0.37
3.04
4.52
4.13
2.71
0.59
3.86
4.95
1.35
1.92
2.77
2.71
0.51
0.08
3.44
4.79
2.73
1.21
3.94
2.95
4.52
0.07
1.61
4.95
0.74
0.7
1.63
1.01
4.48
3.27
0.94
4.75
4.14
2.61
2.15
0.14
4.44
3.19
1.84
3.14
1
1.85
0.57
1.34
1.58
2.92
2.69
2.82
3.04
1.33
2.44
4.8
4.19
2.67
3.01
0.29
1.72
3.37
2.69
2.5
0.96
4.16
3.65
0.47
4.27
1.66
0.91
3.34
1.54
1.95
3.82
1.39
2.65
3.72
1.97
1.63
4.09
0.06
4.82
2.16
2.23
1.33
3.04
2.29
0.2
3.84
0.11
4.72
3.08
4.44
0.65
4.27
3.14
3.33
4.36
4.66
0.37
1.34
0.87
0.66
4.83
2.74
3.16
0.19
1.72
1.97
4.07
2.78
4.58
0.24
2.61
2.74
2.88
4.05
2.42
1.36
2.21
0.96
0.16
3.38
4.55
2.72
4.13
3.93
2.15
2.66
3.56
1.3
0.94
3.91
0.45
1.75
1.9
1.49
1.48
2.31
2.33
1.07
2.53
2.67
2.42
0.97
2.1
1.31
2.51
1.81
1.62
3.05
0.21
4
0.7
1.13
3.15
1.64
2.94
3.9
2.95
3.6
4.64
4.68
2.08
0.77
2.73
0.05
0.61
0.25
1.96
0.73
2.61
1.67
4.89
4.15
2.5
1.26
0.42
4.32
3.38
4.87
2.88
4.6
2.72
2.14
3.51
3.66
2.46
2.91
4.11
2.31
0.97
4.81
3.41
1.43
3.89
1.13
4.64
3.09
0.26
4.86
0.04
1.58
0.4
0.73
3.79
0.9
2.28
2.41
4.98
3.7
2.58
0.14
2
3.05
2.93
0.13
4.35
1.96
0.13
0.53
3.95
0.49
4.8
2.63
2.8
4.89
4.6
4
1.14
4.56
4.62
2.41
4.92
3.58
4.46
0.88
4.25
1.97
2.55
0.7
4.55
4.8
2.14
0.82
2.42
3.44
4.25
1.72
2.05
4.04
4.01
3.23
4.02
0.6
3.94
4.66
2.48
3.22
4.71
0.06
2.04
2.96
3.2
1.87
0.82
3.84
1.15
3.3
3.99
4.94
1.85
0.51
1.7
4.67
4.54
4.22
4.69
3.89
4.61
1.68
0.74
0.27
2.86
0.99
4.33
4.58
2.81
1.32
0.89
1.47
4.76
4.62
4.63
2.2
0.92
0.31
2.63
3.39
4.18
1.27
0.74
0.67
3.35
3.64
1.95
3.79
3.81
3.54
1.4
2.9
4.48
2.79
0.51
2.41
1.38
4.83
2.96
3.46
3.59
3.1
0.41
3.1
2.64
3.62
2.7
1.02
0.99
4.74
3.49
1.81
2.83
4.97
0.77
4.8
0.59
4.9
0.26
3.08
2.4
4.28
1.89
0.7
0.59
4.29
4.62
2.39
2.63
2.87
0.43
0.99
3.73
4.31
0.13
4.31
0.36
2.34
3.06
3.92
1.4
1.62
1.41
1.72
1.09
4.8
2.76
0.91
3.49
3.18
2.82
1.77
3.87
0.74
2.5
4.46
2.85
4.08
0.99
1.68
2.8
1.34
0.51
0.09
2.83
3.71
2.89
0.65
0.15
2.14
1.68
3.26
2.74
4.75
2.06
0.43
4.44
3.09
0.71
3.03
0.59
2.38
0.14
1.37
4.44
2.55
2.02
4.79
4.67
3.06
0.76
2.97
1.78
0.15
1.97
4.89
0.86
0.12
1.75
2.42
4.69
4.18
4.65
3.79
2.66
0.43
3.16
3.66
4.52
2.96
3.3
2.62
3.94
1.22
1.31
2.38
0.56
3.68
4.93
1.89
2.21
0.46
0.66
1.02
4.8
0.83
2.24
4.62
1.7
4.75
0.91
1.35
4.52
1.86
1.99
1.82
1.94
0.11
0.37
2.99
2.12
2.19
4.89
4.78
1.59
1.27
4.75
2.81
0.86
2.68
4.04
2.78
4.24
3.42
3.05
3.54
3.14
1.93
0.86
4.03
1.66
3.37
3.4
1.98
2.34
3.25
0.81
2.26
3.53
3.58
2.92
1.5
4.23
1.61
3.83
3.31
2.75
4.13
0.29
0.57
2.05
3.36
2.53
0.85
4.82
2.64
2.97
4.5
4.71
4.61
3.36
3.25
0.23
2.14
2.14
2.83
0.42
2.37
0.39
4.92
1.52
2.99
4.15
0.17
0.88
3.64
0.83
4.76
0.58
4.18
1.02
2.71
1.71
3.14
0.36
2.72
0.2
4.22
2.35
3.27
0.43
2.88
5
0.22
1.43
3.56
1.8
0.43
2.15
4.35
1.11
3.73
2.59
3.09
4.75
3.06
3.07
2.52
4.87
4.98
3.27
2.35
1.41
3.07
0.59
1.54
3.02
2.95
4.28
0.67
4.6
1.42
0.18
4.54
4.49
2.52
4.56
0.14
2.28
1.92
4.53
0.04
1.66
1.33
1.89
0.19
4.82
0.62
0.56
0.2
2.03
0.27
4.39
4.19
0.34
1.5
1.93
3.94
1.98
1.37
0.64
2.26
0.72
4.53
1.29
0.97
0.39
1.17
3.7
1.48
4.25
0.33
4.29
4.33
1.44
1.63
2.01
4.19
2.39
0.14
3.7
4.47
1.56
1.89
0.8
1.22
3.68
4.65
1.9
2.72
4.67
3.1
0.72
0.66
3.83
2.18
0.41
0.58
0.84
3.45
1.99
2.8
3.57
3.11
1.55
1.65
1.54
2.49
2.27
4.36
3.88
2.59
3.39
1.29
1.45
2.67
1.87
3.28
0.98
3.73
0.17
1.51
1.49
2.38
3.5
0.54
2.12
4.92
2.52
3.08
2.46
4.27
1.09
0.34
4.62
3.28
4.26
0.64
3.13
3.06
3.12
0.32
0.05
3.74
1.1
1.63
1.04
3.67
1.94
3.35
4.6
2.8
3.89
4.1
2.63
0.9
3.29
1.79
0.28
4.17
2.81
4.81
4.26
1.08
2.44
4.01
3.88
0.58
0.77
1.21
2.94
1.93
3.83
1.88
0.22
2.31
4.78
4.97
0.94
2.4
2.55
0.75
1.2
3.08
2.38
3.77
3.28
3.32
2.19
0.53
1.72
0.21
1.86
3.2
4.56
2.87
2.37
4.12
2.95
0.14
2.93
0.3
4.41
0.75
2.89
3.45
4.64
3.27
2.08
4.08
2.19
4.7
3.88
2.1
1.76
2.01
2.83
1.69
4.45
3.37
2.02
2.54
2.13
1.5
1.25
2.47
0.3
0.03
1.59
1.14
1.77
3.54
1.8
2.08
3.17
3.19
2.87
2.75
2.27
3.86
4.67
4.48
3.92
1.7
3.91
3.95
0.97
3.49
1.93
1.02
2.47
2.08
2.28
2.87
1.3
2.2
3.95
3.63
1.92
3.78
4.01
4.86
3.59
3.18
4.74
1.2
1.92
2.19
3.86
3.17
2.07
0.04
3.69
1.71
1.79
4.23
1.83
1.18
2.59
0.01
1.59
1.98
1.01
1.02
3.33
2.35
3.03
3.37
4.13
1.79
3.35
0.85
2.94
1.25
3.9
1.33
0.34
2.57
2.01
2.61
0.53
2.07
0.71
4.5
4.32
4.92
1.71
2.83
4.15
3.15
3.59
2.2
2.19
0.5
3.22
3.83
4.1
0.69
2.93
0.22
3.68
1.02
1.93
3.47
0.21
4.98
1.42
3.55
1.91
4.99
3.84
0.41
0.65
1.36
4.99
4.88
2.33
4.27
4.11
3.19
4.47
0.77
1.04
2.45
0.57
4.9
4.87
4.82
2.14
4.65
0.71
4.22
1.38
4.72
1.36
4.75
1.94
0.5
0.97
0.13
3.11
4.89
4.59
0.84
0.91
2.95
4.25
0.45
3.88
0.32
3.05
2.12
1.88
2.11
3.59
1.18
3.15
1.99
1.53
1.27
4.21
1.8
1.22
4.83
0.67
1.94
4.72
3.95
3.17
1.22
3.12
0.59
1.66
1.89
4.87
4.99
1.1
0.17
1.43
4.69
3.52
2.45
3.94
3.11
1.84
3.58
0.32
3.18
0.53
4.58
0.15
2.2
0.69
0.91
1.02
2.69
0.92
1.86
4.09
1.82
0.76
1.03
1.53
4.39
0.41
0.89
3.48
1.38
4.4
1.81
4.29
0.41
0.42
2.23
2.34
0.45
4.65
4.95
4.43
4.45
3.06
0.72
3.12
3.71
3.56
1.93
4.69
2.86
0.83
1.91
4.63
3.5
0.24
4.06
1.97
0.91
1.62
1.91
0.68
3.52
0.15
2.56
4.57
2.05
4.67
4.01
1.34
4.85
1.52
2.23
0.59
1.12
0.91
3.45
0.67
3.97
0.9
0.87
1.01
1.65
2.96
0.81
4.55
1.16
4.24
1.08
0.28
1.1
0.63
3.68
2.25
3.29
4.1
4
2.67
3.8
0.47
2.71
4.79
0.24
0.3
1.61
0.83
4.72
2.67
2.54
1.61
1.43
0.34
4.73
2.21
0.99
4.21
4.83
1.12
3.09
3.22
3.7
0.42
3.76
1.71
3.68
2.93
3.83
2.43
2.9
1.61
3.2
0.8
2.64
0.29
1.81
1.46
2.19
0.26
2.44
2.57
4.76
0.46
2.69
3.27
2.4
4.01
1.25
0.95
3.91
2.98
0.12
0.26
2.06
2.43
2.92
4.27
1.52
1.99
4.54
2.85
3.78
1.68
2.78
4.03
3.52
0.44
0.54
0.4
2.11
0.86
2.62
3.9
0.66
0.74
3.35
1.35
4.1
0.89
3.23
4.66
0.16
0.7
2.95
4.78
3.06
1.66
3.06
0.58
4.81
1.18
1.78
3.65
4.65
3.02
1.41
0.41
3.14
0.52
2.27
1.93
4.83
3.03
0.34
3.7
0.59
2.62
0.5
4.38
4.86
0.6
2.97
2.56
4.64
4.42
1.35
3.84
1.94
2.83
4.71
1.53
0.14
3.22
4.45
0.36
0.14
2.77
3.79
3.18
3.53
4.28
2.18
2.55
2.9
4.58
0.4
3.9
0.71
4.4
2.13
3.13
1.29
3.91
0.82
3.84
3.33
1.14
1.22
3.65
1.15
4.62
3.83
1.63
2.54
0.94
1.68
2.97
3.92
2.5
2.09
2.58
3.68
1.92
1.65
4.05
4.54
0.05
4.7
2.08
0.69
4.77
2.66
3.42
1.55
1.75
4.62
4.43
1.61
0.46
3.25
4.76
0.14
3.49
4.35
3.21
4.17
4.78
4.77
2.14
1.75
0.94
1.55
3.7
1.09
0.15
2.04
1.08
0.94
3.94
4.85
2.18
3.25
1.31
3.94
3.01
0.12
1.75
3.31
0.9
4.79
4.11
0.32
4.93
1.13
0.78
1.18
1.83
2.43
3.81
3.16
1.82
4.2
3.1
3
0.02
2.85
4.68
2.4
0.72
4.43
4.55
0.08
2.13
1.47
4.29
4.59
1.29
4.39
2.07
0.06
1.27
3.05
3.71
0.13
3.73
0.99
1.58
2.34
1.87
0.04
0.16
0.12
4.41
3.04
1.33
4.2
3.35
4.73
2.34
1.55
1.26
4.45
0.96
4.35
0.24
3.75
1.09
4.12
1.25
4.33
0.23
0.85
4.32
0.81
4.84
2
2.23
1.57
3.71
0.67
2.89
1.81
2.35
4.75
0.57
1.53
4.61
2.27
2.6
0.2
1.88
0.24
0.94
1.56
1.95
0.18
1.74
0.01
0.05
2.28
0.66
1.51
1.81
3.31
2.13
3.24
4.98
5
0.18
4.95
1.58
2.98
2.23
4.59
4.26
4.44
3.19
3.7
1.29
1.48
3.75
4.75
2.87
4.23
3.95
2.87
4.56
3.61
2.86
1.41
4.06
2.56
4.89
3.68
2.33
2.68
3.7
4.94
2.52
3.75
4.25
0.83
3.94
2.13
4.52
3.38
1.66
3.85
3.52
0.39
4.86
1.61
0.46
2.03
4.13
3.37
2.27
0.86
2.47
2.2
2.39
1.08
0.54
4.15
0.64
0.84
3.72
0.53
4.41
1.28
0.45
2.52
1.2
2.83
2.17
1.16
3.71
3.08
1.88
0.97
3.3
4.48
4.98
0.06
4.69
3.59
1.04
3.04
2.62
1.26
1.49
2.9
4.17
0.16
2.58
2.16
0.2
2.72
4.39
3.34
3.54
1.03
4.83
4.28
3.62
0.76
4.29
4.44
0.48
1.66
1.5
0.03
2.8
2.04
4.31
0.82
0.53
0.84
0.35
3.05
3.18
2.18
2.21
2.59
0.94
0.8
4.35
0.88
1.63
4.06
1.9
0.98
2.11
1.73
4.48
0.45
2.4
0.11
2
1.76
1.72
0.1
2.16
1.21
2.29
1.33
4.06
3.16
2.04
4.41
3.2
3.57
2.89
4.05
1.28
2.49
3.46
1.59
4.01
2.87
3.72
2.47
1.3
0.48
0.68
1.82
3.71
0.37
0.94
2.85
4.7
2.36
1.86
3.54
0.92
0.73
4.78
4.79
0.67
0.3
3.08
1.91
2.44
0.75
4.96
1.52
3.56
3.53
0.23
0.03
0.17
1.41
0.49
4.81
4.97
0.62
1.96
2.87
0.03
2.98
1.05
4.39
1.4
3.45
3.57
3.63
3.2
1.17
3.14
1.1
1.5
3.8
3.39
3.48
3.73
0.08
0.42
2.62
0.61
1.66
3.82
1.61
1.27
3.82
0.4
3.02
1.05
0.85
1.12
3.66
2.78
3.34
3.27
1.39
1.42
4.31
0.06
4.49
4.36
1.68
1.16
1.84
1.35
1.34
3.18
4.12
1.44
3.48
3.95
3.95
3.83
1.02
4.84
4.93
1.81
4.74
0.4
3.57
3.46
1.28
1.79
4.3
1.56
4.39
4.12
0.43
2.64
1.08
2.15
0.2
3.57
1.21
2.42
1.92
3.01
4.11
0.88
3.3
2.58
0.88
1.14
2.7
4.24
2.21
4.44
4.66
4.18
4.68
0.95
0.73
2.34
1.58
0.98
1.7
2.15
1.79
2.97
1.46
0.63
1.94
3.71
0.92
4.7
2.63
1.54
4.05
2.46
4.18
2.25
2.26
0.82
4.27
2.96
4.66
0.65
4.4
4.97
0.05
1.12
2.3
3.71
3.71
3.88
3.54
2.77
4.92
3.32
4.84
2.51
3.12
1.33
2.43
1.27
2.47
2.41
2.61
4.26
1.4
3.91
0.91
2.34
0.69
2.56
3.39
1.55
2.55
2.34
4.42
1.27
0.68
3.04
2.91
2.73
2.8
1.66
1.18
3.69
2.52
2.8
4.6
4.13
0.33
2.93
3.32
4.01
1.44
3.18
0.79
2.52
4.22
4.75
3.94
4.61
4.23
1.62
4.27
3.66
0.89
0.54
3.18
4.72
0.86
2.2
0.27
3.39
1.68
1.05
0.86
2.66
4.42
2.86
0.1
4.61
2.51
0.87
4.42
3.57
4.64
3.9
4.58
4.42
4.14
0.11
2.06
0.88
3.97
1.74
1.81
0.84
2.38
2.49
0.95
1.29
0.45
1.17
4.58
1.49
1.89
2.84
0.57
0.21
0.54
3.03
4.68
3.23
1.39
1.74
0.24
3.73
4.4
2.44
3.18
1.01
1.44
4.78
1.58
4.54
4.45
4.49
2.52
1.28
3.53
0.6
1.54
1.29
2.07
1.56
1.74
1.21
2.94
1.84
2.86
4.86
0.72
2.65
4.11
1.89
3.68
4.75
1.4
0.87
0.03
1.42
0.33
0.12
3.87
2.53
4.93
0.43
0.47
0.45
2.33
1.07
4.13
0.77
4.75
0.99
3.89
3.69
2.19
3.55
3.67
4.92
3.31
0.35
2.86
4.81
0.98
1.84
4.14
4.26
1.21
2.33
1.64
0.77
2.37
2.58
4.05
0.15
3.03
1.69
0.27
3.73
1.72
3.25
1.21
2.86
3.05
0.41
2.65
4.51
2.52
3.37
2.34
3.71
1.37
3.83
3.67
4.42
1.29
4.8
3.73
2.4
3.01
0.4
4.92
2.6
1.22
3.48
4.4
2.4
1.88
0.53
0.72
3.26
3.04
1.2
1.33
4.26
3.7
3.56
1.33
0.81
2.96
4.25
0.46
3.32
4.58
1.89
1.25
2.53
4.92
0.14
0.34
1.92
0.76
3.6
0.77
4.74
1.87
3.47
4.42
2.55
3.24
3.29
1.48
0.69
3.33
1.25
2.88
2.13
4.73
0.92
4.01
3.27
3.34
1.69
2.72
1.21
3.31
0.04
0.18
3.36
4.05
3.33
1.47
4.97
0.38
1.01
4.63
0.86
2.74
3.1
2.32
4.04
2.79
4.93
1.11
0.73
0.74
4.33
4.82
2.67
0.59
2.97
0.35
0.69
4.76
1.94
2.46
0.14
4.3
1.72
4.22
2.62
2.82
2.65
3.06
4.73
1.44
3.54
3.13
0.75
2.67
4.12
4.47
1.94
4.24
1.14
0.17
0.78
1.43
3.96
0.16
0.7
1.95
3.98
1.77
2.77
0.71
2.48
0.67
0.11
4.96
3.19
0.2
4.79
2.49
0.77
4.14
2.67
0.25
4.47
1.95
2.55
0.87
2.07
0.98
2.71
4.05
3.33
4.08
4.42
1.66
2.31
1.72
0.14
0.6
0.31
3.57
0.93
2.62
3.71
4.33
2.33
0.28
4.91
0.89
2.31
4.52
1.56
0.39
4.71
4.6
4.95
0.1
0.19
2.8
3.96
2.89
2.52
1.64
3.74
2.51
3.93
0.22
4.85
1.96
3.12
0.17
0.21
0.57
2.95
2.7
0.3
3.88
1.91
4.48
3.54
0.93
3.82
3.95
3.17
1.47
3.97
2.3
4.41
3.33
2.44
0.72
4.14
2.35
4.69
4.38
0.03
0.27
0.93
0.01
0.9
1.65
3.93
0.78
0.83
2.51
4.83
4.12
0.76
4.51
3
4.03
2.49
3.81
3.12
2.85
3.9
2.54
3.72
0.14
2.84
1.98
0.02
0.19
0.47
1.76
3.08
1.33
2.07
2.14
1.12
4.24
2.3
1.46
2.79
2.82
4.31
1.09
2.3
4.42
3.77
2.22
4.23
4.1
0.8
4.25
1.79
3.91
0.83
4.84
1.24
2.02
2.41
1.35
3.4
2.06
1.31
2.82
2.49
4.54
2.38
1.75
4.3
4.68
2.71
0.3
4.6
0.66
4.83
0.96
4.65
3.26
4.31
3.35
1.6
0.96
0.37
1.74
2.29
3.41
1.27
0.65
3.83
1.26
3.18
0.69
2.55
1.39
1.11
3.79
0.21
0.65
3.66
2.57
3.8
1.7
1.79
0.99
1.15
0.48
4.68
2.43
2.75
3.64
3.72
0.42
4.48
4.78
3.13
2.73
3.88
3.88
4.34
2.18
0.46
0.88
2.57
3.18
0.44
0.4
3.81
4.41
0.58
1.39
0.81
1.75
1.29
1.25
0.34
5
0.27
2.45
4.27
3.24
2.46
3.13
4.98
0.23
0.88
1.16
1.83
2.63
2.32
1.43
1.48
3.81
3.88
3.54
4.5
1.58
2.35
0.46
4.16
3.1
1.26
3.36
3.05
2.43
0.09
4.69
0.18
3.02
1.58
2.54
1.54
4.67
0.74
4.81
1.77
0.68
1.34
0.14
4.04
1.68
3.82
4.62
2.01
0.37
0.13
2.9
1.8
3.08
2.34
0.03
3.78
2.04
1.37
4.46
3.96
0.52
2.62
3.16
4.89
1.71
1.12
1.91
0.7
1.56
0.73
1.14
0.98
1.41
3.55
1.13
0.79
2.31
0.13
0.66
4.76
1.41
1.39
3.27
2.21
3.16
0.89
3.65
3.3
4.51
0.97
2.3
4.26
4.16
3.24
2.96
4.29
0.93
1.81
2.6
4.48
0.23
3.02
0.77
1.62
0.98
4.55
0.24
3.73
1.55
4.16
3.55
1.66
5
0.52
0.85
3.11
2.8
4.84
2.75
1.16
3.12
4.85
1.22
1.85
3.78
3.48
1.62
2.76
2.47
4.16
2.15
2.09
3.69
4.59
4.35
0.13
3.27
0.84
2.31
2.07
4.33
0.9
1.75
3.72
1.66
4.34
4.92
0.29
2.23
2.58
4.87
1.48
1.44
2.96
0.09
2.9
2.07
2.12
2.83
1.54
2.48
