4.1
3.53
3.12
3.6
0.96
0.38
1.27
1.78
4.06
4.46
4.68
3.23
0.56
1.65
3.86
1.89
1.88
0.52
2.6
2.61
1.27
4.15
4.42
1.49
3.77
4.77
4.62
0.39
2.79
0.95
2.87
2.39
0.86
3.8
0.44
2.97
1.38
1.45
4.9
0.47
0.77
2.52
4.32
3.28
4.19
1.25
3.68
1
1.73
2.84
3.07
1.72
0.53
3.3
1.01
4.93
3.28
0.7
1.75
0.44
2.19
4.34
1.04
2.01
1.64
0.64
2.45
0.75
0.88
2.12
2.33
4.82
4.85
4.58
0.47
3.44
2.16
4.37
3.82
2.57
0.74
0.55
3.26
3.97
0.16
0.69
4.03
3.44
4.98
4.06
0.75
4.66
4.45
3.71
4.86
2.52
4.16
1.51
4.17
1.08
2.27
0.54
2.41
1.21
3.81
3.5
4.61
0.69
2.04
1.45
0.01
1.28
4.11
1.7
3.43
2.54
0.79
2
0.18
3.14
0.49
4.94
1.83
3.69
1.71
1.3
4.38
4.97
0.47
3.68
0.18
0.67
4.78
2.46
0.3
0.72
3.63
2.51
0.9
1.34
1.16
2.9
2.79
3.48
3.28
1.13
2.55
2.17
3.55
3.04
2.39
1.08
4.53
1.72
1.07
0.48
4.27
0.93
2.83
1.04
2.81
3.56
1.01
4.54
4.76
4.35
4.72
0.1
0.92
2.5
1.58
3.92
4.19
4.19
2.44
3.83
0.38
4.37
4.48
1
1.65
2.96
4.67
1.34
2.93
0.57
1.19
1.4
0.25
4.14
1.91
1.98
0.94
4.75
3.58
2.48
0.94
2.96
3.78
2.76
0.13
4.07
4.49
1.79
4.61
3.49
0.08
2.17
0.27
3.79
2.46
4.7
4.88
0.74
2.05
2.28
3.69
2.17
2.07
3.62
3.21
0.1
3.02
4.44
0.62
3.52
2.02
2.11
0.03
4.32
3.93
1.44
3.81
3.66
0.37
0.16
1.46
0.1
4.4
3.22
0.61
4.47
0.68
4.2
0.65
0.24
2.32
2.24
3.14
4.94
3.77
3.56
1.12
2.75
0.96
0.21
0.16
0.2
1.96
0.14
0.54
3.24
3.64
2.15
4.96
4.6
4.28
0.19
4.06
1.68
4.37
1.62
0.75
0.18
4.14
0.5
3.14
2.27
0.76
2.04
2.56
0.84
0.08
3.78
1.39
3.92
0.1
1.91
3.77
1.24
4.42
2.93
3.36
3.87
4.97
3.4
0.36
0.81
2.95
2.26
0.98
4.28
0.36
0.62
0.62
3.73
4.53
4
1.53
2.43
3.84
2.36
4.99
1.83
3.15
2.79
1.14
3.64
2.72
0.85
3.13
2.99
0.19
0.83
4.42
2.68
3.92
1.7
4.61
4.04
0.69
3.67
0.59
3.02
1.15
4.23
0.89
3.98
2.79
3.22
1.41
0.69
4.88
2.8
4.94
0.94
2.9
3.8
0.79
3.19
2.9
2.31
0.73
2.2
0.69
0.23
0.27
2.48
3.21
3.05
0.6
0.98
2.75
2.08
0.57
4.97
3.25
2.68
2.44
4.15
1.16
4.89
3.37
3.7
0.99
4.48
1.9
2.15
0.91
1.41
2.53
4.13
4.57
2.44
4.91
1.81
2.37
2.77
4.6
1.62
1.65
4.57
1.34
4.51
4.16
1.76
4.56
0.95
0.36
1.03
3.82
2.56
1.1
3.27
3.59
0.96
4.41
4.72
2
2.55
4.82
3.49
0.45
0.85
1.97
2.58
4.28
4.2
3.95
4.05
2.67
2.82
3.08
4.17
1.21
2.17
1.73
3.31
3.18
2.51
3.78
1.15
2.24
2.65
1.21
4.64
4.92
2.62
0.22
3.17
2.97
2.72
2.93
4.83
0.65
0.99
3.63
2.51
1.52
3.74
0.05
1.48
1.1
3.23
1.07
1.34
3.06
0.21
2.83
2.51
1.56
4.48
1.44
0.24
1.27
4.86
3.19
2.91
3.01
3.08
1.4
2.8
2.71
0.39
1.81
1.34
1.59
4.65
2.37
4.34
0.94
2.01
3.66
4.42
4.05
3.83
3.45
1.92
2.61
4.03
4.7
0.01
0.59
3.96
3.99
0.57
4.46
0.44
4.33
2.53
4.58
1.44
1.8
1.57
2.38
1.32
2.12
2.16
2.54
0.57
2.55
2.37
4.55
4.8
1.92
4.29
2.03
0.85
1.12
4.68
4.03
3.2
2.97
0.21
1.42
4.2
0.88
4.51
1.94
1.61
3.73
4.85
0.39
4.61
3.78
4.76
3.01
0.98
1.27
3.56
2.57
0.85
2.11
2.67
0.66
3.23
1.93
1.03
4.97
0.33
1.42
4.92
0.26
2.26
0.92
3.19
4.19
0.23
2.68
3.62
3.18
2.41
1.78
0.24
0.3
4.88
3.24
4.03
2.25
3.68
3.78
4.42
2.04
0.05
3.45
0.89
0.68
3.2
3.98
1.52
3.74
1.39
3.02
3.7
4.01
2.22
3.11
2.57
4.46
4.65
1.69
0.07
1.7
4.16
0.05
3.94
3.15
2.51
0.98
4.16
1.78
0.52
1.96
4.55
4.84
4.92
3.92
0.98
0.49
2.52
4.12
4.97
0.81
1.88
1.88
3.09
3.07
3.19
3.16
3.69
1.31
2.11
1.32
3.05
2.48
1.84
1.07
1.43
0.41
2.53
4.78
4.95
1.53
2.97
3.52
1.19
3.36
0.33
4.95
1.5
4.11
0.33
4.06
0.08
1.44
4.6
4.56
1.83
1.54
2.96
2.13
1.72
2.64
1.58
0.32
1.59
3.26
2.56
4.48
4.92
3.66
2.82
3.74
3.08
4.92
0.4
2.83
1.54
3.23
2.82
3.53
4.36
4.85
3.07
3.45
0.95
4.51
1.82
3.33
1
2.35
0.87
1.59
4.1
0.99
2.91
3.59
0.83
0.85
1.82
3.6
2.34
1.21
1.03
1.82
1.63
1.82
0.39
3.84
0.24
2.11
0.5
4.29
4.62
0.56
1.87
0.95
3.12
3.38
2.21
1.13
0.4
1.44
2.72
3.72
3.45
3.09
3.3
1.82
1.19
4.12
0.83
0.84
4.2
0.82
3.7
4.24
4.73
4.23
4.65
0.25
4.35
3.89
3.75
0.21
4.85
3.26
0.34
0.89
0.46
2.96
2.71
4.71
1.4
0.46
0.17
1.16
1.97
2.07
0.86
3.39
2.69
0.24
2.33
2.05
3.95
4.04
0.71
4.44
3.29
1.06
0.49
3.78
0.19
0.06
4.45
1.9
1.56
3.43
2.96
0.27
1.7
3.81
2.6
4.99
0.4
0.28
1.12
3.05
1.41
3.72
4.82
3.27
2.63
1.26
1.16
2.35
0.53
4.26
2.13
1.01
2.18
2.1
0.9
2.99
0.83
0.24
0.36
4.16
2.24
2.56
2.32
4.05
3.49
4.66
2.76
1.41
0.76
4.39
3.73
0.23
3.47
4.23
3.93
2.72
4
2.3
4.51
1.13
2.53
4.05
4.16
2.39
3.59
0.47
1.55
1.32
3.79
4.25
2.53
2.84
1.28
1.2
3.79
4.53
5
3.96
2.04
4.14
2.42
0.18
3.39
1.03
3.52
4.89
2.7
1.23
0.51
0.1
0.16
4.69
4.69
2.49
0.26
3.28
1.62
2.54
0.63
1.03
3.7
1.65
4.6
2.29
4.07
1.06
4.84
3.85
2.73
1.28
1.9
3.33
3.47
3.67
0.03
3.41
3.56
0.18
0.49
0.66
3.93
4.81
3.36
4.1
2.95
1.06
3.76
3.79
4.34
1.83
2.51
2.93
4.09
2.84
0.86
3.54
3.73
4.57
0.31
4.51
4.3
1.35
1.98
3.81
3.23
1.6
3.7
1.5
3.93
1.79
1.94
2.11
4.88
3.49
2.66
0.42
1.75
1.07
4.28
4.44
3.2
0.93
3.69
4.73
2.91
2.09
4.85
0.81
2.38
1.13
3.55
4.26
0.47
3.36
2.3
0.34
4.95
1.12
3.18
3.58
1.52
3.38
0.35
4.53
2.51
4.98
2.9
2.26
4.88
0.84
0.73
1.28
1.38
0.9
2.03
4.45
4.91
2.04
4.12
0.92
0.92
2.17
4.59
1.19
4.22
0.14
1.96
2.58
3.95
0.93
1.69
0.8
3.62
0.68
4.52
2.04
1.99
2.62
2.11
0.78
4.32
2.35
2.71
2.67
2.93
0.64
2.55
3.4
0.12
3.32
3.63
2.71
3.91
3.35
1.33
2.98
3.98
1.99
3.45
3.53
1.44
2.82
1.35
4.94
1.68
2.28
2.79
1.54
4.3
2.73
2.43
1.92
4.86
4.85
2.09
2.64
2.39
2.74
4.91
2.12
2.04
1.42
3.96
1.91
4.44
3.84
2.17
4.63
3.65
4.4
2.18
3.02
3.53
3.34
4.05
0.91
0.31
1.4
4.79
4.01
0.83
2.91
4.62
2.46
4.81
4.62
2.18
3.74
3.26
2.6
3.79
2.15
2.52
4.85
0.49
2.66
2.46
3.93
2.5
2.01
4.25
1.06
3.84
1.13
1.76
2.91
2.29
3.59
4.3
4.08
4.78
3.54
2.03
3.43
0.87
2.85
1.1
2.75
2.94
0.98
1.35
3.79
2.23
0.95
4.08
0.15
2.7
4.15
1.13
2.36
3.08
3.72
1.62
1.47
2.54
1.01
2.04
2.43
2.77
4.46
1.56
2.15
0.95
3.7
3.33
3.02
1.46
3.02
4.66
4.58
4.62
2.17
4.92
0.14
2.06
4.02
0.1
1.03
3.09
2.58
0.81
2.93
0.42
4.55
4.12
0.22
0.31
4.36
3.63
1.52
2.98
1.77
0.61
3.07
0.57
0.99
1.02
3.4
0.94
0.28
1.83
0.39
0.9
3.09
4.97
2.76
3.52
2.36
2.35
0.22
0.15
0.58
0.88
4.81
2.35
0.37
2.18
0.1
1.96
3.85
1.82
2.34
4.57
4.69
2.99
3.17
1.29
4.46
0.12
1.03
0.18
1.96
1.54
3.23
0.98
0.15
3.84
0.71
1.31
2.85
2.65
4.42
4.87
2.73
2.06
1.72
1.99
3.44
1.19
2.75
3.6
4.93
2.51
0.46
0.98
1.25
0.67
1.89
2.96
3.34
2.08
2.15
3.07
4.67
2.03
0.73
1.49
2.17
1.81
4.21
2.43
2.65
4.02
3.37
2.22
4.76
1.87
3.63
2.91
0.1
0.62
4.78
2.74
1.61
1.57
0.96
3.63
1.57
3.8
1.39
3.83
4.48
2.51
2.05
4.39
4.93
1.38
3.72
2.29
4.67
3.75
3.23
2.17
2.37
4.19
0.52
1.94
1.56
3.84
3.91
1.64
1.23
4.95
0.08
2.11
3.47
0.27
3.99
0.52
0.07
4.7
2.62
0.71
1.81
4.15
0.58
1.62
3.11
2.59
2.67
1.55
3.33
2.44
0.1
1.15
2.07
3.38
0.2
4.87
0.83
2.06
0.92
3.03
1.82
0.4
0.19
0.32
1.89
4.22
0.25
0.89
0.49
1.24
4.64
0.86
1.11
3.36
1.04
1.1
4.81
4.64
2.03
0.64
2.77
2.27
1.03
0.91
4.81
0.21
4.48
2.29
1.92
2.54
4.35
2.81
4.8
2.13
4.08
3.11
0.86
2.66
0.96
0.18
0.7
3.67
3.67
0.16
4.54
3.49
0.65
4.15
4.31
1.15
4.95
4.86
3.09
3.07
0.36
2.12
2.31
1.46
4.4
4.64
4.06
1.51
3.55
1.72
0.09
2
1.36
2.82
0.38
0.81
1.33
3.24
0.01
2.03
4.94
3.22
1.82
3.46
3.72
0.85
1.49
1.39
2.8
0.69
3.06
2.04
3.59
2.78
1.35
1.99
0.07
3.55
1.49
2.38
2.71
2.9
3
3.99
4.19
4.98
2.76
3.4
4.73
4.85
1.15
4.71
1.34
0.62
1.78
1.7
0.91
0.24
2.03
0.92
0.67
2.86
3.94
2.66
3.36
2.96
1.97
1.6
1.66
2.47
2.59
4.39
2.33
2.67
4.9
0.79
0.18
3.65
4.95
2.45
1.13
4.44
2.11
1.01
3.74
3.19
1.88
2.31
4.22
4.3
0.89
0.26
1.42
0.86
1.99
2.84
1.66
4.17
1.37
0.93
2.08
2.02
2.11
3.47
4.73
5
3.99
4.2
4.91
3.79
4.99
1.36
0.14
0.33
3.01
4
0.18
0.57
4.26
4.52
3.3
0.42
0.45
4.71
1.3
1.65
3.99
4.41
0.57
2.52
3.46
3.35
4.68
4.4
3.11
3.69
4.3
0.29
1.17
2.73
3.92
1.69
0.97
3.84
2.85
1.26
2.54
1.46
2.38
1.67
4.8
3.68
3
1.95
1.3
4.5
2.93
4.59
2.69
0.65
1.2
4.14
3.96
0.36
0.48
2.28
3.59
4.39
0.69
1.61
3.03
4.78
0.82
0.06
0.94
4.12
0.06
3.62
0.18
2.04
4.37
1.38
3.86
0.45
3.43
0.81
4.09
0.2
4.76
3.02
1.31
2
4.14
0.92
0.71
3.79
0.58
0.7
1.03
4.27
4.61
0.58
4.15
3.27
1.32
3.36
0.57
2.39
2.81
3.12
1.97
3.35
4.36
4.68
2.79
1.86
4.27
1.14
1.15
2.7
0.93
1.86
4.4
0.55
4.57
0.19
3.75
3.34
1.4
0.18
3.48
4.86
0.51
3.61
0.07
4.39
4.82
0.66
3.52
0.89
2.21
1.01
4.5
3.53
0.12
1.4
3.79
3.6
0.29
1.14
3.34
2.77
3.67
0.77
1.9
2.41
1.74
4.6
3.8
3.54
1.64
1.6
1.09
1.52
1.11
1.52
3.87
4.17
2.17
0.92
3.77
2.8
2.03
0.68
3.5
2.49
3.1
0.82
0.36
4.54
3.73
4.75
0.31
1.06
4.56
1.98
0.13
4.46
3.56
1.67
1.38
0.84
4.27
3.46
2.03
1.22
2.83
3.31
3.87
1.18
0.13
3.72
3.49
3.73
0.71
2.12
4.15
0.21
3.7
4.56
1.8
3.58
4.26
4.33
2.65
2.38
0.16
2.02
0.71
3.76
1.64
3.29
3.02
1.19
4.08
2.69
0.97
4.01
1.4
4.98
1.71
1.99
0.69
4.51
3.97
3.64
3.53
3.85
4.6
1.81
4.66
0.91
1.31
0.71
4.7
0.8
0.88
1.89
4.47
3.25
2.09
4.91
4.44
0.59
3.46
4.37
4.47
4.47
4.51
2.36
0.44
1.28
2.16
3.95
0.15
0.29
0.18
1.18
4.12
3.45
4.87
1.93
1.75
2.33
0.49
3.34
0.19
2.95
2.77
1.31
0.42
0.19
1.84
4.26
3.86
2.29
0.37
2.43
2.97
2.92
1.76
0.9
4.31
3.49
3.81
4.14
1.88
1.31
4.37
2.88
1.52
3.72
0.5
4.88
3.81
0.38
0.07
1.93
2.22
2.75
0.63
1.43
2.78
3.51
2.13
0.9
4.12
1.53
0.89
4.16
4.81
4.87
4.38
1.92
3.6
1.88
1.3
1.65
3.72
1.17
3.05
1.9
3.34
0.39
2.32
1.84
0.45
4.7
2.19
2.47
0.27
0.6
4.56
1.65
1.75
3.54
0.23
1.42
3.17
2.76
2.54
2.54
3.42
1.6
2.15
0.24
1.1
2.39
3.37
0.72
3.6
2.56
0.4
0.03
1.29
1.33
4.14
1.19
3.81
2.66
3.42
2.87
0.15
3.85
2.65
1.69
0.01
2.03
0.47
0.39
0.9
4.15
2.66
3.45
1.26
3.15
4.03
2.37
2.59
3.4
4.8
4.55
2.24
1.95
4.92
0.13
3.33
3
2.17
2.66
3.73
0.17
0.3
3.26
1.01
3.82
1.35
4.56
4.43
1.39
1.97
4.15
1.96
1.45
1.84
1.11
2.02
0.18
0.73
0.38
0.73
1.72
3.48
0.34
1.27
3.54
4.96
2.19
1.29
0.02
2.53
2.7
2.34
2.86
0.7
4.63
4.58
0.06
3.44
1.4
3.92
1.36
0.81
1.09
0.66
1.16
4.46
0.16
0.52
4.15
3.02
2.07
1.15
3.09
2.72
0.01
1.22
3.01
3.43
2.65
3.56
4.2
4.09
2.15
0.9
3.27
4.13
1.03
2.91
3.37
3.06
2.64
4.94
3.16
2.87
1.99
1.48
0.46
3.38
2.08
0.17
0.64
2.42
4.1
2.22
0.6
1.6
3.23
2.05
1.89
3.13
2.65
2.34
0.64
4.14
3.61
3
0.81
3.88
3.72
4
3.22
0.32
1.36
4.22
2.92
3.53
2.8
4.53
1.21
1.62
3.7
1.72
0.24
2.98
3.84
1.95
3.66
2.65
2.74
0.05
2.17
1.16
0.33
2.64
1.62
1.77
3.65
0.13
0.37
2.06
1.4
3.19
4.74
2.53
2.24
0.83
4.17
1.31
2.22
1.28
0.13
4.98
3.1
1.41
2.95
3.6
4.96
1.01
2.34
3.8
2.3
1.04
1.68
1.44
3.71
1.88
2.04
3.72
4.89
1.69
3.69
0.43
4.84
2.94
4.37
1.9
2.26
1.23
1.94
0.92
3.04
2.02
2.33
1.46
1.31
0.03
2.06
4.79
2.65
0.63
1.66
3.4
0.15
3.3
0.79
2.25
1.97
2.81
1.94
1.25
0.01
0.25
4.74
0.21
3.86
3.42
2.93
2.67
4.72
1.38
4.89
0.97
1.14
4.82
1.61
4.5
3.05
4.02
2.73
4.58
2.01
3.71
2.48
1.55
0.71
3.97
2.84
2.54
2.73
1.47
2.64
0.68
2.59
1.71
1.81
1.6
3.92
4.9
0.2
4.07
3.7
0.03
2.31
4.68
1.75
4.77
1.09
3.78
1.16
1.94
3.16
1.3
4.82
0.24
1.27
1.59
4.18
0.26
0.92
1.23
4.92
3.17
4.03
4.43
0.92
0.74
0.69
2.3
4.4
1.86
2.41
3.48
1.13
2.93
2.56
2.42
3.51
1.17
0.32
3.03
1.08
0.31
0.59
1.69
3.49
4.91
2.43
1.7
2.3
2.47
3.06
3.25
2.63
4.35
4.22
2.96
4.23
3.32
2.01
3.56
4.51
1
4.19
4.82
1.37
2.77
1.08
4.02
2.9
1.38
3.95
1.85
1.76
4.98
3.37
0.14
2.57
4.71
1.36
4.32
1.76
4.52
4.49
0.64
4.57
4.7
0.57
4.36
3.6
2.1
4.2
1.04
2.36
0.14
0.06
1.11
4.72
2.74
1.05
2.8
4.02
2.38
1.66
0.81
3.27
3.95
2.2
2.66
1.92
4.77
4.12
2.91
1.45
1.16
0.6
3.55
4.26
0.94
2.88
4.75
2.41
0.65
2.23
4.38
0.79
3.14
1.54
1.06
0.43
2.19
1.74
1.8
0.33
3.25
2
2.91
2.2
1.26
4.79
3.64
3.33
4.42
3.58
3.48
0.32
1.64
1.3
4.15
2.96
4.25
4.82
2.3
4.44
3.77
4.69
0.82
1.7
1.68
2.72
4.42
2.37
2.93
3.46
3.11
1.76
1.29
4.75
1.93
4.14
1.65
0.91
0.42
3.03
4.18
2.25
1.36
0.57
0.25
3.42
4.07
0.53
2.25
2.83
2.48
2.29
0.93
0.83
2.47
0.98
4.5
1.08
0.88
0.18
2.27
1.24
4.7
2.44
0.35
4.52
3.96
2.3
4.61
4.98
1.26
0.24
4.82
2.67
4.45
4.61
2.55
2.05
1.25
4.11
3.52
4.81
0.93
2.4
1.84
2.37
2.47
2.52
4.33
3.12
4.6
1.56
4.47
1.53
4.95
0.68
2.26
3.88
0.93
1.77
3.69
3.15
0.18
2.7
0.01
0.69
2.16
4.86
0.02
2.57
4.78
4.62
4.14
3.87
2.35
2.21
0.34
3.68
2.91
0.1
1.77
1.93
0.48
4.64
2.84
4.68
0.37
3.07
4.56
1.56
0.69
1.79
1.12
3.21
3.61
0.76
2.59
4.89
1.53
3.42
2.57
0.69
3.72
4.61
2.5
0.75
0.65
0.99
3.27
4.88
2.44
4.77
1.04
2.08
1.21
0.38
3.23
1.3
0.45
2.59
1.9
1.83
3.06
1.66
1.28
4.92
4.64
5
0.78
2.1
2.97
3.62
3.43
2.34
4.26
0.65
2.8
3.17
0.33
2.08
2.27
2.07
4.55
1.59
2.76
3.64
1.48
4.33
0.84
3.02
1.48
0.19
2.68
1.35
3.19
0.77
0.97
2.07
0.3
2.69
2.64
4.67
3.85
3.14
2.55
4
0.36
0.41
2.74
2.29
2.37
1.93
2.1
3.53
0.99
2.28
2
3.29
4.2
4.73
0.3
3.63
3.14
3.61
1.06
1.42
1.81
3.11
0.67
2.01
1.85
3.33
4.99
1.78
4.83
3.32
0.56
2.93
0.61
2.93
0.14
2.88
1.52
4.76
4.28
0.92
2.87
3.86
1.64
3.38
4.62
2.6
4.09
4.69
0.9
1.63
2.68
0.56
4.55
1.08
1.08
2.04
3.03
3.92
4.6
0.1
3.55
0.61
4.83
4.03
4.39
3.24
3.73
1.63
1.41
1.4
0.94
3.99
2.01
1.91
4.84
1
1.27
2.12
0.44
2.42
2.9
4.2
2.64
1.69
3.84
3.05
0.55
3.85
1.7
0.99
1.31
4.6
2.13
2.36
