4.61
0.03
2.06
1.85
3.31
4.78
4.06
1.72
1.39
3.69
3.97
0.13
3.92
1.22
1.82
3.75
1.43
2.46
2.17
1.77
3.63
3.64
4.91
3.7
0.66
0.75
3.65
3.83
2.91
2.69
0.86
0.53
0.53
4.05
1.5
4.94
4.75
3
1.64
4.92
4.98
3.3
3.27
0.43
1.64
0.71
2.99
3.9
0.2
0.91
0.45
1.99
4.67
3.73
2.31
0.29
4.9
0.29
3.91
0.7
1.09
1.38
0.71
1.14
2.92
2.16
4.78
4.28
5
0.09
1.57
0.91
1.3
3.45
0.46
2.06
4.37
1.45
2.46
1.45
1.42
4.81
3.82
1.39
0.6
3.38
3.9
0.51
1.56
0.23
0.24
4.55
2.58
1.17
0.03
4.15
2.99
3.96
2.18
2.5
4.78
1.02
1.25
1.24
1.76
0.11
1.8
0.83
1.83
0.7
1.31
2.25
1.91
0.96
1.18
2.02
3.05
4.97
1.3
0.94
1.37
0.41
1.71
3.22
2.88
0.03
3.34
0.09
4
2
2.46
3.69
0.63
4.2
4.23
3.5
3.66
1.81
2.76
1.79
4.08
0.93
1.69
2.45
2.78
1.46
4.69
1.84
2.44
4.62
3.35
1.34
4.9
3.78
0.87
3.62
2.82
2.48
0.11
3.31
3.06
1.88
0.24
4.5
0.16
1.41
0.79
2.16
1.02
2.63
3.68
0.84
2.28
4.86
2.99
4.02
3.8
3.07
2.22
0.33
1.5
2.21
0.51
3.26
4.64
2.28
2.07
2.93
4.42
3.08
3.85
2.06
0.64
0.67
2.9
4.41
0.35
0.1
2.24
4.75
2.32
3.17
3.77
1.87
3
3.59
3.69
2.01
4.38
2.13
3.35
4.74
3.48
3.64
0.84
4.43
3.6
0.01
0.29
0.84
4.55
2
2.11
1.46
4.84
3.85
1.22
4.9
0.58
1.67
2.77
3.94
2.26
1.04
2.72
3.33
1.41
1.97
4.3
4.67
1.26
3.09
3.85
3.16
4.77
2.17
4.45
1.86
2.59
4.75
0.75
0.05
0.35
3.28
1.21
4.16
3.83
1.1
4.57
1.31
2.84
1.98
0.52
3.69
2.05
3.87
0.17
3.87
2.48
0.48
2.07
2.15
0.02
4.6
3.69
2.16
1.42
3.59
3.35
4.22
0.6
3.96
1.69
4.36
4.78
3.99
1.66
2.03
3.11
1.29
1.89
2.78
4.12
4.87
2.07
0.51
0.68
2.92
1.4
4.79
0.74
1.3
4.34
1.24
1.06
0.08
3.6
2.66
2.63
2.87
3.21
1.2
2.96
1.82
3.11
2.96
1.3
3.69
0.32
2.91
1.87
2.86
3.78
3.84
0.61
3.58
2.96
4.55
1.87
0.51
0.88
3.37
4.91
1.58
0.81
1.59
1.4
4.37
1.35
4.59
1.39
3.45
0.62
4.3
2.22
4.57
0.77
4.67
3.57
3.37
0.86
3.87
0.44
0.41
1.1
1.35
1.92
2.59
4.45
1.35
2.03
4.04
4
0.83
2.29
1.93
4.67
2.61
2.94
0.71
2.42
4.69
0.23
1.7
1.03
0.31
3.74
3.7
1.59
2.3
4.13
2.13
3.05
2.14
1.93
1.74
4.13
3.73
0.75
3.61
1.92
2.25
0.25
3.8
4.36
4.85
2.8
2.58
3.41
4.08
0.92
0.66
3.63
1.4
1.31
4.76
3.36
0.98
0.79
1.89
4.3
0.04
0.4
3.34
1.96
2.68
3.35
0.61
0.56
3.47
2.4
3.43
0.27
2.87
3.65
0.28
3.75
2.77
3.28
4.71
0.9
0.75
1.58
0.01
2.58
2.06
0.54
4.1
0.04
0.97
1.75
2.45
3.52
0.27
0.23
2.5
3.96
3.55
4.05
0.67
1.95
0.28
2.9
4.71
4.95
1.92
3.41
2.6
3.64
4.08
2.36
2.21
0.84
0.57
4.06
2.12
4.2
1.45
1.23
2.09
0.96
0.28
3.27
0.96
4.57
1.43
0.39
4.92
0.97
2.49
2.85
3.57
1.98
3.45
0.72
4.51
0.12
1.4
2.35
0.76
2.69
0.58
1.59
1.78
2.38
3.62
2.44
0.58
0.6
3.14
1.56
1.37
4.89
4.21
3.04
1.05
3.91
3.44
3.77
0.52
0.55
1.17
1.19
0.01
0.43
2.6
4.68
3.56
4.21
2.28
4.73
4.21
1.76
4.12
1.73
2.61
3.74
2.74
0.78
4.07
1.41
4.98
3.74
4.28
1.26
4.31
4.77
2.7
4.77
0.71
3.6
3.41
0.79
1.14
3.82
0.2
1.46
3.17
0.19
0.75
0.1
3.29
2.36
1.43
4.69
4.36
1.65
0.19
2.98
0.92
3.18
3.8
2.2
2.78
0.15
1
0.09
3.31
4.78
4.1
3.71
3.67
2.46
2.36
2.58
4.73
4.63
1.45
1.42
4.72
3.75
2.14
0.65
2.64
0.87
2.32
4.03
3.41
4.76
4.66
1.75
2.31
2.73
3.11
0.68
2.4
4.95
0.83
0.21
2.29
4.62
0.08
2.28
0.89
1.22
4.36
1.56
3.38
4.19
2.63
0.33
3.43
0.88
1.96
0.55
0.55
1.32
0.01
4.96
1.6
1.83
5
0.54
1.82
3.48
4.41
3.88
2.67
1.79
2.79
3.25
2.49
3.06
0.72
3.13
3.99
3.78
4.94
0.84
1.87
0.87
0.2
2.46
4.27
4.94
1.24
2.94
2.38
2.48
3.19
3.01
1.57
2.43
4
1.53
2.54
0.84
4.1
3.35
0.65
4.15
3.44
2.81
1.52
2.97
1.87
4.09
3.49
4.26
4.68
3.84
2.59
1.23
3.26
4.83
1.48
1.33
4.98
3.83
3.68
4.62
0.87
0.18
1.91
3.2
0.28
1.54
4.69
4.35
0.12
4.53
1.42
0.43
4.89
2.61
3.57
3.05
4.8
0.79
2.01
1.86
2.14
2.34
2.84
1.96
3.4
0.7
0.45
4.27
0.53
1.88
2.28
1.79
1.91
0.37
4.16
2.43
0.07
1.39
4.06
1.92
3.11
4.68
1.7
2.47
3.09
4.21
4.25
1.76
0.94
3.96
4.44
2.09
1.3
2.42
4.07
4.05
3.68
2.43
4.32
2.13
2.9
3.39
2.02
2.2
0.2
2.26
4.53
3.04
3.71
2.1
2.86
0.79
0.1
3.11
4.94
1.91
0.04
4.71
2.09
4.27
4.54
3.86
1.93
0.36
1.06
2.59
4.02
0.3
2.84
4
0.6
3.16
2.62
2.39
0.11
0.71
2.65
2.47
1.3
1.62
3.31
4.5
3.77
2.55
2.49
0.8
1.26
1.78
1.81
0.7
3.83
3.95
0.97
1.84
0.93
2.99
4.62
4.22
1.04
2.09
3.37
0.6
0.43
1.64
0.87
0.89
1.76
3.87
5
0.79
1.37
3.73
2.11
1.26
2.44
3.76
1.28
4.89
1
4.22
4.36
3.15
0.79
1.52
3.8
1.19
0.84
0.86
2.34
0.26
4.99
1.13
3.4
4.33
2.09
4.32
2.07
0.5
0.91
1.84
0.12
0.59
2.83
0.66
3
1.58
2.71
4.34
3.14
4.09
2.02
4.24
2.7
0.75
2.45
0.87
1.52
4.13
4.32
2.73
3.54
0.4
4.71
0.37
2.03
1.58
0.52
3.66
1.14
4.89
1.33
2.75
3.7
4.26
0.37
3.14
4.01
0.76
1.42
2.07
1.38
2.35
0.54
0.07
1.71
3.49
4.62
3.06
1.16
3.19
3.74
2.92
0.03
2.82
2.38
1.82
1.14
1.89
1.79
3.07
3.05
2.73
0.11
3.33
2.95
2.22
1.76
3.8
4.17
4.59
3.17
1.63
4.47
4.49
4.31
0.01
2.41
4.97
3.54
3.89
3.44
3.82
2.03
0.33
4.93
3.64
3.53
4.49
3.6
1.02
3.53
3.21
2.42
1.63
0.18
1.41
3.89
0.26
0.9
0.5
1.38
2.69
4.52
1.08
0.96
2.2
0.43
2.26
1.53
1.14
0.51
0.77
3.19
1.23
4.39
2.4
1.23
1.37
3.2
4.3
2.45
3.93
2.3
4.8
2.77
2.38
1.2
2.54
4.93
3.38
0.17
4.78
1.52
2.18
1.04
4.21
4.95
2
4.4
1.62
3.01
1.47
4.68
2.61
2.87
3.36
4.25
2.96
4.56
1.71
3.54
2.83
1.49
2.61
4.07
3.51
3.05
1.92
0.95
0.51
2.56
2.69
3.31
4.19
4.13
1.03
2.51
0.07
4.37
3.25
0.16
2.6
1.24
3.97
1.33
3.12
0.63
3.29
3.82
2.64
4.45
1.52
0.88
0.28
2.7
2.98
3.44
4.57
1.59
2.51
2.08
3.97
2.95
0.55
4.12
2.01
1.28
1.98
1.65
4.53
0.79
4.28
0.85
3.22
3.21
2.7
1.79
1.66
2.52
0.34
2.01
1.09
3.24
4.75
1.48
4.77
4.29
0.15
4.84
4.54
3.85
3.54
0.34
1.11
0.32
2.97
4.4
1.18
4.11
1.81
2.43
4.85
3.61
4.1
2.51
0.23
2.18
1.54
0.42
0.17
2.26
4.26
0.05
0.42
4.97
2.96
3.29
4.03
4.17
4.82
4.05
0.39
0.1
1.21
0.09
3.61
1.46
0.46
1.44
4.34
1.06
0.4
2.76
2.12
0.45
2.8
1.3
1.91
4.04
2.74
2.03
1.94
1.6
1.62
2.13
2.22
4.56
0.58
3.17
4.97
1.14
2.8
0.67
1.53
3.88
0.63
1.3
4.2
1.74
4.26
3.84
2.08
0.47
2.01
1.33
3.6
3.71
4.53
2.17
0.47
1.93
4.96
2.37
4.16
4.36
1.24
4.43
1.64
4.88
3.26
1.87
4.14
4.47
0.98
2.32
0.66
0.62
4.47
1.77
2.82
1.87
4.32
4.64
3.91
1.71
4.7
0.48
2.1
3.46
1.32
0.49
3.04
0.2
4.12
1.35
4.49
1.69
3.56
4.49
1.07
0.47
1.07
0.14
4.64
2.67
4.95
0.4
2.52
2.75
0.17
4.52
3.68
1.56
0.55
4.59
1.63
3.07
1.25
1.6
2.18
4.07
3.32
0.92
1.65
2.24
2.6
0.3
3.08
2.7
2.36
4.99
0.34
0.57
4.23
1.94
0.77
4.01
1.92
1.5
4.46
3
4.03
3.71
0.99
3.96
3.44
1.73
1.31
4.85
1.26
0.15
2.26
0.74
1.93
4.9
4.78
4.94
0.73
1.32
0.51
3.22
0.93
0.21
2.73
1.49
4.51
4.7
0.68
2.15
0.32
3.86
0.49
1.42
2.46
4.64
1.29
0.31
0.32
3.95
0.36
3.67
0.16
4.94
2.88
0.56
3.46
0.1
3.62
3.6
0.42
0.34
3.52
2.34
3.87
3.79
0.72
4.67
3.12
1.6
2.23
0.1
0.33
2.57
3.81
2.67
3.17
4.95
4.13
1.78
4.02
3.73
3.8
4.61
2.44
0.25
0.52
2.19
4.14
1.77
4.16
1.92
4.38
2.94
3.31
0.2
4.52
4.9
1.93
2.04
2.37
2.35
4.55
4.45
4.18
0.23
2.96
3.4
3.84
4.88
1.65
2.83
4.91
0.97
1.87
2.51
0.99
3.29
1.19
2.69
1.08
4.77
4.02
3.15
0.54
2.94
3.83
4.39
3.59
1.17
2.85
4.95
0.42
4
4.38
2.04
3.99
2.91
0.64
2.5
0.69
3.36
0.21
1.23
0.92
1.29
3.19
3.3
3.31
4.59
3.3
1.99
4.45
4.2
0.2
1.66
1.18
3.63
3.13
1.99
3.84
2.8
2.1
1.18
4.96
1.31
1.57
4.47
1.6
3.33
1.21
2.19
0.24
3.6
3.51
1.68
0.09
1.46
4.41
3.69
2.89
4.21
4.77
4.95
2.16
1.29
0.82
4.6
0.75
2.62
3.4
1.14
1.43
0.18
4.05
4.43
4.88
4.43
1.13
2.4
0.2
1.79
0.97
2.31
3.3
1.47
2.28
4.16
4.89
2.34
1
2.8
4.4
1.44
0.88
0.26
2.34
2.64
2.99
3.22
1.91
1.36
3.3
1.76
3.66
2.07
2.91
0.69
1.51
3.61
4.76
4.49
3.38
2.34
3.31
0.77
2.13
3.92
3.92
4.81
1.53
4.71
0.45
2.87
4.3
2.71
0.05
4.41
4.56
0.27
4.64
3.23
3.16
0.38
3.44
3.36
1.71
4.52
1.69
3.79
1.82
4.81
2.94
1.99
4.65
2.11
2.85
3.5
2.98
1.79
1.59
3.5
4.56
2.72
2.06
1.3
1.41
4.73
2.87
3.45
1.03
0.43
1.98
4.64
3.98
0.59
1.15
4.9
4.84
0.16
3.37
2.46
0.39
1.76
3.81
1.91
4.22
1.24
0.77
2.04
0.57
3.52
3.66
4.64
1.99
2.15
4.3
3.28
3.63
3.17
2.25
4.37
2.43
0.06
0.79
4.65
2.28
4.32
2.64
1.24
1.7
3.01
3.99
2.01
0.59
2.3
4.81
3.45
2.86
4.01
2.27
3.58
0.11
4.43
1.59
0.12
3.63
0.31
3.8
2.56
3.7
1.83
3.64
2.26
2.95
1.7
4.25
0.23
1.93
4.13
2.48
3.89
3.63
4.79
1.8
1.01
2.48
2.88
2.3
1.7
1.85
1.65
4.74
0.38
0.67
4.48
4.15
4.41
3.27
0.16
2.49
4.24
4.03
2.78
0.47
2.29
1.56
1.2
1.83
0.46
4.21
0.83
2.55
3.77
1.28
1.56
1.82
3.08
2.35
2.93
3.44
3.52
3.75
2.79
3.19
0.62
3.4
2.01
1.96
3.25
2.83
1.38
3.43
3.38
3.41
0.34
4.84
4.63
2.55
3.73
3.58
0.36
2.78
4.42
2.32
5
3.48
1.81
0.55
4.16
1.06
2.64
1.06
0.75
3.55
2.28
4.12
2.28
4.01
1.14
1.56
0.26
1.53
0.18
3.63
0.67
2.5
1.8
0.89
1.81
3.85
4.3
1.31
1.85
2.47
2.58
0.51
0.01
3.96
1.72
1.37
3.97
1.14
3.13
4.99
4.77
3.71
1.15
2.94
1.99
3.88
0.82
2
1.71
1.39
1.31
4.3
2.89
1.13
0.37
0.33
4.08
2.99
4.53
1.78
4.14
2.84
3.94
2.45
1.28
4.43
2.06
3.27
3.85
4.51
1.04
4.4
0.99
3.02
2.57
4.25
4.08
2.51
4.92
3.47
3.03
0.52
4.2
2.15
4.54
4.33
4.84
4.38
0.13
0.98
3.96
4.81
4.44
2.09
0.13
4.11
0.66
1.11
4.66
4.09
4.37
4.55
0.02
0.95
4.62
2.27
0.74
2.63
1.73
3.42
2.5
0.89
2.63
0.69
4.93
4.48
2.77
2.26
2.37
0.38
1.64
4.63
2.41
1.08
2.56
2.78
1.32
1.1
4.4
0.34
4.46
3.77
3.21
2.2
1.13
2.89
4.26
1.65
1.69
3.21
1.67
1.1
3.54
4.81
0.25
3.72
1.89
2.25
2.68
0.7
4.84
0.73
1.52
1.54
1.91
1.65
3.11
3.53
4.34
0.95
4.27
2.99
2.99
4.58
4.58
4.07
4.53
1.94
2.11
0.41
4.34
0.16
2.35
4.29
3.28
2.82
3.18
3
2.76
3.27
2.13
1.41
0.58
2.79
1.8
2.33
3.67
4
4.39
3.79
2.14
1.55
3.01
3
0.12
3.47
3.07
0.91
4.05
3.9
3.06
2.49
3.78
1.9
3.61
2.34
0.89
1.92
2.26
3.62
2.36
3.09
2.13
0.92
0.97
0.63
1.73
3.78
3.34
1.58
2.15
2.28
4.07
1.12
4.02
2.04
3.13
2.74
3.12
0.42
0.58
4.93
0.71
1.35
2.81
1.64
3.35
3.06
0.43
3.39
0.98
1.23
1.69
4.65
0.91
4.16
2.09
0.41
4.35
2.23
1.54
0.78
0.17
3.47
1.98
4.1
4.95
2.4
3.93
4.29
2.36
3.25
1.99
1.7
0.46
0.16
0.49
3.69
1.29
4.67
1.14
4.34
2.06
1.26
3.23
4.23
2.63
3.07
1.58
2.25
1.25
3.1
0.53
4.7
0.11
2.01
1.51
1.36
1.11
1.84
2.29
3.95
2.12
1.01
0.13
4
4.76
2.63
4.21
0.97
4.54
1.01
2.47
2.95
2.78
3.46
0.3
4
0.95
2.74
2.47
4.67
0.38
2.74
0.32
4.49
2.88
4.15
1.82
4.68
2
4.27
0.81
0.22
3.94
2
4.81
0.18
0.63
3.44
4.67
2.58
1.91
4.65
2.36
2.74
2.62
3.51
3.23
4.76
4.87
3.53
3.91
4.46
3
3.28
0.16
3.8
2.49
0.88
0.98
1.01
0.1
0.9
3.68
3.02
4.21
4.66
1.76
0.25
3.13
2.52
1.41
4.03
4.45
2.95
3.2
2.41
0.38
0.29
2.03
4.23
1.13
3.98
0.03
1.38
0.46
0.06
4.61
1.7
3.96
1.5
3.71
4.36
0.29
3.94
3.61
1.19
1.66
0.83
3.18
4.65
3.5
2.13
4.96
1.28
3.32
4.1
3.12
4.67
2.15
2.17
2.4
3.81
1.48
4.15
3.17
0.24
4.57
2.99
4.03
2.13
3.38
0.09
3.52
1.81
0.9
3.74
3.04
0.06
0.38
3.62
0.55
4.69
2.4
1.06
0.62
0.72
4.08
0.29
4.5
2.95
1.68
4.41
4.02
3.76
2.46
0.36
2.69
0.16
0.71
1.57
4.86
1.74
0.05
4.95
1.31
4.37
3.2
3.52
4.47
4.56
0.29
1.51
3.36
0.2
2.6
3.87
2.99
2.61
4.52
3.45
0.68
0.12
0.1
2.9
1.28
4.51
4.09
4.11
3.7
3.3
1.3
0.96
3.42
3.04
1.1
2.38
4.14
3.57
2.42
2.48
3.38
4.48
0.83
3.57
3.43
0.19
3.88
3.42
1.52
0.06
2.08
2.38
3.57
2.9
0.55
2.45
4.37
1.41
2.93
4.75
3.49
3.38
1.5
4.66
2.15
2.18
4.42
4.73
4.43
1.46
4.94
1.7
4.85
1.88
1.52
1.82
4.64
3.11
3.91
3.61
2.96
4.58
4.98
2.85
1.61
2.5
3.82
4.66
4.85
4.14
2.91
4.49
2.17
4.72
1.49
0.24
2.3
0.48
0.59
0.81
1.55
2.11
2.74
2.32
1.75
2.25
0.2
3.85
0.42
0.08
2.8
2.98
1.72
4.7
2.18
1.87
2.42
3.83
3.92
4.94
3.34
2.73
2.77
3.16
1.58
2.52
4.13
1.92
3.34
4.2
2.81
1.85
4.08
1.56
3.17
1.14
2.64
1.2
0.24
0.49
2.92
1.34
3.36
0.53
1.65
3.17
4.49
2.54
4.19
1.52
0.05
1.88
4.95
2.06
3.4
3.29
1.28
3.47
0.51
1.8
0.53
3.91
0.2
0.96
4.13
3.63
3.93
3.13
4.6
3.22
2.6
4.75
4.44
4.69
0.17
4.76
1.43
4.03
3.67
1.67
1.51
2.71
3.86
2.27
3.75
1.09
1.61
2.39
2.14
0.12
0.46
1.23
3.2
0.08
0.1
1.68
3.7
0.74
1.81
3.34
1.57
3.76
4.37
1.97
0.1
2.81
3.58
1.16
3.04
0.19
4.98
4.73
0.86
3.26
0.15
2.55
0.65
2.33
4.52
1.63
1.87
2.82
0.02
3.71
4.32
2.99
3.47
3.67
2.37
3.42
0.99
0.53
4.95
0.06
2.71
4.14
1.72
1.74
0.62
3.95
4.43
0.46
2.11
2.48
2.85
2.37
4.21
2.05
4.48
1.95
0.79
4.32
2.25
4.18
2.86
0.75
2.5
4.59
1.99
3.26
2.64
3.63
0.64
0.87
2.41
3.9
1.26
0.21
3.02
3.23
4.18
1.13
3.18
2.02
4.18
2.72
3.76
1.48
0.37
4.74
0.36
0.09
2.03
1.62
0.29
2.77
3.97
2
2.73
3.72
1.89
1.95
2.39
4.39
3.51
0.34
1.94
3.35
3.72
4.72
4.56
3.37
0.44
3.17
0.87
0.7
4.67
1
1.08
1.51
4.46
3.34
4.76
2.99
1.08
2.77
4.75
2.99
4.19
2.83
3.3
1.82
3.35
4.58
1.14
3.31
4.53
3.69
4.76
3.71
0.23
0.21
0.32
0.56
4.58
0.09
0.92
4.44
3.14
0.53
2.76
3.7
1.2
4.7
2.9
4.16
0.68
2.99
2.59
0.27
1.52
3.95
4.68
1.27
4.98
1.51
2.88
4.27
2.53
4.58
3.84
2.19
3
4.32
3.2
2.51
1.51
2.46
3.78
1.68
1.85
4.55
4.23
0.77
4.99
4.08
3.95
1.59
3.97
2.86
4.29
0.89
2.74
1.68
1.55
3.93
4.94
3.58
2.25
4.16
4.29
1.13
2.86
3.55
5
1.57
4.73
1.7
3.75
3.27
0.54
3.12
1.71
0.29
4.08
1.33
1.42
4.53
3.08
2.72
1.67
1.65
1.61
4.72
3.81
0.37
1.13
1.18
0.94
0.66
1.29
0.31
1.66
3.33
2.39
2.7
0.45
4.23
4.86
0.04
3.06
3.28
3.75
