3.69
2.4
1.06
0.67
4.78
0.12
3.81
1.34
3.26
0.05
3.79
3.26
3.83
1.76
3.92
0.79
4.3
1.6
4.08
0.36
3.49
1.15
2.36
4.59
2.84
3.63
4.83
0.31
1.04
3.17
3.59
0.95
2.39
4.36
4.48
2.36
4.14
0.21
2.76
4.17
2.41
2.37
2.15
0.84
4.13
0.46
4.4
4.35
0.25
2.06
0.2
2.56
2.74
4.81
2.27
2.65
2.49
4.26
1.4
2.18
3.96
1.37
1.86
4.59
4.35
4.84
1.34
1.79
1.06
3.13
3.43
1.82
1.64
3.99
0.51
0.23
1.75
2.13
1.14
4.87
1.76
0.82
3.66
1.61
0.88
3.53
4.96
4.43
4.75
0.58
2.08
3.27
4.31
3.98
2.82
4.47
4.87
0.23
3.37
4.17
2.59
2.2
3.77
3.88
3.97
3.44
0.77
0.72
3.2
4.7
3.55
3.34
0.1
1.29
4.04
1.92
0.01
0.84
4.59
1.88
0.43
4.18
1.68
1.21
2.42
1.43
3.63
1.87
4.28
2.67
2.53
2.29
3.77
0.76
3.58
1.99
0.23
4.62
2.82
4.52
3.52
0.92
0.31
1.54
0.16
0.17
2.31
3.83
0.83
3.77
0.82
0.86
4
1.08
4.79
1.19
1.85
4.76
4.18
2.58
2.36
3.13
0.85
0.45
3.19
3.81
2.22
3.81
2.67
3.5
1.69
4.14
1.96
4.7
3
0.65
4.98
0.1
1.14
1.5
1.12
0.9
0.02
2.01
1.74
3.83
4.49
4.83
1.62
2.68
0.01
0.17
3.02
0.31
4.34
2.26
3.08
1.44
3.05
3.46
2.06
0.82
1.98
2.22
4.53
1.84
4.08
1.89
4.14
2.98
3.65
1.41
1.67
2.67
4.74
4.44
1.85
1.43
0.25
4.47
3.79
3.1
0.81
4.27
2.89
1.71
2.52
2.84
4.92
3.65
0.82
0.6
4.11
4
0.54
3.13
4.07
2.64
2.38
1.38
4.72
1.6
4.69
4.92
1.42
3.29
0.97
3.17
1.85
1.06
0.21
0.36
3.17
4.76
0.71
4.08
2.46
4.38
0.68
4.2
4.7
1.74
3.91
2.57
0.21
2.26
2.89
4.85
4.49
4.26
2.06
4.12
3.68
2.69
1.72
3.93
1.06
0.16
1.54
1.85
2.69
0.18
2.93
1.3
2.5
1.86
3.78
0.14
3.42
2.22
4.69
3.27
3.53
4.64
4.46
4.43
4.02
1.08
2.97
2.94
1.85
0.93
2.63
3.08
2.21
4.11
0.07
2.53
0.92
4.32
4.08
1.1
0.65
0.79
0.1
3.21
0.25
3.49
1.68
2.05
4.08
0.94
3.39
4.99
4.81
1.66
3.47
2.62
0.92
3.13
1.72
3.37
1.99
1.81
3.34
3.41
2.47
4.94
2.7
2.63
0.46
2.31
0.93
1.6
3.53
0.94
4.47
4.35
0.98
4.9
3.33
4.82
0.93
0.11
4.66
4.36
1.61
1.48
3.68
1.27
3.35
1.97
4
2.19
3.85
2.57
3.24
2.97
1.19
4.65
0.88
0.6
1.84
4.45
1.42
3.38
0.56
0.67
0.08
2.85
2.28
3.84
4.92
1.83
2.02
4.47
0.25
2.62
1.81
4.48
2.35
2.91
2.15
0.77
4.49
2.55
4.01
3.76
2.1
1.89
2.13
2.03
2.61
0.79
0.69
4.95
4.72
0.38
0.18
1.99
2.28
4.22
3.81
3.83
2.39
2.07
0.49
1.86
0.93
4.83
4.52
1.07
3.37
1.94
3.79
4.95
2.92
3.82
2.46
4.03
2.48
3.71
4.35
3.55
0.42
3.13
1.02
1.47
4.04
3.69
2.26
3.8
0.54
0.25
3.2
4.32
2.28
2.47
2.27
3.59
4.29
2.09
4.29
4.57
0.47
0.84
0.14
4.55
3.01
1.98
4.94
2.4
4.68
4.97
3.23
1.63
3
3.34
0.69
0.6
4.34
1.63
3.42
1.49
1.39
0.45
0.65
3.98
3.89
3.35
0.21
1.36
3.9
2.33
3.81
0.74
3.54
4.16
3.2
2.09
0.21
3.54
0.07
1.53
0.44
4.19
4.96
4.28
3.13
3.24
4.14
1.15
0.86
1.92
3.02
4.71
0.69
3.66
2.63
4.5
0.01
1.72
3.25
4.01
4.73
2.09
1.4
4.5
4.81
2.38
3.43
4.54
3.89
0.05
0.6
3.04
0.08
3.33
0.83
2.78
2.72
1.93
1.05
3.05
2.48
2.05
0.32
2.87
3.04
0.44
3.49
1.92
2.02
2.69
0.77
4.78
0.68
3.78
3.61
3.91
2.3
2.17
4.81
1.61
3.84
5
0.89
2.63
3.41
0.4
3.43
3.88
4.09
2.56
3.29
4.73
0.01
1.03
3.56
0.78
0.28
3.93
0.46
3.37
3.9
2.53
4.43
3.41
1.45
2.77
2.59
2.78
1.69
3.06
3.38
3.93
2.62
4.17
4.79
4.85
3.11
0.43
3.43
0.63
2.39
1.08
0.46
3.11
4.43
3.38
2.54
1.48
3.55
1.45
0.74
1.98
4.08
1.89
0.67
2.9
1.22
4.66
4.6
1.93
0.13
3.45
4.18
2.17
4.74
1.98
0.41
2.2
1.44
2.05
0.71
2.83
4.7
2.68
1.02
4.02
2.24
0.54
4.04
3.46
3.62
0.89
3.76
4.32
1.78
2.31
4.61
0.28
4.38
0.66
0.08
4.01
4.34
0.82
0.6
1.16
4.85
1.3
3.99
3.51
4.14
0.21
0.72
0.01
0.83
1.18
2.11
1.1
2.75
4.62
2.75
4.57
3.46
0.96
2.12
4.4
4.78
4.38
4.57
3.27
2.74
1.69
2.56
3.35
3.51
3.49
3.19
4.3
0.76
0.29
4.61
2.74
2.92
1.17
3.71
0.88
0.14
1.95
2.59
3.33
3.21
2.11
3.07
4.46
0.08
0.78
2.54
0.94
3.8
3.03
3.18
4.21
0.08
3.6
0.91
3.73
3.19
4.01
3.19
1.27
2.87
3.94
2.4
1.16
3.6
3.44
0.4
2.09
2.09
2.26
0.37
3.7
4.92
1.92
3.63
3.27
2.31
2.08
4.43
1.47
0.68
4.1
0.84
2.66
2.97
0.58
1.97
3.88
3.91
0.05
0.38
0.9
0.09
4.73
0.26
1.36
2.14
3.53
2.41
3.23
2.5
4.69
3.61
2.78
4.53
0.33
3.52
3.01
1.01
3.25
0.64
3.84
4.5
0.74
3.08
3.39
3.47
4.33
1.54
4.14
2.18
1.85
0.31
1.93
4.86
2.93
0.83
3.1
4.63
0.15
4.34
4.36
3.68
3.43
0.33
1.07
4.14
3.52
4.83
1.18
0.55
4.61
1.52
0.74
4.77
2.89
2.95
4.72
3.58
1.08
2.73
3.11
4.39
1.1
3.8
0.37
3.74
4.08
0.8
2.6
4.85
2.48
4.7
1.49
3.26
3.03
3.94
2.36
0.97
4.19
4.23
3.27
3.18
2.69
2.48
4.92
3.25
1.64
0.91
1.13
3.62
1.5
0.1
3.5
0.75
3.22
4.38
1.61
2.95
3.61
4.89
2.9
0.65
3.51
4.25
3.03
1.82
4.09
0.05
4.46
3.15
3.8
1.03
0.98
1
4.61
4.88
4.57
0.6
1.73
2.13
0.57
2.74
1.56
0.88
3.64
3.22
1.98
4.34
2.09
3.2
3.74
0.02
4.88
1.57
4.77
4.66
4.93
3.72
3.53
2.23
0.9
3.94
4.22
1.27
0.53
3.35
4.02
4.53
4.73
2.08
3.97
0.76
3.66
2.61
1.34
0.48
3.01
2.93
0.65
4.16
2.66
2.34
0.63
0.54
2.2
0.58
2.68
2.56
4.62
0.54
0.84
2.59
3.31
1.37
3.54
1.55
2.5
4.49
1.88
3.86
4.23
4.78
2.45
0.51
0.89
2.32
3.76
4.9
0.99
1.73
1.28
2.2
2.55
0.63
3.13
2.48
2.44
2.13
0.02
3.88
0.77
0.54
1.34
2.49
1.81
1.19
1.34
0.32
3.26
2.46
2.27
4.76
2.8
2.62
2.09
3.47
0.82
0.5
4.23
2.07
5
3.5
4.7
3.47
1.55
0.18
0.62
2.26
2.36
1.12
3.44
0.08
3.62
1.97
3.37
2.73
1.36
4.33
0.53
1.08
4.07
0.31
3.26
3.98
0.39
1.75
2.64
3.23
2.35
2.07
4.43
0.39
4.91
2.31
3.73
4.53
2.01
4.46
3.28
1.7
4.18
1.42
4.38
1.19
3.21
2.72
0.36
3.33
4.64
4.29
2.85
4.71
1.55
4.02
3.23
3.98
1.5
0.47
0.44
2.14
1.61
2.51
0.47
0.48
1.44
2.44
4.2
0.33
1.56
2.5
3.33
2.32
1.79
2.16
3.78
0.81
4.48
0.32
1.27
3.46
1.2
3.59
4.06
1.05
1.59
3.3
3.96
2.59
3.48
2.29
3.76
3.43
1.5
4.35
3.7
2.53
2.2
3.71
2.81
3.07
1.51
4.7
3.04
4.53
2.96
3.4
1.13
3.51
0.54
4.44
0.31
2.25
3.41
4.22
0.42
0.39
3.52
2.91
4.9
0.08
3.87
3.2
3.8
4.12
3
0.23
2.91
1.31
4.46
3.03
4.38
3.28
3.86
0.53
0.06
3.25
3.25
2.96
1.82
2.96
4.82
4.88
1.98
1.98
2.03
1.04
0.39
3.46
1.77
4.96
0.22
1.91
0.67
3.05
3.25
2.15
0.27
3.78
2.03
1.98
0.31
0.13
1.23
0.62
0.4
1.3
1.08
2.32
3.45
3.28
0.33
1.31
4.02
2.67
1.43
4.63
3.63
3.86
3.34
2.12
1.93
4.87
0.64
3.08
1.84
0.49
4.47
2.72
4.86
4.07
4.63
1.67
2.34
2.21
3.59
1.8
3.8
0.93
1.82
0.19
3.87
4.37
4.56
1.02
3.3
0.9
4.76
1.19
2.2
2.54
4.16
0.97
2.44
3.16
4.29
3.52
0.07
3.51
2.49
0.04
3.1
3.33
4.74
3.53
4.47
4.3
4.85
3.68
1.76
1.8
0.52
3.4
2.05
2.41
0.31
4.02
4.11
0.41
4.48
4.78
0.97
0.72
4.49
4.56
3.02
4.94
4.27
1.35
1.54
1.49
1.27
3.33
2.71
3.17
4.1
4.34
0.36
1.86
3.3
0.48
4.94
0.31
4.53
4.33
2.78
3.36
2.83
1.16
0.26
3.13
2.54
3.06
0.44
3.46
2.25
3.98
3.09
1.87
4.14
3.36
4.11
2.97
0.59
4
2
2.87
0.77
0.15
3.65
0.5
2.09
0.93
4.69
3.28
4.89
0.38
3.84
1.65
3.3
3.92
0.55
0.86
4.52
2
4.49
0.06
3.33
4.51
4.31
0.88
2.75
2.05
0.59
4.76
4.78
0.09
1.76
4.62
4.52
1.79
2.11
4.83
2.4
1.4
2.24
2.73
1.01
0.22
1.18
3.93
4.85
1.13
4.54
1.58
2
1.85
3.65
4.16
1.17
1.04
2.12
3.87
1.86
0.51
3.06
3.91
1.84
1.98
0.18
1.42
0.09
0.92
2.63
0.31
0.36
0.71
1.61
2.5
3.03
0.16
1.04
0.58
0.03
2.48
3.02
0.8
1.46
2.15
3.59
1.95
2.1
3.01
3.02
3.02
0.02
3.4
0.9
3.86
0.18
1.76
2.69
0.86
0.52
1.6
0.88
0.77
0.3
1.92
0.3
0.28
0.25
4.36
0.98
1.43
2.14
0.76
2.5
3.45
3.19
4.35
3.03
4.1
0.5
0.01
1.62
3.34
2.82
2.77
2.25
3.7
4.56
1.96
1.53
3.19
4.1
0.7
4.54
3.18
2.45
2.08
0.86
2.84
1.09
1.3
3.69
3.56
2.54
2.92
3.54
3.12
0.55
0.48
4.44
1.31
3.48
0.21
3.33
3.74
0.42
3.19
3.26
2.12
1.89
2.47
1.28
0.33
2.02
3.07
1.18
2.55
1.75
2.14
0.3
3.69
2.75
2.97
1.17
1.83
1.61
2.48
2.74
1.69
2.93
0.26
4.89
0.86
0.33
3.5
1.8
2.38
1.64
2.43
1.81
3.36
1.12
2.03
1.18
0.59
0.34
1.43
1.47
3.16
0.57
4.42
3.79
1.46
2.53
4.57
1.55
4.52
4.4
4.89
2.36
0.55
3.59
0.93
2.47
2.84
0.22
1.44
1.31
4.46
4.42
4.36
2.06
1.9
4.69
1.46
3.73
4.55
2.85
2.09
0.43
4.13
4.16
1.41
3.1
4.82
1.21
3.49
2.36
1.95
4.24
1.87
4.57
2.86
0.18
0.86
2.17
4.05
4.69
4.7
2.41
3.21
3.71
0.25
1.76
4.92
2.3
0.68
1.61
4.85
3.44
1.2
1.46
1.9
2.48
0.24
0.62
2.12
0.12
1.87
2.15
2.16
1.22
4.37
2.79
4.69
1.6
4.47
4.01
0.17
2.12
2.46
4.85
2.98
3.97
2.55
4.12
3.58
4.93
0.89
3.73
2.15
0.56
1.27
1.84
2.64
4.74
2.76
4.44
2.47
1.4
3.23
1.47
3.58
4.27
1.46
1.58
3.89
0.16
2.7
3.08
3.31
2.14
4.21
0.24
2.27
4.18
1.48
4.55
1.21
1.65
1.86
0.96
2.37
0.7
0.16
2.97
4.79
3.28
0.72
3.68
3.75
1.63
3.26
1.61
1.43
0.27
2.07
1.52
2.58
0.58
0.73
1.44
3.41
1.75
1.94
3.56
3.46
4.65
1.22
3.36
2.84
1.77
4.52
1.76
1.87
0.78
1.21
4.12
2.63
4.97
0.83
1.7
2.05
3.04
4.22
2.45
2.5
4.24
4.59
0.63
0.72
0.8
4.08
2.27
4.41
1.82
4.82
4.65
1.2
2.99
2.83
4.12
1.68
3.01
0.01
4.14
2.14
5
4.56
1.75
0.73
4.58
0.18
2.58
4.29
0.88
4.33
1.23
1.66
1.87
1.8
0.07
0.22
1.01
1.4
0.48
4.13
3.88
3.1
1.91
2.01
2.03
3.47
1.52
0.09
2.56
3.97
1.79
1.42
3.77
4.41
1.81
3.97
1.67
0.06
2.07
3.35
4.41
0.71
4.77
4.48
0.18
3.11
0.83
3.39
2.75
3.61
4.61
4.36
2.34
0.01
3.25
1.15
0.48
4.28
0.34
4.42
1.9
2.41
1.92
3.58
1.3
0.56
4.37
0.07
4.82
1.96
2.14
1.95
1.33
1.95
0.73
4.58
3.92
0.8
0.98
4.45
4.09
3.69
3.19
0.14
4.38
2.63
4.24
1.82
1.47
3.97
1.44
2.75
1.33
1.39
0.9
1.33
3.89
4.52
4.65
1.84
2.83
2.37
4.98
0.89
0.58
0.38
1.07
0.41
0.55
2.62
1.49
4.44
3.95
0.47
2.18
4.28
2.33
2.57
2.68
0.14
2.73
4.75
3.36
1.83
1.18
4.89
2.8
0.45
2.2
3.34
2.02
0.38
0.95
4.8
0.28
0.05
1.1
4.75
1.47
0.6
3.64
4.75
1.86
0.35
1.22
2.99
0.33
1.54
1.99
2.37
1.76
0.87
1.66
2.95
0.36
0.58
0.68
1.74
4.11
4.45
3.93
3.76
3.36
1.59
0.26
1.35
0.43
0.35
1.79
2.74
0.95
0.73
2.16
0.59
3.71
1.36
0.83
1.37
3.79
4.53
1.8
3.02
2.96
3.25
0.87
3.43
1.81
1.65
1.56
2.78
0.72
3.29
1.9
3
2.09
3.24
2.83
1.21
1.81
2.71
3.02
2.52
2.1
2.98
2.93
4.25
4.55
3.18
4.82
3.17
4.74
0.01
1.48
4.45
2.1
3.04
3.15
1.2
3.62
3.9
3.53
1.45
3.55
4.48
4.92
0.86
3.71
0.88
0.85
4.52
2.25
4.56
0.84
1.49
3.39
2.83
1.43
4.87
3.59
1.81
1.36
0.51
0.71
4.58
3.09
0.83
4.4
0.3
0.58
0.33
3.79
4.9
4.35
4.39
4.36
2.39
1.69
4.6
3.21
0.59
4.92
0.31
4.01
1.54
0.13
0.25
0.54
0.63
1.13
4.43
2.73
3.38
2.33
0.38
2.41
3.35
3.05
2.27
3.14
0.16
4.83
2.29
4.61
3.6
2.47
4.17
1.34
4.56
3.53
2.6
2.75
2.88
3.7
1.21
0.61
0.58
3.53
3.76
3.97
1.38
1.53
0.99
2.47
2.8
4.79
2.87
0.93
2.79
4.72
4.91
2.45
3.04
2.48
2.39
0.12
4.03
3.19
2.79
0.95
0.73
3.4
2.38
0.63
2.42
0.48
3.81
2.53
3.91
0.56
1.65
1.47
2.51
3.5
2.98
4.88
0.94
3.95
4.27
0.85
0.72
1.88
4.89
4.82
1.58
3.29
2.61
0.81
1.91
1.68
4.82
2.76
4.45
3.75
4.91
2.54
0.16
3.15
0.54
4.36
1.52
2.36
2.92
2.47
0.67
1.16
4.44
2.04
0.57
5
2.31
1.21
0.54
0.66
2.41
3.49
4.51
1.88
1.47
0.57
1.25
2.5
2.15
1.72
0.26
1.98
2.27
0.46
3.02
0.41
1.77
0.3
1.77
2.88
4.15
4.04
4.86
3.65
4.23
0.96
3.52
4.29
1.37
2.32
3.73
2.18
1.92
3.63
1.14
3.92
2.41
2.04
1.11
2.14
4.02
4.64
1.17
3.97
1.05
2.99
2.49
1.02
4.77
0.2
1.42
0.7
3.12
2.52
3.92
4.72
4.78
4.62
4.69
4.9
0.36
2.01
1.42
2.93
1.59
3.2
2.06
1.37
3.66
4.33
2.41
3.18
0.02
2.45
4.91
0.95
0.93
1.64
2.43
2.27
3.55
0.1
3.05
1.09
0.17
2.98
4.44
0.43
4.16
4.76
2.69
1.11
3.86
2.08
1.97
0.58
1.11
4.33
1.78
1.47
4.61
2.6
2.91
3.99
4.14
0.24
1.48
3.94
0.92
3.91
1.47
3.87
4.02
0.39
4.47
0.11
4.01
2.98
2.27
2.42
2.37
3.32
0.22
3.14
3.24
4.62
0.41
3.56
0.53
2.14
1.06
4.74
3.94
0.45
3.5
2.05
2.26
0.56
0.39
2.42
0.29
0.92
0.5
1.04
0.28
3.77
3.08
4.48
2
1.11
2.51
1.84
3.25
1.41
4.74
1.85
0.81
0.9
1.51
2.09
2.26
4.02
4.2
2.2
0.73
4.24
3.25
2.83
1.04
2.87
3.02
1.29
1.66
1.85
3.62
3.69
2.66
3.04
4.23
3.37
0.67
3.16
4.63
4.57
3.98
4.54
2.08
2.71
3.32
1.33
2.27
0.58
4.54
3.38
2.06
4.3
0.17
4.79
0.06
2.67
4.79
3.13
4.69
4.08
4.31
3.16
0.2
3.67
0.62
4.19
1.04
3.98
4.52
2.44
0.75
4.75
0.5
4.35
4.26
2.93
2.14
3.33
2.32
2.23
4.77
0.4
2.37
0.06
1.89
3.88
2.15
1.95
3.48
3.12
4.95
4.91
1.76
0.45
2.26
0.55
2.38
0.85
3.82
1.37
0.29
3.16
0.56
3.45
0.46
3.45
1.94
2.42
2.68
2.01
3.79
0.94
2.42
3.58
0.86
3.98
2.79
0.44
2.56
4.57
4.22
0.14
3.69
2.87
4.94
0.62
4.75
3.53
3.56
0.28
0.06
3.56
3.05
4.55
2.46
3.75
1.95
0.92
3.95
3.19
4.19
2.16
4.43
0.02
0.75
1.84
4.79
4.21
3.1
0.27
1.19
4.6
2.45
3.22
0.84
3.32
2.05
2.63
3.79
3.46
4.51
1.33
3.26
2.83
0.3
3.7
1.93
3.55
2.59
3.44
1.23
2.32
1.91
1.28
1.23
3.84
4.15
4.19
2.34
0.64
1.74
3
4.6
2.69
1.56
2.08
1.19
0.84
3.3
4.64
2.16
1
1.49
1.21
3.58
4.42
3.16
4.69
1.69
2.16
4.08
1.25
0.09
0.86
4.79
4.55
2.65
0.78
4.31
0.89
2.6
4
2.94
1.78
4.74
1.42
0.23
3.81
0.53
3.34
0.69
4.86
4.48
3.66
2.24
0.62
5
3.15
0.55
2.77
2.66
0.95
2.42
1.39
1.89
0.01
4.63
4.5
0.8
4.17
2.89
0.74
4.45
0.67
0.74
3.41
3.14
4.47
1.6
1.55
2.9
0.32
0.23
2
1.38
2.16
4.28
2.77
2.4
1.61
2.61
1.92
0.01
2.68
1.1
0.55
4.27
1.52
2.98
3.18
2.03
3.58
4.57
3.28
3.56
0.68
1.55
4.09
4.02
4.59
4.09
0.7
3.83
2.04
4.93
3.44
1.52
3.11
4.27
5
0.14
0.82
1.47
5
1.77
3.86
4.94
3.82
2.45
1.21
0.71
1.88
4.52
0.35
1.42
2.16
1.99
0.88
2
0.83
2.07
3.96
2.01
4.36
3.58
4.51
1.92
4.9
4.98
0.85
3.67
1.38
1.29
0.3
3.47
1.36
4.39
3.66
2.63
1.53
2.49
2.51
1.87
4.62
3.51
3.04
2.78
3.19
4.55
1.97
2.4
4.69
1.16
1.52
1.67
0.33
0.95
2.81
