0.59
3.34
2.16
2.92
4.73
2.71
0.4
2.57
0.87
0.56
2.86
0.21
3.02
4.34
0.6
0.69
2.87
2.32
1.47
4.75
2.93
1.36
3.01
1.35
4.08
3.22
3.41
2.75
4.99
1.57
1.98
2.54
2.56
2.77
3.92
4.3
2.43
2.29
0.82
3.46
4.04
2.45
3.59
1.23
3.28
4.16
0.02
1.85
1.15
4.07
0.43
2.01
4.25
4.16
0.08
0.63
2.95
3.66
3.06
2.41
4.25
3.75
4.5
3.42
2.14
3.92
1.26
0.75
1.82
0.38
3.82
0.74
3.38
3.07
2.52
2.53
2.03
3.19
2.53
4.14
4.71
1.41
4.19
3.98
1.63
0.85
4.07
0.59
3.41
3.33
0.54
0.61
4.32
3.09
3.26
2.07
4.66
2.02
4.21
4.78
4.88
1.95
2.61
3.06
4.24
3.49
3.43
4.55
4.23
4.27
3.25
3.64
0.54
0.69
3.89
1.61
3.1
2.71
1.74
1.37
3.44
3.62
0.24
4.43
1.43
2.82
2.38
4.05
4.46
3.34
4.05
4.7
1.68
4.68
1.71
3.81
0.15
1.47
3.63
2.93
1.43
4.97
1.88
3.02
4.09
1.66
2.2
1.96
2.84
2.1
4.46
3.89
2.87
3.83
0.35
3.81
1.09
2.94
3.06
1.42
3.45
1.22
1.38
4.7
1.51
1.71
2.2
2.53
4.27
4.23
3.07
1.47
1.88
4.61
2.46
1.3
0.75
0.49
1.98
1.08
4.67
4.14
4.2
3.41
2.11
2.53
0.18
1.37
1.03
3.25
0.15
3.8
3.19
1.34
2.96
2.56
3.4
1.38
2.56
2.55
3.99
0.79
1.46
3.27
2.67
2.15
1.18
4.29
3.67
4.39
1.95
2.27
1.89
2.85
1.42
1.86
0.99
4.73
2.06
4.1
4.8
4.47
4.22
4.72
4.96
3.86
1.48
3.09
2.04
1.94
1.04
0.09
3.79
2.99
0.03
3.64
2.13
0.5
1.18
4.24
1.39
1
2.13
3.36
3.29
3.95
4.51
0.99
2.26
2.49
3.13
2.53
1.32
1.17
4.11
4.53
4.45
3.68
1.96
4.23
4.68
0.55
1.95
1.66
3.53
1.53
3.23
4.54
0.76
1.79
3.13
3.24
3.64
1.87
2.27
1.04
3.83
0.82
1.34
0.12
0.31
4.36
3.58
1.77
0.65
1.16
3.23
2.46
0.76
1.06
1.2
1.22
1.16
0.41
3.4
0.76
1.86
0.02
1.58
1.73
1.16
2.31
2.17
0.14
3.35
4.13
1.63
3.48
2.05
1.5
1.87
1.92
0.17
4.12
1.6
4.55
3.38
2.24
0.49
1.7
3.08
4.4
2.3
3.05
1.28
2.72
4.76
3.27
0.22
3.92
0.41
2.77
2.61
2.91
0.5
4.55
3.44
1.8
3.67
0.55
3.02
1.47
0.03
3.55
2.6
4.52
2.39
3.99
3.98
4.33
1.34
0.7
2.5
3.57
4.53
0.72
1.78
4.16
4.04
0.74
1.61
1.16
2.55
0.37
0.1
4.54
0.39
4.66
0.03
2.42
2.29
2.1
0.08
2.93
4.17
2.41
1.2
3.82
2.06
0.07
3.57
3.44
1.35
4.07
1.05
2.09
2.07
4.97
4.66
0.59
3.85
2.96
4.57
0.39
2.35
3.72
0.97
0.04
2.01
2.82
2.39
0.41
4.03
3.01
2.79
2.44
4.55
4.85
4.93
2.1
4.95
2.61
3.43
4.94
1.62
2.81
1.58
4.39
4.58
0.2
4.05
3.1
3.87
1.76
3.32
4.35
3.71
4.01
2.6
2.51
3.78
0.43
0.03
4.36
3.35
3.4
4.19
4.52
0.82
2.35
1.46
1.79
2.72
0.54
4.97
2.68
3.89
4.84
4.37
2.8
1.57
1.44
4.72
0.92
2.69
1.6
4.12
4.55
3.59
2.82
1.45
3.35
1.42
2.48
1.11
2.21
3.03
2.65
3.84
3.99
1.44
2.12
4.64
0.5
4.77
2.22
0.14
3.34
2
0.45
3.39
1.71
2.51
4.39
2.17
2.36
1.77
2.95
1.36
1.66
0.98
0.05
3.51
3.82
0.34
1.14
4.46
4.41
4.8
4.68
3.64
1.09
2.37
1.69
3.66
2.5
4.95
4.75
0.62
1
4.45
2.29
1.08
1.85
1.51
0.76
1
0.63
0.63
1.96
0.3
0.66
0.54
0.24
4.97
2.49
4.52
1.3
0.2
1.02
0.61
0.4
2.34
2.51
0.08
3.8
4
2.41
4.07
2.11
2.03
0.75
2.44
0.05
3.73
0.88
1.59
1.76
1.92
1.99
2.15
3.57
4.54
0.84
2.07
4.75
3.91
2.22
2.98
4.31
4.29
2.59
2.91
0.19
4.63
0.54
3.36
2.86
2.92
4.03
0.49
3.75
3.65
1.91
0.38
0.36
2.57
3.02
3.86
2.34
0.35
4.48
4.34
3.83
4.19
1.37
1.86
1.2
3.79
2.37
0.33
2.79
2.25
2.03
4.5
4.19
3.51
3.14
2.55
4.52
3.9
2.88
3.65
2.16
3.51
1.52
3.29
3.28
2.61
2.45
2.77
2.38
2.92
4.14
2.11
4.28
1.71
0.71
1.27
3.02
1.2
1.15
0.21
3.05
1.5
4.8
3.18
0.23
0.99
3.62
2.79
4.98
4.91
0.58
3.18
1.01
1.85
4.35
2.64
0.16
0.32
2.02
2.75
3.8
0.02
1.92
2.71
3.08
2.42
3.73
3.25
0.13
2.99
0.07
1.55
1.12
2.63
2.81
2.86
4.14
3.14
3.06
0.84
1.25
0.17
2.33
1.22
1.39
2.2
1.99
0.76
1.1
3.35
3.94
2.31
1.68
2.7
2.83
2.87
3.23
3.64
1.6
3.84
3.32
0.69
0.5
3.51
2.62
0.54
3.44
0.85
1.51
2.99
2.31
2.31
2.67
3.67
2.14
3.57
1.73
1.09
0.88
1.36
4.2
3.55
0.38
4.33
1.75
2.52
2.03
3.77
1.09
3.32
1.19
3.66
4.87
3.56
2.36
2.1
1.54
4.76
3.06
0.98
4.89
3.85
4.69
1.81
1.21
1.98
2.08
3.6
2.01
3.18
3.47
1.39
2.4
4.04
2.95
4.85
0.96
1.21
3.38
2.36
2.2
3.01
0.88
2.92
3.27
2.25
3.09
1.7
4.41
1.19
0.38
2.64
4.87
4.99
1.73
0.89
4.68
0.68
2.66
4.42
3.11
0.95
3.48
1.76
3.69
3.58
1.45
0.21
1.06
1.54
0.5
0.74
3.61
2.26
0.74
2.25
1.28
4.4
3.76
0.37
0.99
0.48
2.28
4.92
1.02
0.76
1.51
1.97
0.65
0.22
4.1
2.98
4.46
0.77
4.75
0.24
4.1
3.99
3.27
2.31
2.23
4.46
2.8
2.41
2.61
3.62
4.34
0.4
3.61
2.57
4.53
0.17
2
2.56
1.75
4.68
0.81
0.11
2.01
2.75
3.24
4.45
0.71
4.12
4.71
3.53
3.89
2.29
2.92
0.49
2.05
4.81
1.13
2.09
3.41
4.75
2.25
3.03
0.51
1.14
4.32
0.09
4.01
2.72
3.29
4.12
2.72
1.87
2.47
4.13
1.68
2.24
3.11
1.07
3.87
2.34
2.66
1.53
4.78
1.85
3.36
4.59
3.46
1.93
0.02
1.47
4.08
1.64
3.7
2.17
4.58
0.44
3.13
0.01
3.78
2.91
0.08
3.22
2.47
1.91
3.5
1.39
1.04
1.83
1.34
4.31
0.16
2.16
0.92
4.88
2.86
4.7
4.89
4.43
0.34
2.09
1.96
4.53
4.86
3.99
3.85
1.43
3.15
4.31
5
4.2
4.75
1.99
0.7
0.06
0.56
4.57
1.96
4.4
3.75
1.15
3.51
1.54
4.97
1.28
3.43
1.83
0.46
0.43
1.64
1.82
3.95
0.59
3.13
1.81
4.57
1.42
3.25
2.82
0.37
2.91
0.88
1.77
2.98
0.04
2.28
0.73
2.9
3.69
1.02
1.63
0.78
3.89
2.63
3.44
2.53
4.05
4.71
3.6
4.44
0.85
4.5
3.15
3.65
2.74
1.04
0.56
0.63
0.59
4.52
1.76
1.49
0.25
4.84
1.88
3.93
2.84
1.36
0.83
4.32
1.05
1.17
0.09
1.94
0.92
0.01
0.06
4.76
1.77
4.86
3.76
2.34
0.16
0.63
3.59
1.7
0.94
3.18
1.7
2.78
0.78
3.41
1.69
3.66
4.02
1.16
2.26
2.7
3.24
1.62
0.42
4.61
1.74
4.43
4.24
3.68
0.16
1.23
1.3
1.57
2.4
2.58
4
0.59
2.02
4.94
2.84
3.53
0.35
2.06
1.62
1.27
1.26
0.95
3.89
1.73
0.14
1.78
4.03
1.83
0.09
4.85
3.11
2.93
3.48
2.97
0.34
2.98
3.89
2.24
5
0.05
0.83
3.69
1.34
0.74
3.2
2.46
4.94
0.92
3.75
2.72
0.25
1.69
0.84
4.62
3.35
1.02
3.41
1.92
3.09
2.15
1.76
1.03
1.71
4.09
0.42
3.38
1.44
2.41
1.36
4.07
4.1
0.57
0.72
3.1
0.14
2.33
3.7
3.6
0.71
2.81
2.25
2.1
4.6
0.48
2.96
4.96
1.72
4.33
2.19
4.21
2.16
3.27
0.47
2.25
3.32
1.07
1.3
1.78
1.69
2.68
1.72
1.59
0.35
2.68
2.7
1.88
3.65
0.36
0.15
0.22
3.65
4.78
0.38
0.63
2.49
3.98
0.64
2.62
1.72
2.61
0.54
2.62
4.44
1.68
2.39
2.98
1.82
3.54
3.68
4.18
1.43
0.13
3.55
1.54
2.88
2.68
3.84
2.67
3.39
2.23
0.99
4.43
3.1
4.51
2.75
3.51
1.8
1.94
2.43
0.81
2.54
0.64
4.59
1.25
4.3
0.09
0.82
2.37
3.75
4.16
4.99
1.03
0.72
3.7
3.61
2.24
3.87
3.62
0.09
1.42
0.06
2.04
3.5
3.8
1.27
4.34
0.76
1.73
2.8
4.46
0.79
4.19
1.68
3.4
3.03
0.9
4.02
4.74
3.8
4.87
1.67
3
1.09
3.17
2.63
3.81
4.81
4.75
1.13
1.35
2.57
3.04
0.97
4.33
3.07
2.69
1.54
2.52
4.5
0.36
0.77
4.98
2.5
4.53
4.27
4.8
4.76
1.74
2.07
1.87
4.89
0.06
4.46
1.18
2.59
0.17
4.31
5
4.47
0.23
2.06
4.31
3.58
0.52
3.95
4.28
4.07
3.64
0.07
1.91
4
3.56
2.93
0.24
1.11
1.87
1.67
2.78
4.69
4.59
3.37
2.66
1
2
4.98
0.94
3.1
4.96
3.05
3.85
2.28
1.65
1.42
0.93
2.32
0.93
2.03
0.3
1.15
4.21
2.31
2.57
1.6
1.1
3.63
4.22
1.34
4.43
3.03
3.58
0.15
3.14
2.04
3.06
3.64
2.03
0.98
4.35
4.55
4.36
0.23
0.91
0.89
3.81
0.19
1.79
2.79
4.13
2.91
2.02
1.95
3.04
2.28
0.3
2.49
2.65
0.4
1.78
1.87
3.34
0.85
2.12
4.54
4.42
1.69
4.34
1.03
4.88
4.08
1.43
0.04
3.68
4.22
2.46
4.85
0.95
1.6
0.74
0.99
4.32
1.41
4.63
1.74
4.09
3.34
0.72
1.59
4.72
2.35
0.88
3.37
2.56
3.31
4.64
1.17
4.02
2.03
3.15
2.86
3.96
4.32
3.23
3.26
1.88
1.05
0.01
3.63
4.25
3.98
0.61
2.79
1.64
1.6
0.24
0.86
0.61
4.64
0.71
0.52
1.05
3.17
4.88
2.64
1.2
4.97
2.16
0.49
1.03
2.78
4.92
2.73
1.68
2.37
0.77
3.9
3.15
2.29
4.56
2.66
2.04
0.13
4.06
2.47
3.09
0.9
0.98
0.22
4.87
2.94
1.01
0.33
3.47
3.31
1.24
2.28
3.73
0.67
0.11
3.58
4.78
2.56
1.53
4.92
3.12
1.11
2.08
1.12
3.19
4.21
2.52
4.7
3.62
2.5
1.36
0.03
0.66
2.22
2.24
3.41
1.84
0.97
1.76
0.85
4.08
0.08
2.08
4.99
4.82
1.72
0.8
0.55
3.28
2.31
4.12
0.53
1.49
0.39
0.61
0.96
4.52
2.02
3.33
3.8
3.67
2.11
4.36
1.49
4.49
0.64
3.87
3.48
3.55
1.82
0.11
0.86
4.96
0.01
4.26
2.06
0.95
1.12
0.87
1.34
0.48
2.24
4.14
1.67
2.78
3.41
2.69
1.61
1.79
1.62
1.46
2.35
2.67
0.69
1.81
1.75
2.43
4.83
0.63
0.76
4.88
1.9
1.21
2.59
2.68
4.74
2.72
0.44
2.99
1.33
4.02
1.84
0.42
2.78
0.95
2.62
0.28
3.31
4.75
0.51
3.81
1.9
1.83
3.95
3.2
3.46
4.64
4.88
4.03
4.72
1.38
1
0.76
0.24
1.39
4.93
3.56
3.03
3.71
1.72
2.27
2.64
0.65
2.94
0.34
2.88
4.02
0.05
2.98
2.06
3.49
3.5
1.83
0.28
1.25
4.06
4.58
4.93
2.93
4.7
4.03
0.41
2.24
4.31
3.9
2.4
4.93
3.94
4.48
0.15
2.5
3.89
1.74
0.29
2.76
0.81
4.61
4.41
1.69
4.69
2.93
2.97
4.23
0.71
4.82
4.37
1.47
4.82
0.32
4.13
2.73
4.4
3.26
4.56
3.46
1.46
3.82
3.77
4.04
1.1
2.99
2.39
4.24
0.8
4.88
2.97
2.09
4
1.06
1.63
1.63
4.98
2.48
4.17
3.09
2.83
4.36
4.08
1.33
3.74
4.17
0.21
4.07
1.75
0.34
2.46
4.39
2.65
2.21
0.96
3.35
2.08
3.33
0.45
2.06
2.6
2.44
1.88
0.95
3.49
0.63
2.07
3.82
3.45
2.48
2.73
2.03
0.46
0.26
2.15
3.53
4.86
3.32
0.3
0.8
1.27
3.78
2.58
3.51
0.45
1.65
1.24
0.85
0.4
0.43
2.28
1.19
0.39
0.69
0.97
0.99
4.48
0.01
3.04
0.78
0.31
3.2
2.06
4.14
0.22
3.8
0.13
4.16
3.3
1.42
2.4
3.93
0.25
2.96
1.36
0.25
1.29
0.84
1.82
3.97
3.76
1.92
4.51
1.77
4.39
1.46
2.84
3.3
3.07
2.29
4.87
4.89
4.8
3.78
3.74
3.98
0.61
1.84
4.73
1.68
3.67
3.25
2.51
3.82
1
3.14
1.56
4.16
4.96
1.9
3.46
4.15
2.67
4.81
1.7
2.94
4.52
0.08
4.1
2.52
1.37
1.85
4.11
0.51
0.69
0.86
2.02
2.85
2.46
0.9
0.08
1.34
0.85
2.89
0.51
2.77
0.86
4.94
1.39
2.63
2.23
1.47
4.27
4.5
1.55
0.67
2.95
1.32
1.86
1.16
2.78
2.17
0.98
2.16
3.66
4.47
1.55
1.36
0.91
1.68
2.86
3.86
4.06
2.34
0.07
0.96
3.38
3.94
0.83
4.68
3.83
3.47
1.02
2.89
0.23
1.03
4.01
1.16
4.75
3.68
0.94
3.84
2.29
2.51
4.43
0.55
2.62
4.37
3.82
2.29
4.24
1.81
2.26
4.29
0.84
3.31
0.07
1.06
1.03
2.29
3.93
3.47
4.72
0.78
0.87
3.05
2.11
0.82
4.78
2.48
3.2
0.4
1.31
0.13
0.82
4.23
0.44
2.58
0.32
2.39
2.37
3.19
3.06
4.43
4.47
1.06
0.38
1.59
3.56
0.43
1.94
0.64
1.97
3.92
3.88
3.31
4.17
1.03
4.15
0.19
3.54
2.02
0.55
4.13
3.2
1.51
1.8
3.21
1.89
4.99
2.9
3.13
2.44
3.41
4.41
2.6
4.11
2.52
4.84
1.63
4.02
1.85
0.35
3.11
0.58
1.45
0.34
2.5
0.73
1.37
3.52
1.15
1.81
1.49
2.86
0.99
1.58
0.49
3.08
0.45
2.35
2.59
4.8
2.95
0.64
0.88
3.53
2.63
4.33
0.93
2.2
1.18
0.19
3.82
4.19
4.08
2.16
0.8
2.83
4.96
0.98
1.99
4.09
0.3
4.59
1.78
1.01
3.85
4.08
2.29
1.37
3.41
2.03
3.61
2.27
1.6
4.19
2.3
2.18
0.8
4.18
2.74
1.71
4.24
5
4.88
0.77
3.17
1.85
0.78
3.66
0.61
2.48
2.95
2.96
2.08
3.16
3.07
3.1
4.86
0.94
4.82
2.8
2.92
4.72
2.27
2.97
3.14
2.91
0.18
4.74
0.2
2.14
2.2
2.28
4.97
3.02
2.48
1.72
1.31
0.96
3.16
0.23
4.95
2.17
3.72
2.56
3.47
1.94
2.84
0.65
4.12
3.08
3.85
1.54
0.11
3.93
3.77
3.38
0.7
1.72
0.58
4.8
3.14
4.4
2.05
1.8
4.46
1.13
0.11
3.02
2.26
0.7
1.73
4.65
3.1
2.61
0.61
0.6
2.27
1.41
3.91
1.21
2.96
1.59
2.17
0.02
0.25
3.37
3.2
3.54
1.63
3.06
4.5
2.88
2.26
0.66
1.02
4.79
1.83
2.29
1.51
1.16
3.9
0.34
0.22
1.35
2.46
3.4
4.46
0.85
2.89
4.94
3.31
0.39
1.12
2.32
2.65
2.83
2.4
3.63
2.42
2.86
4.8
0.69
1.05
3.69
4.8
0.76
3.64
4.32
0.7
0.65
1.53
0.1
0.66
2.65
0.59
1.41
1.49
1.9
2.4
0.65
0.89
1.51
3.14
0.57
0.48
3.58
1.05
3.99
2.94
2.4
4.88
3.68
0.83
1.28
1.45
3.54
2.01
3.4
4.59
4.76
3.57
4.42
0.83
0.66
4.77
0.32
3.46
0.56
4.72
2.3
1.48
0.65
2.03
4.64
4.8
4.54
2.63
0.46
1.77
0.64
1.25
0.83
2.84
4.06
4.07
0.59
4.37
4.63
3.07
2.75
4.98
3.45
0.36
0.63
4.12
0.15
2.35
3.66
3.19
1.67
4.91
2.03
4.51
3.22
4.69
3.74
3.36
0.23
1.36
2.47
2.35
0.45
3.91
1.17
3.51
4
1.3
3.85
3.21
1.4
4.19
4.52
3.42
1.39
3.71
3.07
2.21
0.28
1.01
3.62
0.96
3.3
3.57
0.11
2.11
0.64
0.73
3.37
2.23
1.48
4.42
4.79
2.89
4.92
2.21
4.91
1.66
3.85
4.87
1.97
1.55
4.85
1.52
3.3
2.34
3.75
3.43
2.3
2.46
1.12
2.1
3.64
0.11
2.66
0.87
3.6
1.9
2.8
0.12
3.19
1.68
0.06
3.54
3.82
2.22
1.96
0.51
1.72
0.24
2.45
4.13
0.97
3.82
4.37
2.61
3.28
0.32
1.2
4.85
3.61
0.54
3.22
2.93
4.83
1.43
4.03
0.12
4.24
1.13
4.86
1.55
0.28
4.94
4.16
2.85
0.04
0.06
1.48
0.94
1.82
4.65
0.3
4.53
3.24
5
4.25
4.84
3.56
0.69
3.75
3.78
4.71
4.69
1.71
2.82
3.44
2.26
1.94
2.25
0.41
0.29
2.11
2.85
0.69
0.59
2.93
0.66
0.43
4.91
1.47
4.09
2.14
0.19
4.52
0.77
1.02
0.95
0.45
4.89
0.17
3.84
3.19
0.86
3.87
1.78
2.5
3.22
0.71
3.76
4.46
1.83
2.27
1.59
1.76
0.39
2.77
4.25
3.85
2.63
3.26
2.45
0.05
4.03
4.35
4.78
1.9
0.35
2.67
1.01
4.57
4.72
4.64
3.67
3.45
1.99
1.85
2.58
3.28
2.19
4.2
0.77
0.5
3.18
2.13
1.48
3.97
0.04
0.97
1.98
3.13
1.3
4.38
0.54
1.29
0.56
3.11
1.13
2.56
3.61
3.29
1.52
3.6
4.53
2.56
1.52
3.83
3.61
0.29
3.4
3.48
3.71
1.78
3.31
4.81
2.26
3.16
4.39
0.79
1.97
0.98
1.47
2.12
0.18
3.06
2.52
1.24
2.74
1.55
3.5
1
0.39
3.36
0.92
4.27
4.08
0.59
0.06
4.54
2.47
2.9
2.53
0.22
3.24
1.55
1.66
3.95
3.43
0.25
4.36
0.94
0.51
0.53
1.84
2.81
0.18
1.91
4.21
4.68
0.14
3.47
0.81
0.65
3.1
1.02
0.84
1.4
4.5
2.86
0.25
1.98
2.05
3.15
4.53
4.44
1.26
0.05
4.75
2.73
4.85
2.56
1.58
3.05
4.26
2.98
4.83
3.96
1.17
4.76
1.83
0.48
2.76
3.78
3.42
2.78
0.44
1.23
0.1
0.88
3.93
4.06
0.53
1.49
3.74
0.77
2.94
4.23
0.43
0.07
4.68
4.05
3.44
4.81
4.94
4
3.96
1.79
2.46
3.22
2.15
1.99
1.92
3.57
3.89
3.01
3.34
0.92
1.69
4.41
1.84
1.73
3.6
3.58
4.71
1.6
3.2
0.71
2.78
4.86
4.15
3.07
4.29
0.87
1.85
3.11
0.1
2.64
4.4
4.12
1.61
