2.18
4.31
0.71
3.65
2.24
0.46
2
4.42
2.58
1.14
0.37
0.4
3.77
1.34
3.43
4.1
0.58
0.38
2.16
4.71
3.1
0.08
1.42
0.57
1.81
2.94
4.13
4.09
3.32
3.44
3.01
0.39
1.79
0.76
1.46
0.71
2.57
1.46
2.88
1.13
4.16
2.5
3.5
0.69
1.32
0.01
4
1.37
1.76
3.8
4.61
0.55
0.42
4.67
0.77
4.99
0.73
0.3
2.82
2.23
1.79
3.73
2.34
1.75
4.8
1.93
0.32
4.36
3.44
2.23
1.34
2.59
1.84
4.19
0.72
4.21
3.99
2.01
3.23
1.21
3.86
0.26
3.96
1.21
2.08
3.54
2.15
2.66
3.42
0.19
1.44
4.08
3.08
4.84
3.04
4.08
4.87
2.57
2.65
4.59
2.48
0.65
3.1
0.67
2.34
3.94
2.5
2.14
0.37
3.11
2.55
3.16
3.23
0.43
0.05
1.76
1.75
2.15
0.12
4.23
2.24
0.48
3.59
1.94
2.57
3.59
4.66
0.66
4.54
0.04
4.54
4.03
1.88
3.8
0.99
2.2
4.01
3.71
1.56
4
3.81
2.77
3.91
4.83
3.96
1.13
1.42
0.7
2.93
3.6
0.77
1.11
4.37
0.78
2.89
2.91
3.68
1.03
4.59
0.92
2.44
0.96
2.21
1.89
4.88
4.56
4.64
1.06
3.86
0.22
3.98
3.87
0.88
1.77
4.15
3.6
2.99
2.18
0.35
0.56
3.16
2.9
3.7
2.42
3.28
4.81
2.92
3.87
4.27
0.88
3.56
2.4
1.57
3
2.52
1.03
1.93
3.03
3.8
0.82
2.58
0.81
3.14
4.48
4.67
2.41
1.05
1.3
1.31
0.94
2.95
1.29
2.3
4.52
0.2
3.12
2.02
1.63
3.99
0.51
2.89
3.6
2.6
1.36
0.15
0.62
4.13
4.78
3.24
4.64
1.58
2.69
2.27
1.45
4.9
2.45
2.46
3.73
2.92
3.74
1.02
0.2
0.12
2.69
0.79
1.09
3.5
0.26
0.36
2.53
1.86
0.86
4.61
3.08
3.16
4.57
0.41
4.66
3.66
2.92
0.5
4.36
3.16
0.73
0.8
3.62
4.3
4.64
4.18
2.32
0.86
3.36
4.66
4.61
3.99
2.05
1.74
1.73
1.76
3.7
3.24
4.36
1.18
3.41
2.83
4.15
3.17
2.74
3.98
1.47
0.22
4.13
2.56
1.57
2.89
0.96
3.72
3.2
1.7
1.36
4.59
4.47
1.01
1.49
4.07
1.44
1.8
0.69
0.48
3.46
1.85
1.48
0.37
2.86
4.99
2.18
4.96
0.93
4.23
1.16
0.61
2.84
3.92
3.76
2.29
0.17
4.9
4.32
3.29
3.97
4.46
4.15
1.97
3.83
4.94
2.57
0.04
4.45
3.53
1.6
1.83
0.15
0.48
1.59
2.29
3.46
0.49
4.98
1.84
2.4
1.81
2.28
1.11
4.43
0.6
1.14
2.89
2.53
3.37
0.16
0.22
3.85
2.69
1.16
3.42
3.27
2.02
3.07
4.79
3.37
1.82
0.65
1.13
3.13
4.36
4.04
1.01
3.57
3.92
2.42
4.34
2.39
2.31
2.66
4.74
2.87
3.41
3.11
1.43
4.9
2.74
2.31
1.53
4.88
4.06
1.12
3.22
3.11
2.99
3.52
1.79
1.76
3.84
3.06
3.67
0.87
0.44
1.92
4.31
0.22
0.29
1.74
1.16
2.11
0.22
4.14
1.47
0.94
0.32
2.15
1.42
1.38
4.71
4.61
4.56
0.88
4.5
1.36
1.91
1.92
3.65
1.69
3.31
2.41
1.68
0.54
0.44
1.9
4.99
0.68
1.18
3.55
4.34
3.9
3.09
4.44
3.23
3.46
0.45
0.42
2.97
3.39
4.19
4.51
4.69
1.74
0.65
3.32
1.91
2.03
2.97
1.41
3.98
3.53
3.13
2.29
3.3
1.72
0.01
3.96
1.6
1.73
4.17
2.32
1.35
2.31
1.9
4.84
0.94
2.81
1.12
1.93
4.96
4.04
2.99
4.19
4.96
4.84
0.52
3.74
1.57
3.99
4.49
2.09
4.8
3.45
0.86
3.2
2.45
4.42
4.5
3.31
1.04
3.38
2.06
0.12
1.45
0.34
1.07
3.04
4.13
3.39
0.76
0.3
2.94
4.72
3.3
4.78
0.56
0.8
0.22
0.1
4.77
3.95
1.17
4.74
4.36
2.98
4.2
4.39
2.02
3.19
0.82
3.98
1.11
0.93
1.91
1.12
1.49
1.4
1.27
1.56
4.28
4.3
4.11
1.54
4.56
0.47
1.33
1.43
3.8
4.55
4.67
4.37
0.9
4.77
4.12
2.97
4.47
3.56
4.26
4.12
0.46
2.27
0.44
2.83
4.58
4.48
2.17
2.45
0.3
0.42
1.62
1.92
3.19
1.62
1.76
1.54
4.27
3.49
0.32
2.21
0.23
1.69
4.05
0.54
3.87
1.65
1.54
2.14
1.97
3.46
4.32
0.5
4.79
0.83
4.77
4.97
1.34
4.51
2.99
0.29
4.52
1.38
0.63
1.8
2.82
5
0.63
3.2
2.59
0.51
2.32
3.97
1.52
2.49
0.16
3.01
1.39
4.13
0.03
3.48
4.08
1.93
2.12
4.73
4.7
2.81
2.43
1.19
1.19
4.91
2.34
4.43
3.91
2.13
1.93
1.1
2.32
4.96
2.43
2.27
4.22
1.81
2.5
1.1
0.72
1.99
2.18
4.02
1.43
1.81
4.12
0.78
4.21
3.98
2.59
1.91
1.43
3.98
4.23
3.51
1.59
4.65
0.15
0.71
3.32
1.91
4.22
1.19
2.24
1.59
3.73
3.33
1.53
4.42
3.34
3.5
4.2
3.21
0.22
3.6
0.55
2.41
1.06
2.04
0.39
0.88
3.94
2.01
3.71
4.61
3.29
1.5
3.2
3.85
1.85
3.14
4.03
4.83
4.83
3.86
2.24
4.26
4.81
3.32
4.97
2.21
3.87
3.45
0.61
2.23
0.61
0.99
2
1.3
0.76
3.13
4.32
4.12
1.14
1.72
0.46
4.07
4.55
3.95
2.12
2.87
0.61
1.61
2.26
2.59
3.26
1.44
3.89
0.29
3.27
1.85
2.2
4.72
3.28
2.56
2.5
2.69
2.05
2.47
0.13
1.19
4.75
1.03
1.23
3.06
4.79
1.85
0.86
2.33
1.91
1.54
3.71
2.14
4.27
3.43
4
0.7
1.2
4.31
3.25
3.31
4.96
3.14
4.65
4.15
0.36
3.64
1.77
3.66
4.16
0.84
4.76
4.59
1.49
0.88
3.93
4.94
1.57
5
1.55
0.31
4.43
3.81
4.34
0.13
0.7
0.68
0.54
2.03
1.68
4.58
3.52
3.45
2.94
2.81
1.91
2.97
0.02
0.16
4.78
0.98
1.47
4.81
4.49
3.53
4.01
3.23
4.97
2.34
2.18
3.49
0.38
3.67
2.6
4.22
4.08
0.37
3.39
3.95
2.42
0.2
0.04
1.05
1.03
0.31
4.03
0.8
1.67
1.91
3.2
0.95
1.28
3.02
3.7
1.33
4.62
3.14
0.05
3.95
3.77
2.84
3.68
0.38
0.07
4.48
3.86
1.98
2.11
3.44
0.03
0.55
3.65
1.06
2.81
4.77
1.05
1.32
4.24
4.91
0.39
4.61
4.83
4.48
0.46
2.42
3.21
3
4.99
0.13
4.95
2.79
1.19
0.96
4.1
2.34
4.95
0.17
0.71
0.83
2.96
1.23
4.85
1.14
2.48
2.22
3.99
4.22
1
1.57
0.03
3.31
2.41
3.91
1.23
3.57
0.67
3.75
2.39
2
4.57
3.25
2.55
1.08
1.04
0.62
0.35
1.51
4.64
1.13
0.36
4.3
3.91
2.28
3.29
3.56
2.15
1.29
4.95
3.37
0.57
3.34
2.76
3
3.43
4.8
3.52
3.76
2.87
4.37
2.96
3.09
0.77
1.8
2.98
0.07
0.35
4.25
0.82
0.44
0.24
2.12
1.11
2.08
3.23
1.5
2.03
3.08
2.74
0.14
3.13
0.1
4.16
3.15
1.88
1.13
4.61
1.13
3.05
0.92
1.58
4.15
4.71
2.87
1.06
3.16
2.84
1.54
1.33
3.85
2.4
0.48
1.67
2.46
2.88
1.39
1.95
4.5
0.46
1.38
0.8
1.62
3.21
2.23
4.97
4.27
2.38
3.93
3.64
2.18
1.78
4.65
2
2.35
4.88
0.82
2.1
3.85
0.41
3.73
4.95
0.17
4.63
1.81
4.92
4.93
2.71
4.83
4.36
0.99
4.7
2.39
0.64
3.34
0.01
2.94
1.88
1.57
3.87
2.03
0.08
3.89
2.27
3.27
0.74
4.05
2.66
2.52
2.36
4.18
2.1
3.64
4.41
3.95
0.92
1.76
3.74
2.64
2.2
3.47
2.44
3
1.77
1.19
4.52
3.33
3.14
4.02
4.74
3.61
4.72
3.55
2.89
0.1
2.5
1.32
0.16
0.07
2.32
2.8
2.73
4.85
4.53
2.18
0.09
2.08
2.26
3.36
0.61
1.88
2.22
0.11
3.36
1.57
2.81
3.01
1.25
3.23
0.52
1.07
1.21
2.44
4.51
3.62
1.17
0.63
1.31
1.78
3.21
0.33
4.57
3.47
4.75
0.59
0.14
3.75
1.79
4.97
4.69
0.48
4.32
3.59
2.37
4.17
2.26
2.94
4.39
3.4
0.86
1.6
4.82
3.44
2.47
0.84
1.43
3.61
2.04
2.91
0.25
3.55
2.55
1.86
4.04
0.59
2.55
2.45
0.86
4.54
1.92
0.43
4.82
0.18
0.36
1.95
4.81
0.52
0.32
3.63
2.75
0.35
4.3
1.55
1.84
4.87
3.8
1.71
2.44
1.33
1.04
4.19
3.17
0.88
2.01
1.89
4.82
0.65
1.97
4.12
2.22
0.84
4.45
2.88
1.04
0.04
0.83
0.24
1.89
4.16
0.8
0.8
2.91
3.2
4.6
0.25
0.88
2.34
1.73
4.43
4.29
4.41
0.98
3.54
0.07
4.55
0.62
1.47
2.96
4.19
0.97
2.9
2.48
3.66
1.16
4.49
2.06
2.61
2.97
2.79
3.17
3.66
2.24
4.54
3.11
2.29
1.21
3.8
2.66
2.65
2.73
2.82
0.79
2.41
1.43
2.78
0.06
4.76
2.59
1.38
1.47
2.41
3.02
3.91
0.47
3.05
4.45
0.66
0.11
4.37
3.44
3.01
4.74
2.93
0.5
3.71
0.61
4.53
1.78
2.71
1.91
1.27
1.92
4.04
2.39
4.49
2.61
1.82
1.34
0.54
4.54
0.17
4.84
3.95
3.94
1.97
0.5
3.21
2.79
2.37
2.81
3.46
1.31
0.99
3.2
0.34
4.77
4.22
1.53
1.8
4.96
3.45
0.77
3.8
2.77
3.74
4.9
0.02
1.81
1.51
3.17
4.84
0.38
3.67
0.1
4.12
4.13
3.04
4.58
0.06
0.16
3.02
1.73
4.59
2.73
1.9
4.22
4.74
3.84
0.34
2.62
3.73
4.31
0.46
2.91
4.63
4.1
2.19
2.63
2.27
1.41
3.24
4.2
1.94
0.86
2.41
2.66
3.53
0.87
1.14
0.88
2.18
1.65
1.38
2.8
0.58
2.3
1.66
4.54
1.98
1.56
2.28
1.63
2.24
3.98
2.75
0.1
4.7
3.86
1.6
3.48
2.34
2.82
0.89
2.96
4.96
4.81
4.6
0.13
3
0.02
1.03
1.48
3.56
3.51
0.58
3.35
0.05
3.01
1.4
0.28
0.17
3.61
3.04
0.97
3.23
3.38
1.84
1.89
2.66
4.04
3.83
0.74
4.66
3.25
0.01
0.13
2.42
4.17
3.3
4.63
0.41
1.05
3.08
3.35
0.29
4.93
3.95
1.89
1.94
3.12
2.59
3.35
2.43
4.13
3.27
3.58
3.08
2.33
1.43
0.61
2.4
0.35
2.03
2.61
2.32
4.46
3.94
4.39
1.59
4.1
3.26
0.86
1.45
3.06
2.8
1.51
2.86
0.35
1.87
1.61
4.9
3.86
3.86
4.53
3.24
0.27
3.8
3.42
2.76
0.08
2.77
3.05
3.68
3.99
2.88
2.64
2.38
0.15
0.88
1.41
3.17
3.2
2.86
0.23
4.86
4.52
1.56
4.46
4.89
1.76
4.53
2.43
4.03
4.48
1.95
2.4
4.92
2.22
2.98
0.45
4.5
0.11
1.99
1.19
2.18
3.96
0.99
1.31
4.95
1.9
4.24
2.87
1.11
0.31
3.8
4.47
3.71
2.24
2.48
3.09
3.82
1.13
4.85
4.63
3.73
1.7
3.85
0.4
2.24
0.05
2.77
0.27
2.13
1.22
2.96
0.16
0.07
2.85
1.84
0.91
4.88
0.5
1.63
3.29
3.89
2.68
0.34
2.49
1.51
0.24
4.91
2.41
1.47
3.83
4.02
2.55
2.68
4.76
1.46
4
3.49
1.22
4.25
2.49
1.59
4.06
4.62
1.81
4.49
0.19
1.29
4.9
2.37
1.14
2.24
2.13
4.86
2.71
3.78
4.85
0.7
3.06
4.61
4.16
3.01
4.12
1.63
1.09
0.6
2.89
3.9
2.41
3.7
2.73
2.49
0.81
3.96
2.74
4.84
3.29
4.45
0.48
3.05
2.84
3.3
3.21
2.41
2.02
1.27
0.32
2.27
4.06
0.94
3.96
0.12
3.76
4.37
4.19
2.28
4.34
4.49
4.37
3.14
3.88
2.97
4.87
3.39
2.84
0.28
1.75
4.73
2.66
1.32
2.13
1.53
2.78
2.6
2.41
1.45
1.89
0.21
2.54
1.5
2.71
4.36
3.5
2.82
2.21
3
1.26
0.22
3.18
3.72
3.25
2.55
0.81
0.57
0.76
1.51
3.58
5
0.71
3.61
1.96
1.34
0.8
0.24
0.21
2.24
1.28
3.33
4.41
2.02
0.06
0.18
1.12
3.73
3.06
0.13
1.58
1.96
3.85
0.87
4.86
4.95
4.32
3.68
0.06
3.44
3.09
3.55
3.71
0.6
2.82
2.6
4.28
2.66
0.29
4.32
0.09
3.67
1.38
3.97
1.2
3.84
0.54
1.19
4.57
4.72
2.18
1.34
3.9
2.35
3.39
1.78
0.42
2.02
4.57
2.44
2.43
1.65
1.05
0.62
3.65
0.81
4.82
3.52
3.05
0.92
3.19
2.52
4.84
3.72
4.48
1.82
3.57
1.85
1.33
2.3
2.17
2.22
0.97
1.02
2.47
2.71
3.55
0.33
4.35
4.66
0.5
2.16
0.41
4.32
2.26
0.67
3.56
1.3
2.87
1.05
0.98
4.22
4.41
0.28
2.91
0.25
0.78
2.19
3.33
4.22
2.46
2.67
1.8
2.58
0.04
2.24
4.25
3.32
0.21
3.39
2.47
3.91
1.22
0.52
1.27
2.62
0.35
0.47
0.27
3.83
3.16
4.98
3.76
0.49
4.38
4.88
4.35
0.55
0.24
1.55
0.08
0.56
2
4.99
2.21
0.31
4.75
3.24
3.96
2.69
3.16
2.97
3.55
1.37
1.6
1.72
4.1
3.57
0.07
2.94
3.08
1.29
4.6
3.05
3.66
4.45
1.7
3.15
4.42
2.37
0.31
4.06
4.39
4.87
0.59
2.5
2.18
3.8
0.7
3.85
3.67
2.73
3.79
3.24
3.7
0.99
4.47
2.93
0.82
2.92
3.42
2.13
2.83
3.83
2.45
3.03
3.9
2.9
3.41
3.76
0.67
1.94
1.77
3.06
0.61
1.87
2.08
2.43
4.62
4.32
4.16
2.99
1.02
1.56
4.45
0.58
3.47
3.33
2.81
0.57
1.56
3.2
2.14
3.14
1.96
0.75
3.07
3.53
3.41
3.26
4.73
3.49
3.29
4.66
0.62
4.12
3.3
2.96
1.8
2.72
2.47
3.63
3.09
3.61
2.43
3.42
0.44
2.84
3.63
3.96
0.89
3.43
4.25
3.78
4.34
3.65
0.71
4.75
4.55
3.59
2.49
1.79
3.11
3.59
2.3
2.26
3.52
2.02
1.71
3.23
4.03
2.78
3.23
3.46
4.77
3.15
0.19
2.76
2.79
3.4
0.48
4.96
0.6
1.92
4.63
3.13
1.18
2.69
4.83
0.74
2.43
4.98
0.83
1.22
1.93
1.48
2.02
0.48
4.8
3.05
1.74
2
0.61
2.72
2.38
3.87
0.17
1.18
4.26
0.28
1.62
0.92
1.42
0.37
0.65
1.29
0.72
1.94
0.32
2.5
1.81
4.01
1.45
3.93
4
4.71
3.53
3.88
4.07
1.12
3.83
1.14
2.76
0.58
3.78
4.01
0.52
0.42
2.29
3.86
4.15
2.67
3.43
0.18
2.76
2.41
4.7
0.97
0.82
1.55
4.01
2.23
2.27
2.84
1.07
2.1
2.22
0.44
0.48
2.08
3.14
4.64
1.05
2.02
3.16
4.83
1.78
2.43
3.19
0.48
0.29
2.14
1.9
1.37
2.41
3.59
2.49
1.38
4.52
4.89
2.4
2.2
0.71
2.93
4.24
0.22
2.13
4.73
2.99
2.24
3.96
3.32
1.56
4.4
0.05
1.6
2.12
1.48
0.16
1.15
0.18
2.8
0.96
4.08
0.5
3.85
2.68
4.25
3.98
1.29
0.82
3.43
3.07
1.89
4.61
3.81
1.25
0.83
1.31
0.46
4.63
4.63
3.95
3.72
2.56
3.9
3.1
1.07
2.43
3.71
4.14
1.02
2.55
1.14
1.77
3.2
2.02
1.05
4.39
2.28
3.69
3.26
4.18
1.62
2.48
1.5
2.15
3.03
1.04
4.62
2.79
2.49
0.42
1.51
1.51
1.55
4.16
3.74
4.81
2.72
0.13
2.46
1.89
3.24
3.08
2.31
1.65
3.36
0.62
0.61
0.59
2.15
3.93
0.9
3.11
1.16
0.3
3.97
4.77
4.08
0.3
1.27
2.5
4.92
4.46
2.53
1.19
2.81
3.01
4.87
4.3
3.57
1.54
0.11
1.85
2.53
4.45
1.57
4.33
3.28
1.37
4.21
4.02
0.66
3.3
1.48
4.64
1.74
2.58
2.37
1.46
0.37
4.87
1.31
3.94
3.92
1.21
3.1
2.71
0.54
3.63
1
1.17
4.79
3.17
1.86
0.72
3.57
4.19
2.8
0.41
3.12
3.18
0.52
2.11
4.37
4.11
0.1
2.23
1.8
1.28
4.78
2.58
3.46
4.71
1.13
0.68
0.96
4.44
4.5
1.48
3.48
4.06
0.41
1.17
1.92
2.86
1.22
0.86
4.55
1.48
4.27
1.98
3.98
1.32
0.72
1.84
4.01
0.46
0.91
4.94
3.54
4.47
2.98
3.82
3.7
3.71
0.73
2.96
2
0.19
3.9
0.2
3.66
3.04
4.79
4.52
3.44
3.21
2.39
1.8
3.08
0.09
4.78
0.66
2.83
4.99
2.47
1.16
1.29
0.28
0.29
2.23
3.38
4.12
1.55
0.44
2.16
3.62
0.8
3.23
1.05
4.69
1.49
3.92
3.23
4.03
1.04
3.43
3.86
1.87
2.24
1.45
0.02
0.09
2.19
1.97
2.17
3.69
1.2
1.71
3.58
2.04
0.36
4.39
3.88
4
3.71
0.94
1.87
0.81
2.87
0.4
3.91
4.39
2.6
1.98
4.3
4.66
0.53
1.41
2.17
2.53
2.59
0.81
2.17
2.38
4.84
1.24
4.62
3.5
2.23
3.08
1.92
4.5
3.77
1.96
0.86
4.91
1.92
4.24
2.78
2.78
2.87
0.46
0.66
0.87
0.56
0.41
0.41
0.38
3.74
4.94
0.16
1.73
2.3
4.93
4.65
4.39
1.32
3.8
0.55
2.07
2.5
3.24
2.3
1.55
0.1
4.57
3.03
1.61
0.85
2.88
2.97
2.47
1.34
2.68
0.84
3.57
0.47
2.9
4.6
4.96
1.53
0.4
2.34
2.56
2.89
1.66
3.36
2.45
1.06
3.62
3.04
2.9
3.48
2.37
3.49
3.62
3.57
1.79
1.8
4.55
0.15
0.16
3.41
1.36
2.75
3.14
0.41
3.33
1.39
1.56
2.31
1.03
2.76
2.39
2.9
0.6
1.5
1.4
4.06
3.51
1.34
0.1
4.57
0.5
4.15
3.35
0.21
4.29
4.93
3.87
4.37
3.62
1.25
2.55
0.49
3.62
3.74
1.81
0.69
2.32
4.8
0.04
1.58
3.87
1.95
0.46
2.92
1.59
2.58
4.06
0.55
1.91
4.64
0.44
4.11
2.31
2.04
3.46
2.07
2.44
4.87
3.7
1.12
4.59
4.15
0.58
4.98
1.96
2.89
4.91
3.44
3.09
2.57
2.04
1.74
3.61
1.78
0.78
0.14
4.48
0.5
1
1.18
0.77
2.92
1.29
3.21
3.74
1.58
0.42
2.05
0.98
4.16
1.26
1.44
0.73
1.95
4.41
1.08
1.45
2.36
3.35
3.29
0.14
0.35
3.68
3.19
2.33
1.58
4.23
0.33
2.69
1.34
1.89
4.25
1.76
0.46
2.28
4.77
2.95
0.4
0.01
4.32
4.39
2.94
2.33
4.8
3.7
1.47
2.98
1.5
1.24
0.93
4.45
0.81
4.67
4.81
4.64
0.27
2.19
4.71
4.56
3.59
