2.15
2.36
0.25
0.12
0.58
3.62
2.18
2.92
0.42
1.58
1.98
3.69
0.44
2.91
0.54
4.26
1.71
3.44
3.24
2
1.99
1.2
4.37
4.62
1.81
1.13
0.01
0.13
4.03
1.33
4.84
2.88
1.2
1.28
2.45
2.17
1.74
3.27
3.75
3.03
4.94
1.29
4.48
4.79
1.95
1.95
4.8
0.42
4.78
2.57
4.65
1.18
4.89
3.1
2.42
1.06
2.51
1.83
0.1
3.2
3.2
2.99
1.85
3.41
2.05
0.66
2.63
3.34
3.41
0.55
3.74
0.21
4.06
3.78
2.64
1.16
3.23
1.09
3.42
2.26
0.36
1.37
2.65
2.72
2.14
2.6
1.62
3.6
4.74
1.41
2
4.3
4.26
4.7
0.63
0.13
4.87
3.95
2.49
4.25
4.29
3.76
4.17
0.93
4.93
4.93
2.72
0.75
2.95
0.35
1.81
3.7
0.85
4.39
3.28
4.61
2.53
1.02
0.08
4.46
4.2
3.65
2.07
0.22
0.8
1.46
2.18
2.86
4.15
4.95
2.73
2.49
0.28
0.93
2.12
2.67
2.65
1.73
3.3
3.7
4.63
2.65
4.16
3.62
0.02
3.67
3.23
2.4
1.44
3.19
4.76
4.34
3.54
0.88
3.68
0.63
2.96
2.36
0.95
0.87
2.7
4.52
2.58
0.12
1.37
2.58
3.19
1.71
2.44
1.84
3.96
3.58
4.25
4.42
2.05
3
0.09
3.4
3.51
2.29
3.65
2.62
1.32
2.36
2.48
5
0.86
3.01
2.15
1.25
1.25
3.28
2.46
3.02
4.9
0.77
3.04
0.64
4.74
4.42
1.8
0.82
4.94
3.73
1.51
4.41
0.47
4.84
2.9
2.66
3.76
0.18
3.52
0.76
0.41
1.79
3.15
4.27
2.21
3.8
3.37
2.97
0.99
3.67
2.21
1.31
0.59
1.56
0.62
1.39
1.96
0.12
2.26
0.76
0.37
0.92
2.94
1.05
3.93
0.56
0.05
1.37
1.37
0.45
4.99
1.41
1.87
0.99
1.79
3.98
3.87
1.18
1.9
4.66
4.06
0.4
1.57
4.74
3.96
1.25
4.01
1.88
4.43
1.47
0.04
1.53
0.71
2.73
0.06
3.54
2.93
3.61
4.9
3.99
3.74
1.52
1.53
3.47
3.47
4.08
0.16
0.08
3.97
1.16
1.96
2.77
1.85
3.54
0.65
4.42
0.15
4.05
3.53
3.57
2.52
3.42
3.18
4.64
4.46
4
3.91
4.55
0.66
4.23
0.71
2.91
4.75
4.73
0.88
2.93
4.78
3.02
2.41
2.37
0.4
1.2
3.85
1.3
4.29
2.36
4.98
4.92
1.36
4.18
4.68
3.53
3.99
0.93
1.47
4.44
2.28
1.54
4.96
3.92
0.24
4.9
3.85
4.71
4.93
0.35
4.31
3.16
2.93
1.69
0.36
4.04
0.31
4.21
0.46
2.35
0.49
4.23
3.67
3.77
4.14
4.03
2.91
1.17
1.99
0.96
0.44
0.5
3.32
1.67
3.62
3.05
0.05
2.13
1.33
3.82
3.49
2
1.58
3.42
0.11
1.92
2.83
2.3
3.99
1.1
0.78
0.88
2.38
1.5
0.21
2
2.33
3.95
1.72
3.4
4.38
0.52
0.35
0.45
3.41
0.14
4.68
2.14
4.25
1.86
1.7
1.4
0.03
4
0.84
4.12
1.89
0.83
0.68
0.57
1.28
2.61
1.44
2.15
1.88
2.27
0.29
4.13
2.52
4.69
0.27
4.05
3.21
4.41
3.01
1.28
3.03
2.36
1.3
1.8
3.8
2.4
3.59
2.66
3.76
0.19
2.73
2.68
0.71
4.72
2.49
0.43
3
0.43
4.34
4.47
3.25
2.74
3.51
0.78
4.31
1.04
3.72
0.87
2.16
4.84
4.18
2.34
3.75
3.04
1.06
2.67
1.49
1.03
0.6
0.6
1.27
0.15
3.29
1.36
0.15
3.76
4.94
4.89
0.08
0.04
3.61
1.85
1.37
3.51
3.13
1.27
1.49
2.12
4.18
0.52
3.87
1.62
0.76
0.84
0.08
3.41
2.36
4.16
4.2
4.15
1.75
4.5
2.45
2.68
1.46
1.77
1.52
3.91
2.52
1.78
0.51
3.84
4.19
4.62
1.43
3.26
3.18
4.25
3.88
3.35
2.62
4.08
4.21
3
2.51
0.32
4.31
1.4
2.65
2.01
2.75
3.14
2.37
2.92
2.4
3.16
4.77
3.88
4.19
1.45
4.25
2.84
2
0.17
3.28
4.39
4.46
0.96
4.54
0.54
4.08
0.32
4.29
2.68
4.39
0.36
4.19
1.73
2.56
1.8
2.96
0.11
2.2
1.23
4.37
1.17
2.81
2.57
2.86
3.91
4.6
0.02
1.37
0.48
2.61
3.07
3.26
2.54
2
0.28
1.37
1.96
4.23
2.07
4.19
1
1.41
0.26
1.8
4.08
0.55
3.03
4.97
1.11
2.65
4.44
1.38
4.89
0.45
2.86
4.02
1.01
1.53
1.1
3.22
4.51
0.37
0.97
1.88
0.92
4.86
4.53
0.94
3.59
2.99
4.25
0.15
4.3
0.71
3.36
1.28
2.64
1.56
0.32
3.63
4.68
0.41
4.99
0.22
1.79
1.22
3.78
1.84
0.82
1.67
0.49
3.59
2.45
2.53
4.12
2.08
2.1
1.37
3.13
1.92
3.13
1.82
4.85
3.71
3.2
2.69
3.4
0.45
4.84
3.56
1.44
0.52
2.16
1.46
1.69
2.92
2.2
2.84
1.83
4.63
3.08
1.45
0.74
3.21
2.39
0.29
0.6
2.11
0.74
0.37
3.24
0.46
0.58
2.65
1.77
2.37
3.96
4.67
3.89
4.22
1.72
1.16
0.98
3.45
1.29
0.6
1.61
3.17
0.54
1.98
2.47
0.7
1.69
2.89
1.91
4.76
1.27
0.65
3.49
1.78
0.71
2.92
3.76
2.04
1.58
0.26
4.97
4.3
4.74
1.12
3.55
0.95
0.09
0.01
0.83
3.28
3
2.21
4.33
1.69
1.82
1.19
1.35
1.78
4.8
2.33
4.58
3.73
1.78
4.41
1.77
2.46
3.56
4.77
1.1
2.71
1.32
0.06
0.2
3.22
4.09
1.3
1.14
1.72
3.73
3.73
4.75
3.57
4.98
1.19
4.17
0.97
0.39
4.39
4.56
4.52
2.16
2.9
4.98
2.13
2.2
0.88
2.53
4.27
0.37
0.78
0.19
4.06
0.44
4.91
2.33
1.06
0.2
3.39
4.14
2.34
3.5
1.83
2.51
2.68
0.87
0.67
1.82
1.95
2.65
2.23
3.95
0.97
0.73
4.66
3.54
3.73
1.37
2.45
0.11
2.36
1.96
2.27
0.02
3.07
4.89
0.87
0.72
2.38
0.76
1.35
3.94
1.21
3.04
4.96
4.56
4.54
3.41
2.62
1.3
3.46
2.15
2.58
2.03
0.38
0.69
2.76
2.34
4.68
0.22
3.65
2.16
3.2
0.14
2.62
2.76
3.18
0.26
4.82
2.38
3.09
2.35
1.36
2.92
2.02
1.09
1.82
2.4
4.31
4.73
2.31
4.97
0.41
2.44
3.76
4.06
4.08
4.33
4.46
0.08
2.12
4.49
4.95
4.92
3.07
3.44
2.07
3.8
1.84
3.28
3.73
2.89
0.28
0.98
4.33
3.68
4.22
1.68
2.19
0.92
1.95
2.08
4.54
0.55
1.14
3.54
1.91
0.43
2.06
3.77
4.63
3.59
1.93
1.67
3.87
4.68
4.59
1.72
1.83
3.89
2.46
2.81
2.52
0.49
0.5
0.42
2.72
2.24
1.01
1.99
2.08
1.89
0.03
2.99
3.43
0.16
0.12
4.51
0.81
3.13
0.63
0.3
0.17
3.55
3.93
0.47
1.41
1.85
3.26
4.35
1.72
1.44
0.5
2.64
1.97
3
0.31
4.45
0.28
4.74
4.08
2.57
3.58
2.13
0.76
2.89
3.9
0.19
4.27
1.51
4.83
2.04
1.16
2.4
4.12
2.59
3.93
1.83
0.03
0.81
1.88
0.17
1.11
0.85
2.31
4.32
3.78
4.56
4.4
3.85
0.74
3.07
2.85
2.45
0.32
4.14
3.94
0.06
1.5
4.87
3.73
4.89
3.4
4.94
3.17
4.1
1.01
0.13
1.82
4.98
3.12
3.35
3.9
1.25
1.66
0.22
1.48
0.58
3.91
1.91
0.9
4.63
3.67
3.8
2.66
4.17
2.08
4.37
0.88
0.93
2.47
0.73
2.1
1.94
0.36
3.96
2.87
2.29
1.28
3.06
0.88
1.64
4.48
2.95
0.09
2.44
1.03
3.33
4.35
2.93
4.33
4.09
4.44
0.06
1.17
3.84
4.08
3.94
1.39
4.1
2.09
1.28
4.23
0.01
4.92
2.64
4.57
3.43
1.19
1.45
4.57
3.03
0.8
1.85
4.56
4.14
0.13
0.06
0.13
4.62
2.66
1.59
3.45
3.24
1.71
4.03
2.33
1.21
1.4
2.41
0.09
0.6
0.38
1.88
2.86
2.91
0.35
2.55
0.56
0.4
0.91
3.22
0.06
3.31
4.8
4.87
0.6
2.42
2.22
2.38
2.8
3.82
1.12
4.67
1.23
0.99
4.99
3.38
0.36
2.53
4.08
1.27
2.58
0.74
0.81
4.89
4.28
2.57
1.58
0.26
2.61
3.49
1.31
2.24
3.07
0.23
0.81
1.02
2.08
0.34
0.52
2.03
1.16
2.01
3.73
2.11
1.43
4.03
2.4
2.05
0.23
2
3.14
1.41
0.59
0.14
0.9
4.33
4.25
1.72
1.33
0.44
1.29
1.36
1.16
2.54
2.59
3.45
0.79
2.48
2.27
0.05
0.98
1.48
4.45
0.34
3.65
2.5
1.08
4.54
2.96
3.3
3.93
3.55
3.24
3.85
0.43
4.62
1.42
4.28
3.07
0.45
1.72
0.16
2.69
3.13
3.73
2.54
0.2
2.29
4.57
2.62
0.95
0.71
2.39
2.71
1.52
1.57
4.42
0.28
1.31
0.99
2.98
4.82
1.18
0.32
2.26
2.04
3.21
2.26
2.8
3.57
0.26
1.01
3.51
3.19
3.37
2.78
4.42
4.44
4.57
2
4.93
3.8
4.14
4.94
4.22
4.44
2.26
0.02
3.81
1.45
2.85
2.15
1.57
3.63
4.95
1.11
1.77
2.78
1.25
2.52
0.75
0.72
2.68
3.1
4.65
0.64
4.54
4.31
2.17
1.18
1.93
2.92
3.13
3.08
0.73
1.08
4.5
2.3
4.5
2.66
0.72
3.96
3.12
2.19
2.67
3.84
2.09
1.12
1.05
4.58
1.47
4.51
3.1
2.2
2.68
4.44
0.27
0.02
2.59
1.73
0.4
1.02
1.89
4.58
0.22
1.75
1.38
3.33
0.02
2.54
1.39
4.95
0.85
2.9
4.5
0.26
4.41
1.51
0.85
0.55
0.11
4.14
1.12
0.39
1.44
3.39
4.41
3.28
4.72
3.23
0.31
4.03
4.26
3.58
4.13
0.15
0.98
0.37
1.06
1.82
4.95
3.45
2.04
0.39
2.43
1.86
1.04
1.59
4.24
0.26
1.56
3.94
0.77
0.55
2.02
2.05
4.26
4.95
2.94
1.84
4.46
3.76
1.39
4.71
4.59
2.98
3.57
2.12
4.34
1.53
3.06
0.43
2.25
0.16
4.13
3.32
0.51
1.45
3.7
3.56
1.69
3.93
4.45
2.28
1.05
4.34
0.95
3.07
1.82
1.59
3.98
1.27
4.84
1.91
4.16
0.09
4.04
3.07
0.57
3.93
4.9
2.31
1.84
0.53
2.16
4.32
1.53
2.8
1.43
4.71
0.67
4.79
0.4
4.78
3.91
1.62
0.13
1.13
3.54
1.19
2.61
1.54
3
3.49
3.39
3.02
3.48
0.93
4.1
1.92
1.22
3.29
1.81
4.05
1.34
2.79
1.01
0.55
4.53
2.24
2.25
1.33
4.13
1.63
3.14
1.43
3.19
4.4
2.68
0.51
3.26
4.24
1.59
2.4
3.07
3.81
0.65
4.68
4.47
1.9
2.01
3.5
2.39
0.71
4.9
2.45
0.14
4.81
4.14
0.2
3.24
2.26
4.27
3.89
0.66
1.55
4.33
4.94
1.83
1.25
2.57
2.3
4.76
0.09
2.24
4.16
1.14
0.35
3.97
0.21
1.64
1.02
1.13
5
1.54
1.95
0.46
3.85
0.27
1.35
3.66
0.5
4.85
3.49
2.61
0.49
1.15
3.56
1.04
3.1
4.06
2.32
2.2
3.08
2.15
3.23
2.6
4.51
0.02
3.95
3.95
1.4
2.22
2.9
0.84
1.74
4.82
1.93
1.57
3.32
1.51
4.83
1.66
2.34
4.39
0.77
2.41
4
0.22
3.21
0.02
2.36
1.85
2.66
0.74
0.09
3.49
4.28
1.77
1.18
4.21
2.86
4.95
2.03
4.46
1.85
4.93
3.09
1.97
4.69
3.1
4.66
1.15
3.22
3.09
3.98
2.29
2.28
1.66
2.95
2.11
3.4
2.24
0.42
0.42
3.04
2.81
0.83
0.85
0.72
3.55
4.55
1.01
3.45
2.17
4.97
2.14
2.51
3.34
2.64
0.48
4.99
2.45
0.4
1.98
0.84
3.07
2.93
4.56
1.66
0.99
2.35
0.38
2.66
4.14
3.74
3.35
3.91
0.75
2.19
4.54
2.12
4.4
3.35
4.97
3.99
3.75
4.33
2.34
2.91
4.3
1.92
3.77
2.05
3.88
2.02
2.78
3.47
0.98
3.96
2.6
4.99
3.66
1.52
0.44
0.63
1.68
4.21
0.24
4.96
2.11
0.17
0.34
4.2
2.58
4.56
1.99
0.9
0.88
3.56
3.46
1.39
4.22
3.88
1.46
4.69
2.95
1.14
3.75
1.36
3.35
3.96
2.79
2.44
1.23
1.79
4.41
0.48
4.51
1.67
2.12
1.66
4.95
3.56
1.68
0.8
1.55
4.48
0.19
0.77
3.95
4.35
3.95
2.93
2.42
2.4
1.45
2.06
1.62
4.96
0.22
1.55
0.81
0.52
1.63
3.01
4.02
3.48
0.35
0.75
2.75
4.32
4.33
1.88
2.71
1.78
1.86
0.97
0.86
1.04
2.47
4.62
4.5
3.47
0.06
4.58
1.39
1.95
2.44
1.71
0.32
0.79
1.26
0.98
1.12
1.2
2.5
2.28
3.84
2.1
4.46
1.03
1.64
4.32
0.24
2.41
2.25
1.41
1.63
4.39
3.87
0.49
4.09
3.14
4.31
3.2
3.36
0.28
0.05
3.68
3.06
1.49
0.16
1.2
2.74
4.33
1.93
0.94
3.9
2.68
0.29
4.99
2.28
1.99
4.65
4.34
2.96
4.37
3.36
4.36
4.39
1.93
1.39
3.14
1.78
2.93
4.65
0.66
3.14
0.59
1.65
2.5
1.1
0.74
4.53
0.41
2.34
0.46
0.46
0.35
0.27
1.6
1
3.23
2.58
4.64
3
2.38
3.68
0.81
2.13
0.02
2.25
4.86
2.86
3.74
0.37
3.13
0.55
2.83
4.16
3.02
0.86
0.26
4.07
3.83
0.75
2.62
2.17
0.58
4.14
4.84
4.15
4.72
0.62
2.4
0.55
4.92
2.34
3.78
3.12
1.52
2.75
2.28
0.19
2.14
0.7
4.65
0.37
0.75
4.36
2.62
2.86
1.25
1.46
4.69
0.88
1.88
0.61
1.3
3.9
4.43
4.18
2.61
1.77
4.03
4.03
3.74
1.66
0.74
4.63
2.61
0.03
0.27
1.01
0.17
3.52
2.84
1.61
4.62
2.23
1.71
4.77
2.79
2.73
1.46
2.13
0.69
2.73
1.1
0.46
3.09
3.28
0.29
4.28
0.22
2.43
2.07
1.84
4.33
4.01
4.01
2.07
0.22
2.49
4.82
0.25
0.13
1.49
2.38
0.79
0.51
0.68
2
2.36
4.15
1.38
1.67
1.58
2.95
1.96
0.84
1.19
3.97
2.62
1.15
1.14
3.69
1.74
0.23
2.47
0.06
4.09
1.4
0.17
2.98
1.72
3.64
2.22
1.92
0.88
2.27
4.8
4.97
2.91
1.79
2.06
4.6
2.78
3.99
0.71
1.04
1.35
4.93
1.9
4.17
3.9
0.05
3
0.58
3.13
0.07
4.9
0.44
4.58
2.85
4.05
4.37
3.55
2.16
4.58
1.7
2.53
3.26
4.13
2.91
0.3
4.52
0.27
1.13
1.41
4.65
0.06
4.52
0.59
1.68
0.3
3.26
1.29
2.69
0.47
4.14
4.51
4.47
0.38
4.51
1.41
4.23
2.25
2.54
4.71
0.31
0.49
0.5
2.42
0.26
2.65
1.55
3.39
3.02
0.12
3.39
4.48
3.47
4.75
1.79
0.48
2.98
0.15
4.22
2.35
0.58
0.14
2
4.52
3.93
4.77
0.62
1.85
0.83
2.01
3.62
0.91
2.82
3.9
3.96
4.37
0.32
4.69
4.58
4.48
3.32
0.51
0.5
0.62
4.36
0.35
2.04
1.15
4.14
1.79
0.14
1.36
3.59
0.45
0.11
4.6
1.17
0.32
2.59
1.15
0.05
4.29
5
1.52
4.85
2.09
0.48
1.7
3.45
2.11
4.2
3.31
0.7
0.81
1.65
0.97
0.2
1.34
4.09
2.74
4.53
4.06
0.45
1.18
3.81
3.21
2.57
1.31
3.08
4.39
2.63
2.34
3.07
2.58
1.42
0.23
3.89
1.71
3.43
2.69
1.64
3.17
4.81
2.01
3.09
2.54
3.28
2.17
0.52
0.86
2.93
1.51
0.62
3.94
1.58
1.8
4.91
3.09
0.11
3.62
2.86
3.58
3.94
0.83
3.58
0.39
4.55
4.03
0.63
0.3
3.92
4.54
4.29
3.26
4.75
0.81
0.15
4.81
0.44
4.88
4.25
2.46
2.5
4.5
0.7
1.43
2.73
0.27
2.98
1.23
1.25
0.47
3.49
2.41
3.12
2.98
1.47
3.82
2.12
0.43
2.11
4.92
3.19
3.87
1.5
3.23
3.62
0.47
4.59
1.02
4.36
0.34
1.79
1.6
0.55
0.84
1.98
4.17
2.53
2.8
1.09
4.56
4.71
4.5
3.86
4.98
0.7
4.74
4.45
4.81
2.21
1.63
1.7
4.13
2.48
0.21
0.75
2.34
0.04
3.45
3.2
1.13
2.87
0.34
2.33
0.73
0.3
2.53
4.61
0.72
2.74
1.85
4.63
2.65
4.11
1.79
2.96
1.45
3.06
0.55
4.85
1.38
2.67
2.1
4.83
3.73
0.69
2.57
2.84
3.34
2.68
4.61
3.25
0.38
1.88
2.32
2.33
2.44
0.36
4.77
0.44
3.6
1.67
4.14
2.7
0.51
1.53
0.2
2.22
4.34
3.91
0.33
0.18
0.12
2.26
2.57
2.92
2.19
2.86
3.09
2.09
2.53
1.62
4.53
1.97
4.49
1.76
2.26
2.94
0.57
3.2
0.34
2.18
0.53
2.42
3.14
0.34
2.87
3.14
4.82
3.19
4.04
3.72
1.27
0.14
4.14
0.65
3.7
3.22
4.92
4.83
4.4
2.83
2.51
3.61
4.38
0.82
1.67
3.59
1.37
3.73
2.9
0.19
2.03
1.41
3.08
1.33
2.68
3.85
0.36
2.7
2.53
4.55
4.05
4.06
0.06
4.82
1.52
3
4.53
0.72
2.85
4.63
2.28
0.14
2.92
2.95
4.93
4.49
0.94
2.09
4.5
2.9
4.54
0.79
3.93
2.73
2.18
4.4
2.99
4.03
1.6
0.88
0.5
4.16
4.15
4.79
0.67
2.07
2.79
0.72
0.41
0.7
0.85
0.43
1.69
4.61
1.22
0.84
1.99
4.48
2.48
4.77
3.93
4.64
0.79
4.72
4.21
0.08
3.27
3.6
2.06
2
2.84
4.18
0.94
3.06
2.16
1.11
0.19
3.52
2.49
3.32
4.61
0.06
3.26
4.14
2.46
0.86
4.04
1.56
4.64
1.79
3.49
3.82
1.63
1.06
4.73
2.67
1.39
3.5
2.75
4.15
4.33
1.96
3.62
3.31
1.26
3.81
0.88
3.96
4.33
4.56
0.9
1.97
4.86
1.61
2.7
1.06
1.08
0.05
4.53
1.05
1.98
1.44
4.87
0.71
4.4
3.27
3.01
2.89
4.58
0.21
3.37
3.01
0.67
4.69
1.95
1.51
1.64
1.79
1.69
1.38
1.44
4.56
4.07
4.35
0.37
3.76
3.6
4.51
0.08
4.82
3.83
4.6
0.22
0.1
4.97
3.16
3.58
2.25
0.89
1.99
4.95
0.73
2.29
3.12
0.09
2.36
4.39
3.25
3.12
4.56
1.54
3.07
2.22
3.67
4.83
3.97
0.99
2.56
4.23
0.19
2.46
4.44
0.56
2.08
4.62
3.01
1.38
0.68
2.15
3.7
4.14
4.7
2.74
2.28
4.82
1.34
4.57
1.08
2.76
0.11
3.52
0.43
3.95
2.31
4.92
3.07
4.61
2.88
2.34
3.97
0.61
1.74
1.62
0.04
1.38
4.81
4.89
2.24
2.67
2.99
4.13
0.12
0.38
0.35
1.23
0.91
4.92
0.09
0.16
3.38
2.64
2.26
0.37
0.83
4.4
0.2
2.11
2.02
