0.27
1.65
0.17
1.4
1.33
2.85
1.05
3.85
2.27
0.01
1.33
1.81
3.39
0.82
0.9
0.4
2.32
1.66
2.93
4.13
1.25
3.68
4.4
3.13
1.4
4.9
4.84
1.78
4.8
3.03
2.06
0.63
1.21
4.39
3.96
2.54
2.8
4.05
0.81
2.97
3.66
1.44
0.12
3.62
3.58
4.71
2.66
3.57
0.56
1.84
1.17
2.27
1.7
2.81
3.35
3.89
2.79
3.11
1.18
2
2.14
2.16
0.37
3.7
0.61
3.07
1.53
2.17
2.49
2.19
3.43
2.35
0.81
0.04
0.88
4.47
0.51
3.35
3.76
1.24
3.78
1.46
3.66
4.03
2.26
1.98
3.6
2.86
1.75
3.96
0.4
1.91
2.26
4.63
0.11
0.92
3.28
2.02
3.27
4.02
2.2
1.93
3.15
2.94
0.45
1.25
4.83
1.91
2.93
3.36
1.61
3.49
3.69
3.07
0.03
2.75
0.87
0.55
0.76
1.54
4.42
0.67
3.35
2.23
2.14
3.58
2.96
3.15
0.63
2.54
3.28
3.22
2.91
3.6
2.55
2.3
4.02
0.23
3.35
0.29
1.06
3.56
0.43
0.51
2.08
0.66
2.27
0.11
4.03
2.51
4.86
4.69
2.61
1.66
1.85
2.1
4.46
4.71
3.36
4.81
0.51
1.46
3.75
3.11
0.39
4.66
3.39
3.16
0.39
4.6
2.41
0.61
1.7
0.8
2.84
2.13
1.83
3.64
3.61
4.77
4.06
4.35
1.76
1.55
3.05
4.15
2.85
1.98
4.91
3.88
1.8
0.67
2.58
1.2
2.86
3.46
1.46
1.01
1.02
4.87
0.64
0.45
1.92
3.1
3.48
4.55
3.76
2.82
4.35
4.58
2.84
0.14
2.46
4.08
4.47
3.49
2.37
4.68
4.25
4.06
3.25
1
4.88
4.98
1.89
1.27
4.16
0.31
3.67
3.31
2.9
1
1.9
4.14
0.02
1.22
0.87
4.63
3.43
0.09
2.35
4.35
2.27
2.31
1.72
2.93
0.66
2.18
4.1
4.12
3.47
2.03
4.25
1.26
4.76
0.26
2.08
2.89
2.28
3.95
1.31
2.31
4.88
0.59
2.53
3.97
2.39
0.21
2.79
2.88
1.99
0.02
2.78
1.89
0.22
0.6
1.86
3.61
3.25
1.45
0.35
4.65
2.03
4.5
2.4
3.48
0.47
3.19
3.32
2.92
3.94
4.51
3.96
2.47
2.1
1.78
2.08
4.98
0.37
4.09
3.42
4.4
4.31
4.83
2.75
1.52
3.06
2.55
2.98
2.82
4.09
3.58
3.39
4.38
1.64
3.7
2.28
0.59
3.15
2.76
4.05
4.35
4.91
4.75
2.28
0.99
4.45
1.52
3.41
2.19
3.13
0.61
3.48
0.51
1.67
3.08
4.25
0.5
2.88
1.98
0.75
1.15
2.12
3.7
4.01
2.88
0.33
0.27
2.78
3.19
1.56
2.07
4.7
3.52
4.6
0.03
3.25
4.71
2.4
0.02
4.52
3.16
3.69
4.52
0.17
0.88
3.07
3.06
1.77
4.23
1.76
3.71
1.7
4.28
4.11
2.41
2.5
1.29
2.31
1.01
3.35
4.28
4.93
0.01
2.92
1.1
1.3
0.8
0.92
2.59
0.8
4.67
4.47
3.06
0.04
1.79
2.89
3.44
4.91
4.62
0.21
3.02
0.78
1.15
4.87
2.48
4.02
0.25
0.74
1.12
3.04
3.09
2.18
0.32
4.42
0.72
4.22
0.68
3.24
4.99
3.6
2.99
0.69
2.23
4.48
2.13
4.31
3.19
4.8
4.66
1.31
2.31
0.54
3.57
2.19
2.21
1.99
0.96
4.73
4.77
0.91
2.1
4.95
2.88
0.94
0.98
4.64
5
2.77
0.37
0.74
3.68
2.98
0.18
0.42
0.81
1.88
2.81
0.4
0.21
3.4
2.33
4.4
4.26
1.73
4.97
1.81
2.83
4.03
2.16
0.74
3.46
4.78
1.53
0.74
3.64
2.96
3.2
4.87
2.65
4.09
2.9
1.11
4.44
2.23
0.86
3.77
1.22
1.96
4.01
3.97
3.72
4.63
1.46
1.32
3.45
1.99
2.04
0.15
4.02
2.61
2.8
4.82
3.51
0.8
1.7
4.46
3.38
3.12
2.14
3.87
1.98
1.13
3.07
2.23
0.17
1.11
1.49
2.76
4.75
4.26
1.38
1.83
1.26
0.33
4.03
2.67
1.43
0.17
0.77
2.9
4.69
1.39
3.86
3.3
4.56
3.59
0.53
2.41
0.68
3.73
4.69
2.57
4.58
3.99
2.45
2.9
0.15
1.19
3.08
2.42
1.5
3.12
3.16
4.77
2.84
3.38
2.25
2.47
2.33
0.68
4.23
2.61
2.33
0.51
0.47
1.52
0.4
4.1
3.52
2.1
1.67
3.95
3.16
4.27
0.9
0.77
4.12
0.1
1.94
3.76
0.59
0.3
0.54
3.18
0.97
2.83
2.14
3.18
3.27
0.37
2.69
2.08
1.12
1.19
4.34
1.46
3.61
0.67
3.08
4.36
1.61
3.42
0.59
3.03
4.61
1.58
0.14
3.63
0.79
4.55
3.04
1.84
0.66
3.79
4.35
0.02
2.33
1.21
1.54
0.33
1.38
0.77
3.06
2.26
0.26
4.79
4.59
2.65
1.28
0.91
1.52
0.08
1.06
0.97
2.39
0.84
1.82
1.42
1.2
2.27
2.77
4.45
1.42
1.18
3.94
3.24
2.12
2.74
3.31
3.69
2.53
4.33
0.52
3.18
4.89
4.9
2.3
3.96
3.41
0.57
4.51
1.81
2.66
4.73
2.38
0.74
2.38
0.79
0.67
2.38
4.88
0.08
1.22
2.39
2.16
4.19
1.71
2.78
2.59
1.51
2.16
4.79
2.04
0.17
2.73
0.62
2.46
2.35
4.54
3.58
4.95
3.15
1.59
0.24
4.84
2.39
4.7
3.65
0.72
0.55
4.9
1.26
4.06
4.96
0.2
2.79
4.23
0.05
2.13
3.24
0.09
4.1
0.69
1.29
3.82
3.33
2.83
0.87
0.58
3.8
3.34
3.85
0.64
3.54
0.53
0.76
0.46
2.4
3.32
3.43
4.45
2.46
1.69
4.54
4.37
3.6
4.93
0.74
1.17
1.26
1.36
2.78
3.85
2.17
0.41
1.36
4.59
0.26
0.97
1.74
0.11
0.83
2.1
4.95
1.99
2.9
4.45
3.21
2.22
0.83
0.87
2.72
1.98
3.38
2.07
5
3.73
2.78
0.98
1.31
2.44
4.36
1.01
0.14
3.57
2.5
1.31
3.67
3.87
1.08
4.99
4.42
2.05
2.1
3.55
4.42
4.55
0.19
1.07
2.97
1.27
4.64
2.55
4.07
1.12
1.05
1.4
4.48
3.62
1.94
1.52
1.75
0.39
4.92
1.38
3.04
1.6
3.23
4.52
1.42
3.34
0.37
4.59
0.32
4.35
1.08
4.13
3.44
3.76
0.2
2.57
1.71
0.61
4.8
4.04
1.94
0.32
2.66
3.75
3.54
4.2
3.66
0.72
0.5
3.68
2.72
1.55
2.85
4.26
3.06
1.24
1.31
4.29
1.23
1.85
1.62
0.81
4.06
1.35
2.03
1.05
1.46
0.61
3.37
1.95
2.46
3.83
0.17
2.1
2.82
1.74
1.09
3.59
3.91
0.09
4.29
2.91
4.35
0.51
1.46
4.3
4.65
2.15
3.13
4.07
1.67
1.86
1.45
0.68
1.23
4.77
0.82
2.36
2.84
0.89
2.96
3.18
3.68
4.02
3.56
2.48
4.77
1.63
3.54
0.77
2.08
0.41
4
0.57
2
4.6
3.91
1.96
0.81
3.09
3.74
3.84
3.93
3.93
3.35
0.79
3.12
0.24
0.97
3.26
4.87
4.01
0.13
2.21
4.57
4.87
3.05
4.87
1.18
1.06
2.07
3.96
2.79
2.02
3.7
2.16
4.33
1.54
4.37
0.9
4.19
0.79
1.71
0.16
1.14
0.48
4.99
3.44
0.59
2.57
1.51
4.63
0.78
0.71
4.19
0.28
2.96
0.22
0.93
1.11
3.11
3.08
0.75
0.49
1.65
0.35
3.42
4.93
2.51
0.42
0.32
1.49
1.46
4.48
0.48
2.33
1.28
2.93
4.15
2.11
2.22
4.92
2.48
1.16
3.04
0.28
2.06
0.61
1.34
4.62
4.29
3.43
0.96
1.91
0.24
4.41
2.16
1.69
1.97
1.38
0.21
1.12
0.3
1.01
2.65
4.3
3.89
0.38
4.29
0.6
3.2
4.52
0.47
2.36
3.33
3.69
2.81
4.35
3.79
4.84
2.15
4.97
0.45
0.37
2.07
1.47
0.37
0.99
4.43
1.92
2.17
1.29
4.29
2.17
0.55
0.73
0.38
1.47
2.15
4.9
2.27
2.23
3.08
2.97
0.75
3.93
4.67
2.93
2.71
3.14
1.76
1.35
2.06
1.17
4.57
0.41
0.56
3.29
4.38
4.41
2.28
4.27
3.78
0.04
1.17
3.92
0.89
0.75
4.85
2.93
3.15
3.5
4.87
2.83
4.45
1.73
2.6
2.48
0.48
4.98
4.47
2.38
3.42
4.15
2.34
2.55
2.06
3.7
3.45
0.4
2.38
1.75
0.62
0.18
2.15
1.54
4.81
2.67
1.7
2.44
0.75
0.99
0.96
0.3
4.69
3.36
2.01
0.24
0.25
0.04
4.04
0.09
2.93
0.07
1.46
3.68
4.28
2.64
3.15
4.04
1.88
2.01
2.49
2.49
0.04
1.16
2.44
0.49
2.75
3.02
4.08
1.83
4.88
0.05
1.4
2.32
1.47
2.61
4.12
3.63
3.54
4.83
0.81
4.74
2.21
1.19
2.69
2.28
2.25
4.05
3.21
2.1
1.95
2.64
0.34
4.07
2.33
2.2
4.44
3.14
1.8
2.33
2.88
2.6
1.09
4.92
1.59
4.39
0.24
3.9
4.49
3.94
3.43
1.84
4.45
4.74
1.86
1.67
4.39
4.94
0.82
3.05
1.47
3.7
4.83
3.85
0.71
3.88
3.46
0.95
3.17
3.73
4.6
1.98
2.6
4.19
3.05
0.17
3.88
0.35
3.27
2.62
4.61
1.76
1.35
1.88
0.36
1.22
0.9
2.22
1.23
0.78
0.72
4
2.48
1.61
4.16
3.47
1.33
0.79
1.57
3.07
0.59
2.86
2.3
0.3
3
3.85
0.86
4.27
4.57
4.8
3.72
4.1
2.82
3.03
0.77
3.9
0.69
3.66
2.6
3.51
1.76
2.27
0.24
1.51
1.7
3.89
4.79
2.94
2.24
4.92
0.97
4.2
0.44
0.11
1.53
0.05
1.36
2.23
0.54
0.36
2.17
4.75
2.78
3.4
2.5
2.23
3.44
2.28
1.34
0.98
4.79
2.23
3.65
2.52
3.41
0.71
0.24
0.78
0.8
0.01
4.55
0.63
4.2
4.9
1.38
2.25
4.5
0.04
0.92
2.8
2.98
0.35
0.85
2.32
2.14
4.95
3.04
1.4
3.62
1.91
4.28
4.42
0.82
1.34
2.96
0.23
2.61
1.99
0.39
3.66
0.74
4.01
2.31
4.02
0.26
0.76
0.86
3.71
2.22
2.01
1.75
2.45
0.64
0.21
3.58
4.44
2.78
4.88
2.5
3.13
1.66
4.21
2.59
2.77
2.06
2.12
3.68
0.96
0.85
4.44
2.12
4.8
2.63
3.41
3.75
0.87
1.01
3.47
4.98
3.27
4.37
3.97
3.66
2.3
1.48
2.28
3.52
3.53
4.33
0.31
3.56
0.71
0.68
3.72
4.35
4.35
4.9
1.86
0.09
1.33
0.35
3.93
3.96
0.18
3.15
3.92
3.69
4
4.49
2.96
1.81
4.08
2.66
4.11
2.43
1.78
3.5
2.47
1.15
4.66
1.58
1.01
4.99
0.84
4.61
0.89
4.26
4.01
3.97
0.13
1.84
2.76
1.03
4.64
1.69
1.41
1.86
0.09
1.77
2.37
4.69
1.99
4.63
1.96
1.68
4.63
4.41
1.93
2.23
4.37
4.25
4.22
3.83
0.17
2.65
3.13
1.84
1.72
1.52
4.73
0.05
0.57
0.71
4.34
4.86
1.37
0.28
2.96
1.86
1.1
1.85
3.94
1.91
1.37
2.68
4.89
0.04
4.15
3.43
0.57
4.23
2.25
4.46
4.1
4.04
4.31
0.02
3.32
3.35
0.34
3.46
2.02
0.92
3.5
1.58
3.47
3.11
1.34
3.02
2.1
4.31
0.39
2.81
3.6
1.14
3.13
1.42
2
2.62
3.69
4.05
1.09
2.6
0.97
3.67
0.33
2.68
1.37
1.96
0.5
0.44
0.82
1.71
1.45
2.57
2.5
1.5
0.39
0.52
3.59
1.28
1.96
1.1
3.47
3.34
2.7
3.57
1
0.6
1.52
2.24
4.44
4.25
2.49
4.61
0.64
2.5
1.33
1.2
0.28
2.66
0.13
1.65
3.27
4.89
3.04
0.27
3.44
3.48
0.1
4.68
0.71
4.99
1.79
1.63
0.13
3.56
1.88
3.86
2.29
4.2
2.75
3.15
4.17
0.16
1.27
3.2
0.4
1.62
4.3
0.87
3.6
3.93
4.46
1.45
3.68
4.19
2.56
3.74
4.08
4.23
3.36
4.79
2.91
1.27
4.81
2.76
5
2.85
1.63
1.44
1.59
0.02
0.76
3.94
3.9
2.79
1.39
0.34
1.09
3.21
4.81
0.22
1.73
1.05
4.73
2.33
1.57
0.78
1.86
1.62
2.26
0.06
2.41
1.92
1.95
3.3
0.3
1.52
1.6
4.02
2.97
1.83
1
1.83
0.86
1.14
4.83
4.86
4.08
0.39
4.33
4.52
3.57
0.94
1.72
1.74
1.52
3.75
3.49
3.76
0.14
1.09
3.58
4.24
2.86
3.14
3.5
2
2.24
2.85
3.6
4.45
2.76
1.68
3.68
4.26
4.04
3.27
4.85
3.81
0.83
3.05
4.06
0.95
3.74
4.11
0.97
1.98
2.8
0.87
1.29
1.43
3.17
3.41
2.78
2.34
2
1.4
4.26
0.59
4.76
3.34
0.77
0.48
3.17
4.23
3.84
0.98
0.54
2.31
0.68
1.45
3.76
0.66
3.44
3.29
4.6
4.52
3.3
3.75
4.85
2.14
4.09
4.86
1.48
0.75
4.38
3.64
4.31
3.56
1.89
2.12
1.71
4.03
4.87
2.67
2.39
2.31
2.19
2.92
1.24
1.63
4.93
2.73
1.31
1.64
2.91
1.22
4.53
1.85
4.77
3.79
2.95
3.31
4.14
1.13
1.72
1.36
1.75
4.18
1.1
4
4.83
0.55
1.19
1.01
4.56
4.67
0.38
4.07
4.58
1.01
3.93
4.14
4.12
1.55
1.5
4.91
4.94
4.36
2.35
2.03
1.75
1.3
0.13
3.05
0.7
0.15
1.09
1.18
1.76
3.11
0.85
3.9
0.38
1.6
0.23
2.9
4.76
1.75
1.31
2.28
2.79
1.33
2.16
3.53
0.49
3.1
3.5
1.63
3.23
3.03
3.02
0.17
4.38
3.12
3.37
0.67
0.25
3.69
0.87
3.32
1.54
2.39
3.73
1.14
1.28
3.2
4.96
2.83
4.26
2.15
2.75
4.69
3.82
0.38
0.54
3.99
0.83
0.17
5
2.62
3.14
1.58
4.09
4.35
2
1.3
3.78
2.22
0.01
1.07
1.17
4.23
4.23
0.8
4.33
3.35
4.91
1.84
2.17
0.27
2.68
1.77
2.87
4.64
1.09
1.55
2.59
1.57
2.16
2.42
3.74
0.39
3.84
0.77
2.49
2.49
4.13
2.38
2.26
1.91
3.05
4.87
3.54
2.33
4.98
2.55
1.99
4.5
0.34
3.74
2.53
2.11
0.14
0.89
1.46
3.41
1.44
0.84
3.49
1.67
0.75
2.42
4.04
2.43
2.79
3.21
4.02
2.28
1.92
2.91
0.79
0.08
4.59
2.97
4.24
3.36
1.43
1.03
2.2
0.81
0.2
0.79
0.4
1.16
4.03
4.5
0.21
4.43
3.33
0.05
2.86
0.06
4.33
1.25
3.43
4.54
0.98
3.91
3.34
0.88
3.17
2.48
2.82
4.87
3.08
1.83
2.27
3.08
3.37
0.29
3.45
3.11
0.7
2.33
3.2
3.35
2.95
0.06
4.16
1.74
2.27
3.75
4.64
1.8
0.92
3.31
2.17
4.89
4.08
0.08
4.72
1.72
0.9
0.21
0.44
3.05
4.3
1.64
2.39
4.1
1.9
4.36
4.3
2.37
2.9
3.34
1.91
1.22
0.76
2.51
2.01
0.91
1.01
4.16
2.51
3.38
0.34
0.16
0.46
1.01
0.7
3.65
3.7
1.5
3.35
3.17
4.91
0.61
2.31
3.83
2.29
2.76
3.67
1.07
2.44
4.02
4.35
0.63
1.88
0.62
4.6
4.31
0.16
0.97
1.75
0.08
1.37
1.13
1.34
3.55
2.74
4.39
2.67
3.48
0.73
1.78
1.94
1.87
1.36
0.87
1.61
3.45
4.3
3.35
4.21
1.43
1.79
2.88
2.21
0.96
1.51
0.55
4.98
3.86
4.09
1.81
2.02
4.37
1.09
3.25
4.22
4.78
0.74
2.33
2.45
3.66
4.72
1.84
2.81
3.53
0.9
2.17
3.73
2.86
3.97
0.5
1.54
2.18
3.45
4.07
1.85
3.06
1.17
3.98
3.49
2.85
1.26
4.53
0.3
2.7
4.74
1.78
1.59
2.64
4.79
0.29
0.22
4.12
3.94
1
0.78
3.43
3.19
0.21
4.37
3.42
4.48
0.56
4.69
1.29
4.21
2.39
3.02
3.76
4.78
1.36
4.36
1.22
3.92
1.49
4.09
3.94
4.84
2.49
3.47
1.48
1.27
2.75
1.98
1.37
3.81
0.16
2.6
1.92
4.78
3.96
1.29
2.58
4.64
1.42
4.29
4.3
3.52
3.51
4.77
2.76
0.45
3.78
3.25
0.3
1.15
3.34
3.93
1.16
0.55
4.15
1.46
4.45
3.48
0.02
3.4
3.36
4.96
2.67
2.66
1.66
1.61
2.12
2.97
4.04
4.04
4.46
3.7
1.71
0.23
0.67
0.51
0.76
1.17
2.68
2.44
3.19
0.32
1.36
4.15
4.95
1.98
1.34
1.22
1.15
1.58
4.38
2.25
3.64
4.8
2.32
3.74
2.51
3.36
2.05
3.12
0.58
0.97
1.41
0.64
0.71
1.11
2.64
1.99
0.48
0.22
2.77
4.76
3.19
2.06
3.67
0.98
0.15
3.66
4.63
4.87
3.44
4.02
1.55
0.21
2.29
0.48
2.09
2.67
3.32
4.02
0.51
4.37
4.62
4.24
3.22
4.19
3.32
2.47
2.35
4.73
2.07
1.61
2.7
0.68
1.86
2.54
1.35
0.02
0.78
3.1
4.92
2.91
4.86
1.42
2.77
0.61
2.32
1.37
4.89
0.58
4.52
0.49
1.38
2.42
1.5
2.86
0.47
1.9
0.66
1.91
1.69
3.95
2.53
4.99
1.89
3.38
1.1
4.27
4.15
0.21
3.93
1.5
1.75
4.3
3.6
1.73
0.93
3.59
3.37
2.5
0.96
3.75
0.76
3.11
3.92
3.8
3.15
0.98
3.14
1.52
2.46
4.62
0.48
2.04
3.8
1.71
4.24
4.27
3.78
3.31
1.89
0.2
0.83
2.06
3.6
2.62
0.72
2.67
1.72
0.99
2.55
1.97
4.47
2.43
0.88
4.6
1.76
3.54
4.9
3.99
0.42
1.92
3.05
0.18
0.42
1.83
2.34
2.81
1.41
2.18
1
3.34
1.87
2.39
1.06
2.2
4.92
2.87
2.93
3.2
4.11
1.92
3.02
3.29
0.04
4.65
3.69
3.31
4.26
0.78
1.52
1.99
0.74
4.83
0.9
3.61
2.96
2.67
1.97
0.22
1.6
1.05
0.95
4.81
0.73
2.2
1.75
3.77
0.27
2.98
0.21
1.26
4.64
3.52
1.52
1.85
2.12
0.91
1.26
4.8
4.14
2.7
2.41
4.53
0.65
4.27
1.91
2.98
3.43
1.1
0.02
2.72
4.39
4.22
1.64
1.52
1.91
3.87
1.02
3.24
2.06
2.16
0.16
2.13
3.87
4.72
3.04
3.23
3.21
0.67
0.86
2.66
0.81
4.87
1.9
4.9
3.74
4.08
2.37
0.33
5
1.27
1.89
0.02
0.5
2.59
0.1
2.12
1.3
4.01
4.41
1.81
4.37
1.93
4.79
0.29
0.48
2.32
2.7
3.11
2.24
4.21
1.34
1.62
3.61
1.33
2.59
4.56
4
2.37
3.67
2.99
2.54
0.69
4.95
2.75
3.73
0.93
4.36
0.92
2.26
3.65
4.5
1.33
1.33
1.37
4.76
4.25
4.65
2.62
2.7
2.62
4.08
3.59
0.6
4.57
3.64
1.56
3.49
0.92
4.26
0.19
0.82
4.63
1.97
5
0.71
3.91
1.92
1.28
4.58
0.6
2.02
0.81
2.24
2.98
4.54
3.85
3.81
0.75
4.87
1.61
1.35
2.19
0.87
0.32
4.05
0.89
1.67
5
1.78
2.86
0.16
3.14
0.97
4.42
1.13
3.4
1.77
1.97
2.31
3.26
4.07
0.15
3.28
4.34
0.82
3.48
