2.09
1.66
1.96
1.48
3.43
3.31
0.73
1.14
4.81
0.61
4.18
2.03
4.1
3.19
0.41
4.15
3.74
3.22
0.06
2.02
1.83
3.43
3.74
3.8
4.42
4.93
4.14
4.74
0.95
4.53
3.3
3.71
1.53
0.7
2.02
4.93
4.47
3.61
0.61
4.2
1.34
0.6
2.01
3.29
1.22
4.27
3.64
1.9
1.08
0.7
2.51
4.71
3.72
1.16
1.46
0.76
3.56
3.94
3.53
1
2.84
0.05
4.66
4.54
2.34
1.97
0.76
2.59
3.14
1.88
0.88
3.09
0.35
4.28
2.98
1.09
0.31
2.5
4.21
1.08
1.72
2.82
2.91
1.74
1.15
1.65
4.51
4.43
4.16
0.72
3.34
4.66
3.04
0.39
1.32
0.19
3.45
1.34
2.62
0.52
0.15
1.25
2.67
0.57
1.67
0.84
1.27
0.76
3.94
2.43
4.95
2.35
3.31
2.31
1.91
1.52
1.75
0.29
3.23
3.67
2.28
2.61
1.44
4.48
0.53
4.49
3.73
1.87
0.08
3.01
1.37
4.92
1.78
3.26
4.76
4.98
0.78
4.56
1.32
4.12
3.96
1.2
4.14
0.33
3.1
2.72
2.88
2.57
3.96
4.3
0.37
2.16
4.13
3.93
0.31
3.76
0.95
0.57
3.01
4.53
0.85
0.86
2.61
4.36
1.73
0.12
3.47
1.47
3.92
1.6
3.42
3.29
2.85
2.7
4.81
0.99
2.07
2.17
3.03
2.25
3.4
4.3
3.71
0.85
3.87
2.44
1.2
2.34
2.56
2.59
1.89
3.88
1.31
0.24
3.49
0.76
0.64
1.08
2.32
4.13
1.19
0.64
0.17
2.5
3.55
4.24
2.73
3.9
1.07
4.56
0.04
4.62
1.78
2.09
2.51
1.84
1.66
1.52
4.42
4.74
1.1
2.25
0.6
2.61
3.14
1.2
4.55
3.08
3.55
2.87
1.74
1.29
2.28
0.1
3.28
4.67
1.03
4.36
4.98
2.47
1.1
0.89
0.29
2.21
2.6
3.36
3.87
2.4
0.75
2.27
4.38
3.73
4.27
2.69
0.61
1.51
3.64
2.01
1.2
2.78
1.75
2.6
3.87
2.7
2.63
3.82
0.82
0.17
1.86
4.15
4.38
3.65
0.79
0.84
2.06
1.29
1.6
2.9
4.46
4.29
3.22
0.95
4.36
4.05
2.28
4.92
3.49
4.84
4.18
4.64
4.33
0.51
3.76
2.8
1.69
0.15
3.66
0.25
0.37
3.63
2.1
2.95
4.51
2.42
4.47
3.09
1.29
0.54
4.73
2.3
4.13
3.15
0.5
1.27
0.74
1.38
2.28
2.11
4.07
3.34
0.4
3.88
2.95
2.41
4.25
4.01
2.06
1.93
4.04
1.24
3.3
3.59
3.81
4.84
4.7
4.91
4.21
1.94
1.24
1.99
4.75
2.87
0.08
3.14
2.43
3.39
2.24
4.06
4.85
0.42
0.47
0.72
4.15
4.45
1.53
0.23
1.45
2.48
2.2
4.28
4.38
0.21
1.55
2.5
0.26
3.99
4.07
4.78
1.43
1.01
0.6
3.42
1.2
1.91
3.88
3.59
1.53
4.45
4.04
3.22
1.26
1.84
4.61
3.47
4.22
1.31
2.1
4.78
1.41
4.26
2.41
4.53
2.15
3.55
3.55
5
4.98
4.75
1.21
1.66
4.09
4.96
2.95
0.28
1.86
1.36
4.41
0.09
4.2
3.03
2.84
4.85
3.41
1.12
2.55
4.84
4.4
2.92
1.18
4.08
1.1
4.3
4.26
0.42
2.09
1.14
4.05
0.68
2.59
2.82
1.87
2.46
0.3
2.52
0.04
4.57
2.42
1.66
3.19
4.68
2.82
0.75
4.84
2.02
2.49
4.35
4.24
1.72
2.58
4.65
2.8
1.57
4.48
1.73
0.9
4.62
1.54
1.72
1.34
4.05
3.78
0.22
0.76
2.34
1.88
3.31
3.9
5
3.31
4.4
2.69
2.5
1.95
1.17
1.22
3.39
3.12
2.69
4.43
3.78
3.19
1.09
3.92
2.85
3.14
3.31
2.18
0.2
1.52
0.91
4.81
1.59
0.01
3.81
4.99
0.72
4.81
2.36
3.84
2.74
1.28
4.34
3.57
0.32
0.76
4.55
3.95
3.92
2.46
0.84
4.32
3.56
4.63
4.25
1.21
2.73
2.86
4.51
3.51
1.51
4.89
2.91
2.95
0.87
3.89
3.1
2.86
0.77
0.97
0.43
4.54
2.47
2.23
0.82
2.31
0.43
0.22
3
2.8
3.68
1.34
4.16
1.68
0.86
1.5
3.27
0.1
1.88
2.86
4.92
2.35
4.5
0.99
4.09
0.56
3.28
2.78
3.11
2.19
1.29
2.38
4.3
1.32
4.92
4.81
1.68
0.23
1.48
2.42
4.18
3.27
2.35
4.33
1.6
1.74
3.03
0.32
4.28
2.37
3.54
4.92
0.67
4.75
2.64
3.18
3.97
3.86
0.71
3.16
0.51
0.64
3.52
2.32
2.5
0.32
4.57
3.45
0.71
0.8
1.21
3.33
0.2
2.43
3.46
1.23
0.07
3.24
2.71
1.88
0.22
1.84
4.9
4.13
2.63
2.01
3.91
0.17
2.24
2.21
1.88
1.86
2.16
2.97
0.67
4.51
2.1
2.46
4.95
4.79
1.53
2.61
3.51
2.85
0.76
3.73
4.89
3.35
0.78
0.32
1.4
4.54
2.56
0.35
3.96
0.38
1.37
1.62
1.24
2.09
2.63
4.7
2.39
4.91
1.03
2.51
1.89
3.89
1.86
2.52
4.4
3.12
0.8
2.37
0.82
2.15
3.14
0.61
3.16
0.91
4.38
4.49
4.88
0.69
4.19
4.75
0.75
1.81
2.43
0.32
2.32
3.74
2.04
3.01
2.49
3.75
0.43
3.44
1.51
4.01
0.31
1.28
3.46
0.48
3.26
1.66
0.68
4.73
2.62
2.19
1.92
0.88
0.61
0.87
3.33
1.49
2.86
0.22
3.41
4.27
1.66
2.84
0.26
4.14
2.97
4.21
2.35
1.76
3.52
0.1
4.25
3.2
3.12
2.59
3.16
3.06
2.83
1.18
1.02
1.1
2.27
3.95
2.68
2.62
3.69
3.7
3.26
1.03
3.85
1.81
1.31
4.32
1.1
0.83
2.2
3.87
0.72
4.83
4.33
4.6
3.35
0.76
2.03
2.06
3.26
2.54
3.36
0.44
4.76
2.98
0.14
0.62
1.19
2.19
3.09
2.03
4.87
1.8
2.36
2.66
1.76
4.11
2.9
4.89
2.75
4.19
1.14
0.6
0.94
1.56
4.79
3.09
0.97
4.38
2.13
3.3
0.39
4.24
2.7
2.69
1.91
2.38
0.32
3.82
4.78
2.09
4.47
2.94
1.96
0.91
2.99
3.23
0.46
1.82
2.21
1.69
4.04
0.04
0.01
1.42
2
2.1
0.64
1.84
1.28
1.53
0.13
3.68
0.76
3.48
3.73
1.99
2.06
3.22
4.94
3.93
4.79
3.83
2.99
3.33
2.06
2.1
2.8
0.86
3.41
0.17
4.75
0.72
1.49
4.31
0.17
0.27
3.64
0.94
3.71
4.78
2.68
4.4
1.71
2.36
2.75
4.34
0.22
2.87
3.08
3.75
1.55
1.86
0.12
3.78
3.72
4.21
3.39
2.56
1.35
0.22
1.79
3.93
0.93
2.94
4.06
4.84
1.05
2.09
0.51
1.54
3.69
3.58
4.69
1.36
1.53
1.78
4.69
4.79
4.07
0.11
2.36
0.07
4.93
1.57
4.76
2.2
0.65
0.15
2.9
1.78
2.7
2.88
0.89
0.15
3.44
0.71
3.89
2.11
2.06
4.48
1.93
3.97
2.81
2.61
3.45
1.38
2.33
2.27
4.3
0.41
2.85
3.19
0.89
4.81
3.55
2.74
1.75
0.89
0.23
0.91
2.79
4.42
0.39
3.4
2.83
1.79
1.79
4.36
0.65
4.01
0.67
4.96
4.58
4.35
0.35
0.23
0.96
0.51
1.03
4.41
4.06
0.43
1.46
1.06
3.9
0.9
3.44
0.77
0.53
3
1.81
2.57
0.91
3.95
2.22
4.36
2.93
0.56
3.95
3.09
4.63
3.5
3.69
0.94
3.78
4.9
0.81
3.74
2.89
4.47
0.14
1.21
0.04
0.1
1.91
4.57
4.19
1.78
4.36
0.34
2.99
1.89
0.77
3.93
1.75
1.14
2.42
2.1
3.9
3.48
1.66
2.53
1.05
1.35
3.7
2.42
1.84
4.2
0.77
1.01
4.92
5
2.11
2.86
4.24
0.39
4.2
3.18
1.05
0.45
1
2.14
3.67
0.22
2.88
0.28
4.23
3.87
3.77
4.77
0.64
1.99
0.91
1.12
3.23
0.96
3.56
3.81
4.5
3.1
0.9
0.96
3.08
4.62
1.79
4.45
3.55
3.45
3.54
3.76
5
3.88
3.83
0.01
3.18
4.02
2.75
4.44
3.24
2.47
4.29
2.17
1.22
2.03
3.02
4.21
4.25
1.83
1.44
1.84
3.09
3.54
3.38
3.4
3.14
3.67
4.71
4.9
1.99
3.43
4.86
1.46
0.32
2.14
0.92
3.15
4.29
2.63
1.07
4.64
3.72
1.21
3.72
4.1
4.46
4.25
3.83
2.45
1.22
1.08
4.98
4.87
2.6
3.28
1.47
2.24
2.57
1.6
0.29
3.3
1.35
1.05
1.91
3.45
1.55
0.66
2.92
2.32
3.78
2.27
4.17
1.29
4.47
0.52
4.33
2.25
3.28
4.87
3.5
3.47
2.15
0.82
2.9
2.28
1.98
0.26
0.75
1.43
0.08
2.81
4.78
3.95
0.74
3.91
0.17
2.64
2.01
1.81
2.57
1.77
3.8
4.4
2.17
0.37
2.29
0.03
2.27
1.19
1.44
3.96
3.23
0.09
1.49
3.33
1.55
3.09
3.71
0.62
3.51
1.07
0.41
0.34
1.95
2.18
2.17
4.03
4.34
2.45
3.82
3.78
2.96
1.06
3.6
1.47
3.82
0.21
2.07
2.31
3.45
1.23
3.23
0.29
2.79
0.06
3.59
1.46
2.2
1.6
2.36
1.78
4.61
2.91
4.23
1.38
0.23
0.33
4.48
1.87
4.31
2.06
4.83
0.88
1.12
4.76
0.58
1.88
0.93
2.11
5
3.01
3
0.57
3.26
3.56
2.28
1.93
2.22
0.64
3.45
1.14
0.17
2.19
4.56
0.19
0.4
3.79
0.34
0.67
3.95
3.11
4.95
3.57
0.9
4.42
2.93
4.45
1.95
3.09
3.21
1.92
0.51
3.99
3.38
1.65
4.94
1.89
1.89
3.41
2.3
2.1
4.64
3.83
0.46
2.09
3.87
0.35
2.15
4.13
3.14
2.98
1.36
2.05
4.57
3.95
1.86
0.06
4.89
1.83
0.11
3.91
3.94
2.79
2.56
2.22
0.5
4.03
4.43
1.26
2.2
2.83
0.67
3.43
0.5
2.36
0.22
4.82
1.98
0.74
0.66
0.9
2.29
4
2.9
2.36
4.42
2.08
1.04
2.1
4.17
2.03
1.69
3.2
0.47
0.71
3.03
4.76
2.6
1.05
2.8
4.57
4.13
4.54
3.23
2.6
1.52
0.33
2.54
0.05
1.17
4.15
2.77
4.8
3.58
3.12
4.87
3.5
2.66
3.26
4.1
3.86
4.56
3.31
0.23
3.62
1.89
4.84
1.59
2.2
1.29
4.46
4.54
3.73
2.31
4.75
1.37
1.49
3.74
4.02
3
4.01
4.3
4.64
2.15
2.67
3.75
1.69
2.89
0.47
4.44
4.72
0.41
4.48
3.73
0.13
4.3
4.29
2.21
1.57
1.02
1.21
0.92
1.26
1.92
0.27
4.34
4.03
4.03
3.31
4.8
1.28
2.39
3.04
0.18
1.21
0.77
2.83
1.06
0.36
1.83
2.66
4.62
3.97
1.93
0.68
4.03
2.84
0.52
1.1
5
4.82
4.48
4.16
3.41
0.64
1.12
3.26
3.81
3.54
2.47
3.51
3.52
4.39
2.04
4.9
4.4
0.37
2.7
0.91
1.47
0.01
0.4
2.13
0.62
1.55
3.33
1.58
4.47
2.07
0.84
0.33
4.72
0.59
2.37
4.32
2.25
4.28
0.22
3.76
4.97
4.04
4.55
2.34
2.25
4.04
4.42
3.03
2.13
1.86
1.13
4.08
0.33
0.78
3.86
3.88
1.77
2.95
0.36
0.53
2.78
2.06
4.6
4.11
3.12
2.32
1.06
0.5
3.09
0.65
2.7
0.31
2.09
4.41
4.32
0.63
4.86
3.56
2.55
1.27
4.43
1.71
3.49
4.35
3.19
0.68
1.6
1.07
0.75
4.47
0.55
1.55
4.17
3.87
3.12
4.22
0.96
0.99
2.28
2.69
3.18
3.08
3.09
4.27
3.44
2.61
0.48
0.78
4.06
4.15
2.92
4.08
1.47
1.47
4.26
3.33
1.89
4.07
1.88
0.53
0.54
0.38
2.59
2.44
1.9
3.13
0.84
3.28
4.95
2.17
0.99
3.83
2.22
4.79
1.86
2.81
0.17
4.29
2.62
0.88
0.59
2.94
4.03
4.02
3.59
0.94
0.8
4.85
2.62
3.27
4.4
1.47
2.56
0.58
2.91
1.28
0.67
0.25
4.04
1.05
1.73
3.32
0.05
1.78
4.61
4.35
2.05
2.51
4.64
3.29
2.88
1.01
1.58
3.86
4.63
3.46
2.21
3.29
2.59
0.31
4.81
0.16
2.72
3.44
3.27
1.58
4.54
4.78
4.11
0.68
3.16
2.27
4.11
0.93
1.42
1.7
2.99
2.4
4.17
0.85
3.95
1.9
1.63
2.49
1.2
3.18
1.1
2.66
0.24
1.4
4.9
4.32
1.3
4.84
2.22
4.49
4.08
4.75
2.37
3.34
1.6
3.86
1.89
0.87
0.11
0.04
0.43
2.14
0.38
3.77
0.8
0.92
4.07
1.07
4.88
1.15
1.93
2.33
3.06
1.16
0.24
4.99
0.61
0.67
1.05
1.26
3.52
0.55
2.76
1.8
1.26
1.52
3
4.68
1.03
2.94
3.96
4.55
0.29
2.5
1.83
2.75
0.2
0.88
4.86
0.44
4.38
1.6
0.33
0.46
1.94
1.82
1.62
0.63
1.35
0.52
2.23
1.13
3.07
1.99
0.09
0.3
4.12
3.66
0.8
0.17
4.28
4.52
4.37
2.55
3.85
0.41
2.86
2.37
4.78
0.15
1.12
1.11
2.21
0.79
2.61
1.76
3.68
3.87
2.64
1.71
4.17
2.13
3
3.12
4.12
3.13
2.13
3.51
3.13
3.09
1.76
3.27
4.15
0.6
2.45
1.33
2.43
1.27
2.24
0.71
2.45
1.88
0.66
0.72
1.75
2.67
0.24
2.01
2.78
2.25
0.12
1.25
1.73
4.89
4.44
1.1
2.15
3.18
1.17
1.2
4.36
4.44
2.82
3.77
2.63
4.84
2.17
3.99
2.64
2.79
0.12
4.63
0.71
1.49
1.22
2.1
4.98
1.42
1.95
4.69
3.45
3.71
3.96
0.36
1.97
4.26
1.43
3.5
4.03
2.14
4.48
0.96
2.64
3.62
3.57
1.79
2.42
4.94
4.63
2.52
2.96
1.11
1.27
1.76
1.44
0.06
0.25
4.3
2.26
4.85
4
0.86
1.44
4.69
3.21
3.74
0.69
1.59
2.35
0.22
2.64
2.33
3.07
4.29
0.7
1.01
2.63
0.34
1.44
0.84
2.43
3.97
3.69
4.73
1.43
2.37
4.52
2.57
2.59
4.61
1.78
4.38
0.88
2.62
0.39
0.76
1.33
4.49
1.26
1.48
3.05
3.27
5
4.63
3.01
2.58
2.45
1.74
4.51
2.21
4.77
1.57
3.04
2.41
1.07
2.53
4.79
2.96
3.17
0.27
2.78
1.39
4.66
1.11
2.1
3.44
4.33
3.6
4.86
4.25
0.07
2.95
1.54
1.53
2.24
2.17
4.09
4.5
2.01
3.03
4.28
1.27
4.38
1.54
3.71
3.82
3.46
3.05
3.3
0.14
1.94
3.9
4.54
0.06
1.18
4.46
2.89
1.96
1.81
2.22
0.73
0.83
4.63
2.72
1.53
3.25
2.98
3.55
0.48
1.72
2.78
2.98
0.09
0.41
0.71
1.71
1.48
4.81
1.92
3.44
3.58
1.7
4.73
2.49
2.3
4.01
4.83
0.27
4.06
3.99
4.49
1.82
4.41
3.11
1.84
4.82
0.33
2.25
1.44
1.76
0.67
1.77
1.11
1.82
2.37
2.28
2.16
1.46
3.69
1.76
3.15
1.29
4.15
3.94
4.74
2.04
2.1
4.83
0.1
4.9
1.89
3.58
3.63
0.76
4.02
1.12
3.76
3.29
3.35
2.98
3.22
1.5
3.83
2.89
1
4.51
1.48
3.14
1.11
3.96
2.13
4.79
4.87
0.5
1.66
4.91
3.44
3.5
0.62
3.55
3.58
0.84
4.04
1.93
0.5
2.79
4.04
0.47
4.76
3.52
2.65
2.18
3.61
0.72
0.45
3.12
1.8
1.21
4.1
2.39
0.22
4.8
0.14
1.69
4.57
1.75
1.19
3.66
4.02
0.54
0.34
4.04
1
4.03
0.68
3.17
1.66
1.45
3.08
0.56
3.25
0.48
3.06
2.15
0.44
3.58
2.89
4.74
3.44
1.6
4.81
2.48
2.75
3.55
3.58
1.89
4.41
3.9
1.81
2.38
1.26
1.55
2.75
4.98
1.33
1.73
2.13
2.36
1.96
0.09
3.42
3.86
3.51
1.95
4.29
4.12
4.75
1.23
2.77
1.21
3.2
3.6
3.47
3.49
2.44
4.24
2.76
2.31
1.45
3.23
1.92
4.49
4.04
4.35
2.11
4.4
4.32
2.01
2.78
0.46
4.78
4.36
2.7
0.35
4.42
3.39
4.18
3.29
2.57
2.38
1.63
1.71
4.48
2.84
4.71
0.35
2.41
4.56
0.64
1.35
2.86
2.12
1.51
1.44
4.07
2.18
0.9
3.97
4.44
1.24
1.36
3.54
1.12
4.04
3.79
2.79
3.37
2.05
1.19
0.97
4.28
1.95
2.24
0.49
3.16
3.93
1.45
2.98
2.06
4.13
0.88
0.85
4.41
2.15
0.41
3.34
4.3
2.02
1.95
0.59
1.93
2.81
1.14
4.51
2.68
2.79
0.41
4.84
2.77
1.02
2.05
4.57
1.1
0.75
4.28
0.34
4.83
2.85
4.17
4.28
0.9
4.65
1.95
0.2
2.91
3.9
3.68
3.72
0.8
0.35
3.48
2.88
2.76
2.39
4.81
0.98
4.51
3.69
2.03
2.14
2.67
4.83
1.96
2.2
4.32
3.03
0.58
1.94
3.6
4.63
3.79
3.77
3.93
2.84
2.72
3.28
3.57
0.64
3.97
2.01
0.55
1.66
2.93
0.12
1.03
4.25
0.51
2.66
0.84
4.39
0.14
0.5
2.77
0.6
3.18
4.71
1.79
1.75
2.7
1.31
2.56
2.5
3.05
0.93
3.54
3.4
3.31
4.52
2.22
2.16
1.34
3.47
3.13
1.38
3.03
2.71
3.41
1.19
3.7
0.12
0.3
2.59
2.93
0.33
1.37
0.79
4.05
1.5
0.11
3.37
3.8
4.23
0.46
1.33
1.05
3.93
3.35
0.56
2.38
2.61
4.39
0.71
2.03
3.98
2.78
1
3.48
1.09
4.82
4.76
1.83
2.69
2.18
1.94
0.93
0.76
3.01
2.97
3.23
1.23
4.87
3.02
2.12
4.82
2.3
4.45
3.18
2.59
4.28
2.18
4.91
1.71
2.37
2.24
4.74
4.79
2.91
0.25
3.51
0.09
4.78
0.37
1.2
3.11
3.82
2.11
2.67
4.68
2.65
2.12
0.37
2.12
1.59
0.42
0.4
2.91
1.61
0.2
3.73
4.31
2.25
1.58
0.53
2.24
3.68
4.23
0.7
0.76
1.65
1.5
3.01
1.01
0.6
2.22
0.55
2.46
0.83
2.69
1.49
3.86
1.96
1.59
4.6
2.37
3.65
1.18
4.22
4.7
2.92
0.57
2.86
4.85
1.07
0.98
3.28
1.83
1.14
3.05
1.93
3.34
3.98
2.79
3.31
3.98
2.97
0.32
0.14
1.48
4.29
1.94
0.81
1.97
2.15
4.98
4.87
1.46
1.08
1.83
4.51
1.43
4.87
0.01
4.11
0.43
1.66
4.48
0.96
1.38
1.33
1.47
4.79
0.11
1.58
1.61
3.29
2.27
0.4
3.8
3.16
1.13
4.39
3.84
3.06
4.27
1.47
4.72
2.39
0.2
0.18
2.89
4.37
4.84
4.3
3.97
2.64
4.95
1.04
4.96
0.33
4.96
3.39
0.34
4.05
1.58
1.72
3.11
3.19
4.16
3.76
0.59
4.55
4.78
2.98
1.9
3.13
3.06
0.23
3.31
4.31
2.25
4.35
2.61
2.39
1.92
0.64
0.42
4.31
4.63
2.72
2.53
0.65
3.39
2.52
3.84
4.24
0.64
0.59
0.3
3.82
1.6
3.98
3.53
3.78
4.83
3.86
2.06
3.41
1.86
4.35
0.88
4.03
1.49
1.68
3.88
1.43
1.96
1.24
2.62
4.37
3.95
3.77
4.08
4.89
2.15
0.14
2.2
0.94
0.46
0.17
3.31
0.4
