1.25
1.58
4.39
1.69
2.3
1.38
0.17
1.83
2.04
4.27
2.88
0.7
1.35
3.38
0.14
1.08
1.3
1.74
0.24
3.8
3.69
0.57
1.94
0.92
3.16
2.32
2.67
2.6
2.65
1.1
3.76
4.48
2.49
3.42
2.76
1.33
2.72
3.82
1.05
2.84
1.06
0.68
3.99
2.26
4.95
3.44
0.05
4.17
4.3
3.48
2.14
0.14
4.76
0.14
1.41
3.77
0.5
4.55
2.06
4.35
2.34
2.54
1.91
1.99
3.91
0.86
3.24
0.47
2.5
4.95
0.28
2.1
1.73
0.12
3.28
2.23
4.53
4.23
1.39
2.74
1.99
4.59
1.66
1.6
3.39
1.84
0.92
3.8
0.32
4.44
2.32
1.74
1.67
2.7
1.92
0.96
0.76
3.4
0.31
0.4
0.78
0.59
1.51
2.24
2.99
4.25
4.21
1.63
2.5
2.2
0.46
1.35
0.79
4.98
2.03
2.61
4.76
2.25
0.54
2.33
4.86
1.35
2.2
4.84
3.58
1.67
0.33
1.27
1.92
2.08
1.43
4.73
1.94
4.24
0.08
1.3
3.47
4.07
1.52
0.97
0.51
4
1.23
1.14
2.78
2.64
0.03
1.05
0.57
4.59
2.31
1.53
0.98
4.57
3.17
0.77
2.09
1.16
0.7
0.62
3.03
2.96
0.38
1.62
2.25
0.93
1.79
2.18
0.42
2.12
1.45
2.94
3.17
2.5
2.23
2.23
1.48
2.89
4.77
0.62
3.83
2.38
4.54
0.39
2.99
1.67
1.36
4.02
3.1
1.25
3.04
4.9
4.57
3.97
4.03
2.23
3.46
4.04
4.93
2.49
0.37
2.04
4.32
1.76
0.76
0.08
0.51
0.18
0.52
4.68
1.83
1.27
4.22
2.83
3.36
1.04
0.4
3.04
4.23
1.5
1.77
0.8
3.26
2
2.61
4.36
4.52
0.52
0.78
3.21
0.43
1.53
3.66
0.71
1.56
4.78
0.99
1.52
2.89
2.91
0.28
0.53
3.85
0.15
2.86
2.61
1.1
0.62
0.2
1.4
4.7
2.05
4.52
2.43
4.36
2.76
1.99
0.5
0.68
4.08
0.72
3.07
4.09
2.38
3.08
2.97
0.27
4.69
3.6
2.95
0.66
1.51
0.24
1.85
4.64
0.37
3.23
1.59
4.28
0.56
4.63
1.9
4.78
4.27
2.34
0.53
1.58
4.34
3.28
1.94
4.55
3.44
2.34
4.03
2.64
2.75
2.12
4.85
1.01
0.68
0.39
0.28
2.76
1.11
1.7
0.42
0.84
1.88
3.9
1.98
1.78
4.92
0.75
4.67
0.47
4.9
3.52
4.65
3.52
3.24
3.77
0.06
1.43
4.19
1.68
4.34
3
4.24
4.44
1.82
0.06
4.71
2.45
3.44
1.5
4.03
4.52
3.68
1.42
1.8
2.09
1.45
0.38
2.64
0.35
4.59
2.94
0.86
2.13
0.62
0.48
2.89
4.2
3.28
0.73
2.69
1.4
0.44
2.28
1.2
4.92
2.62
1.55
2.08
4.1
0.12
2.71
3.99
4.95
1.89
2.31
3.15
2.74
1.12
3.84
3.9
1.79
0.1
1.42
3.73
0.69
4.13
2.26
0.76
1.37
4.84
0.41
4.05
2.42
3.67
1.36
3.89
1.5
4
0.14
0.37
1.16
4.55
0.87
4.04
3.13
0.86
0.74
3.58
3.07
1.58
4.4
3.74
3.01
2.14
4.42
1.73
4.34
0.03
2.84
0.87
1.15
1.25
2.89
1.6
2.05
1.83
2.57
0.92
2.09
2.96
2.71
1.74
1.99
2.27
3.51
3.53
2.52
1.58
4.3
3.52
4.88
1.97
3.99
3.05
4.65
3.8
1.15
3.51
1.36
2.58
4.56
1.63
2.05
2.3
2.75
2.58
1.91
4.21
2.77
0.99
3
2.31
3.05
0.25
2.69
3.81
4.28
4.7
1.53
1.42
2.46
0.85
0.78
2.9
1.89
3.25
4.58
4.32
4.38
3.64
0.91
3.48
4.73
1.58
3.51
4.51
4
4.61
1.7
0.66
3.12
4.88
0.95
3.85
0.54
4.77
4.1
2.09
4.98
3.82
2.07
0.53
4.9
3.45
4.75
2.53
0.52
4.21
2.82
3.37
0.7
3.82
1.6
1.48
3.88
2.92
2.35
3.38
2.22
5
2.15
2.96
2.33
4.26
1.79
4.01
3.4
1.18
4.7
0.24
3.72
3.55
4.09
2.71
4.28
0.69
3.21
4.9
1.03
0.72
4.2
4.23
1.84
4.14
1.24
3.21
4.96
3.06
2.88
4.97
0.65
0.82
3.49
2.03
4.87
1.27
3.17
2.5
0.49
4.41
2.33
3.97
0.33
2.41
3.82
3.49
0.87
0.05
0.05
4.48
2.17
2.37
4.82
4.24
2.83
0.43
3.53
0.59
3.09
3.96
0.73
4.76
1.36
1.99
0.89
3.61
3.69
4.61
4.37
2.07
4.26
2.95
3.63
1.79
2.81
4.21
1.13
4.45
2.9
4.61
4.81
3.34
0.39
3.59
0.35
1.59
1.96
1.9
2.18
1.98
3.51
2.53
3.56
4.46
0.11
4.85
4.14
2.12
0.98
4.54
2.49
2.22
0.28
0.85
4.9
1.95
4.2
0.92
3.6
4.19
0.13
3.07
2.25
4.32
2
3.03
4.13
4.38
3.96
3.87
0.68
4.38
2.66
1.61
3.83
2.72
3.94
2.14
4.63
0.21
0.64
2.97
3.04
0.43
1.37
1.36
3.67
1.07
4.38
3.7
3.08
2.13
4.08
3.65
3.8
3.57
2.28
2.06
0.14
3.58
1.58
3.5
0.98
2.26
1.51
2.11
1.37
2.03
3.77
4.08
2.77
4.77
4.89
1.44
3.76
0.1
1.03
4.39
3.69
3.03
0.77
0.7
1
2.55
2.38
2.97
0.33
1
0.12
1.32
2.3
3.22
2.81
2.86
0.12
1.9
1.56
1.67
3.87
4.75
3.94
2.49
0.27
3.66
1.21
0.24
3.9
1.46
3.32
3.5
2.79
4.44
0.19
0.67
2.78
4.17
2.05
1.53
3.38
0.6
4.61
4.47
1.54
4.28
3.79
2.8
3.07
0.22
1.43
0.5
4.17
0.52
0.69
2.26
0.75
0.9
3.81
3.84
4.3
4.69
0.65
3.68
0.44
4.91
4.95
1.08
5
4.07
0.05
4.06
3.5
2.76
2.55
4.2
2.23
1.57
4.19
0.26
4.98
0.02
3.11
4.9
1.55
2.88
0.05
3.29
4.92
4.46
2.43
4.55
3.7
0.14
1.07
1.46
3.93
1.59
1.49
3.63
1.94
1.01
1.93
4.96
4.62
1.34
3.96
0.28
0.07
3.59
0.4
0.63
3.81
3.38
3.16
2.43
1.03
1.88
2.43
0.34
1.25
4.91
4.66
2.69
2.59
0.69
2.73
0.22
1.05
0.75
4
1.72
3.19
3.73
3.23
0.31
1.39
0.49
3.1
2.7
1.79
4.37
3.99
3.76
3.24
0.78
0.59
1.82
4.65
0.98
0.06
0.01
1
0.42
4.23
3.72
1.13
1.57
3.23
3.75
0.47
0.64
0.46
0.32
1.19
3.85
4.82
3.92
1.46
3.47
2
0.74
2.67
1.51
2.7
0.73
0.95
2.85
2.3
4.05
3.53
1.99
2.93
1.65
1.68
0.76
0.81
2.03
1.91
1.51
2.6
2.85
3.55
4.35
0.47
1.14
0.12
2.89
0.94
0.92
2.46
2.69
4.71
1.99
4.77
0.59
2.33
2.28
0.12
2.1
0.93
4.15
1.26
1.16
4.81
3.79
0.84
3.07
2.18
0.88
4.82
0.58
4.22
3.57
1.77
0.76
2.66
2.82
2.26
1.98
3.81
1.53
2.14
4.66
0.18
3.09
0.26
2.36
4.97
3.47
0.99
2.98
1.61
2.6
4.56
3.47
2.02
4.92
3.28
1.08
2.55
2.87
1.1
0.97
2.33
3.78
2.22
0.36
3.74
1.25
2.91
0.03
2.8
3.39
0.19
4.07
4.3
1.34
2.17
0.61
1.83
3.48
3.27
2.81
0.61
4.78
2.7
0.26
2.27
2.17
4.83
1.46
3.7
0.39
0.64
2.83
0.52
1.1
2.12
1.75
2.07
3.78
1.19
1.29
1.34
3.51
1.47
0.16
2.85
1.84
2.69
0.69
4.81
1.65
3.21
3.65
3.34
0.84
0.42
2.85
0.99
2.83
4.76
3.32
4.64
0.58
4.97
1.51
3.86
4.35
2.47
0.75
0.64
4.78
2.84
1.26
4.21
1.64
1.3
3.33
1.49
1.86
2.23
3.9
1.86
4.02
2.75
3.33
1.87
4.87
1.96
1.08
4.84
4.89
2.01
0.19
2.34
3.24
4.64
0.43
0.55
4.56
1.67
1.74
3.21
4.72
0.62
4.7
3.33
2.75
2.06
4.23
4.57
4.79
0.42
1.29
4.86
0.24
0.23
0.45
4.18
2.44
3.94
3.44
3.38
0.44
2.99
2.09
3.15
3.18
0.44
0.12
3.09
4.26
2.32
4.29
0.84
1.99
2.99
0.63
1.81
4.8
4.76
3.14
2.27
2.5
2.61
3.4
0.03
4.01
3.53
0.04
2.24
4.99
0.26
0.54
0.02
3.97
3.6
1.78
2.52
2.46
2.5
3.44
3.04
1.44
4.52
4.93
1.74
1.9
1.58
2.36
2.76
1.45
3.57
1.81
0.47
3.46
1.1
2.38
1.63
3.77
4.54
2.87
1.79
3.55
1.13
1.51
2.75
2.76
4.4
2.04
0.5
1.9
0.48
4.91
4.64
4.66
2.08
3.69
1.98
1.54
3.88
2.78
4.89
4.86
2.39
3.88
3.77
0.32
1.12
0.93
3.06
0.46
4.98
2.36
4.98
3.59
3.98
1.71
0.39
2.03
4.64
1.11
1.39
2.98
0.62
0.63
2.12
0.54
0.61
3.74
4.12
1.42
4.12
2.56
0.61
2.21
2.29
0.76
2.96
1.22
2.96
2.52
1.89
0.03
3.3
1.2
3.38
4.97
4.93
1.8
4.88
1.62
4.35
3.26
3.44
3.14
1.44
3.08
4.19
4.35
2.86
1.75
3.06
1.43
2.53
0.7
4.47
2.59
4.24
1.31
1.48
2.6
3.33
1.65
2.7
1.07
0.87
3.76
3.11
1.34
3.87
4.06
2.94
1.31
1.26
1.27
1.25
4.43
3.6
0.99
4.93
0.7
4.79
4.77
4.38
3.38
3.46
0.28
0.63
3.69
2.53
4.67
0.86
0.27
0.89
2.82
3.46
3.7
1.54
1.82
0.15
1.32
0.12
1.14
3.54
1.26
2.58
3.5
1.76
4.53
0.58
0.15
3.72
1.03
1.5
1.62
4.53
1.65
2.97
3.77
0.74
3.31
4.9
2.87
1.86
4.09
4.77
4.73
1.9
1.44
3.12
3.03
3.17
1.3
0.45
1.14
3.47
1.45
2.29
2.77
4.11
2.42
1.4
0.27
1.8
3.44
4.74
4.22
0.13
4.77
3.56
3.24
2.6
0.15
4.66
1.72
4.77
0.03
1
1.99
4.7
1.71
4.9
3.72
1.29
2.21
2.39
4.17
0.44
2.06
1.76
1.68
3.07
1.78
0.94
1.84
4.33
0.67
1.11
2.63
3.12
2.91
0.32
4.33
4.77
0.56
3.22
2.51
1.82
3.4
1.16
5
1.16
3.69
4.13
2.96
1.89
4.48
0.47
4.6
4.02
1.08
3.64
4.42
3.5
2.9
2.3
1.23
2.88
0.18
2.13
0.48
4.02
0.53
1.72
4.56
0.65
4.54
3.4
4.8
1.93
2.75
1.66
4.48
4.39
0.79
3.78
2.9
3.35
2.99
3.07
0.4
1.66
3.05
1.01
2.94
1.58
0.27
0.22
3.45
4.6
0.92
4.17
0.84
3.38
1.27
1.91
1.81
2.27
3.22
3.74
1.91
1.73
4.75
0.45
3.56
3.52
0.76
4.98
2.46
1.7
0.11
1.93
3.5
2.62
2.22
3.89
4.27
3.61
1.98
1.78
2.25
2.97
2.01
0.37
3.75
2.06
4.36
0.16
3.35
2.83
4.11
3.61
4.37
2.74
4.61
2.96
0.76
2.45
2.95
1.89
1.92
0.98
3.3
4.92
2.89
1.55
4
3.14
2.69
2.27
1.02
2.96
3.37
2.96
2.79
1.48
2.07
1.96
4.13
0.23
2.56
2.84
0.26
0.14
3.89
2.73
1.65
4.52
4.69
0.77
4.25
3.16
2.06
1.89
2.01
3.38
4.6
4.66
1.4
1.03
2.05
3.29
2.33
1.52
4.09
0.04
4.39
2.13
0.23
4.79
0.36
0.53
1.87
3.75
0.88
2.19
4.22
0.46
0.74
0.38
1.69
2.1
3.15
3.41
4.58
1.7
3.29
1.9
4.58
3.67
0.32
3.25
4.41
1.3
0.57
1.3
0.61
2.39
3.65
4.51
0.42
2.87
2.28
1.32
2.8
4.29
0.38
1.58
4.28
3.76
2.61
3.82
1.82
0.34
1.89
2.32
0.99
4.51
3.08
3.19
1.44
4.11
0.45
1.96
0.85
0.34
2.42
0.34
1.04
2.62
2.26
3.83
1.82
0.93
1.73
1.81
4.99
0.3
1.88
4.79
3.3
1.72
0.58
1.1
0.83
0.84
4.97
0.11
4.17
1.22
0.8
2.13
4.98
2.03
2.68
1.91
1.68
2.09
2.21
2.89
2.05
2.93
2.09
4.98
1.23
1.82
4.68
2.23
3.6
4.29
0.65
1.96
2.03
3.24
4.44
1.21
1.2
0.7
0.86
1.48
1.4
3.25
1.98
2.17
3.76
4.54
4.36
3.69
4.94
3.22
2.98
2.02
1.37
2.42
1.41
1.45
0.23
4.53
3.62
3.82
0.87
0.07
4.14
0.66
3.24
3.6
2.57
3.02
1.21
0.56
1.28
2.21
3.36
3.44
0.14
3.84
0.36
1.99
0.53
4.26
0.34
3.19
1.51
1.88
3.27
4.61
0.09
2.59
3.57
4.8
3.09
4.6
4.11
1.84
1.72
1.94
4.66
2.57
0.26
4.84
0.11
4.63
1.56
1.14
2.64
2.21
2.49
0.2
1.66
0.44
1.62
1.98
0.85
0.58
0.33
1.18
1.66
2.77
4.96
4.94
0.28
1.43
3.4
3.14
3.39
4.81
2.93
2.58
3.57
4.6
2.64
1.47
4.23
3.89
0.38
3.44
4.44
2.85
0.7
2.26
1.32
2.71
1.43
2.87
1.57
3.05
4.4
2.62
1.02
2.43
2.5
3.89
3.46
3.22
4.6
1.82
1.57
0.97
1.32
4.85
0.34
2.76
2.47
1.13
2.67
3.04
4.61
4.79
1.88
1.34
1.21
0.52
2.25
3.92
0.9
3.42
0.3
3.36
0.47
4.7
1.22
4.68
4.42
2.92
0.55
1.34
4.06
1.24
3.32
0.93
3.71
4.28
0.76
1.79
1.34
1.19
1.75
0.88
1.52
1.76
4.98
1.97
3.19
0.02
4.26
1.34
0.35
1.07
0.72
3.62
4.15
4.67
2.85
1.4
2.44
1.48
0.44
0.65
2.27
4.55
1.91
4.33
2.05
2.18
1.38
4.37
3.14
3.91
1.8
3.66
0.28
0.32
4.76
0.38
4.25
4.71
0.21
1.65
2.95
1.46
4.87
3.74
1.7
1.13
2.34
1.94
3.9
0.29
4.77
3.01
2.78
0.17
1.63
4.77
3.94
0.58
3.9
1.85
1.79
4.58
0.78
0.35
4.76
2.42
3.67
1.89
0.79
4.3
1.36
0.45
3.81
1.73
4.96
0.47
1.39
1.53
3.34
0.71
0.84
3.85
3.37
4.46
0.12
1.48
4.45
3.84
4.29
2.82
2.41
3.12
4.39
4.98
0.76
0.06
4.1
1.99
4.4
0.75
4.53
3.87
1.34
2.45
0.04
2.67
4.44
4.46
0.9
0.47
0.84
4.5
2.55
4.41
0.32
0.14
0.64
2.54
1.6
1.61
2.13
2.59
0.16
0.84
1.29
4.29
4.02
4.2
2.13
1.53
2.04
0.98
0.62
1.7
3.16
2.8
2.53
1.15
1.35
3.03
1.26
4.86
3.65
2.35
1.35
4.59
2.31
2.11
0.77
2.52
2.36
0.23
3.62
2.87
1.04
4.13
3.48
1.71
3.59
0.9
0.02
4.76
1.81
3.1
1.41
4.49
2.09
3.42
4.1
3.16
4.83
3.92
4.93
2.59
0.33
0.17
4.19
3.23
3.42
3.09
0.36
2.21
4.24
4.55
1.85
0.25
1.24
3.87
0.39
3.9
0.79
1.45
1.83
2.94
4.93
2.09
3.34
3.71
0.67
2.33
1.84
3.09
1.69
1.25
2.53
3.54
1.34
1.51
2.65
4.61
2.17
1.87
3.36
1.52
2.72
3.31
0.86
2.91
3.2
0.59
4.06
4.8
2.36
4.82
0.12
4.93
4.3
2.91
1.8
4.03
4.99
3.57
0.47
1.62
2.23
3.09
0.14
4.17
3.98
2.77
2.97
4.4
0.35
4.92
3.39
2.68
1.57
4.35
0.39
4.48
3.67
0.27
3.65
0.24
0.18
1.93
1.11
1.12
3.54
1.33
3.82
0.23
1.31
3.82
4.09
4.09
4.27
0.2
3.49
0.16
1.9
2.64
1.65
0.96
0.92
1.51
3.34
4.68
1.37
0.73
3.73
4.51
1.52
1.02
1.89
1.97
1.13
3.24
3.82
1.03
1.62
3.46
1.93
1.42
1.82
1.09
1.88
1.32
1.9
0.31
1.67
1.52
4.91
4.9
1.39
4.67
4.88
4.43
2.04
4.87
1.36
0.65
2.47
3.52
4.53
4.96
0.77
1.67
0.73
3.02
3.35
1.51
0.73
4.91
4.85
4.82
4.02
1.97
3.73
2.44
0.32
0.74
2.4
2.37
4.22
0.62
2.54
2.01
3.52
1.83
0.24
2.77
0.57
1.48
3.4
4.3
0.52
0.28
2.6
3.87
0.19
4.96
1.16
0.67
4.2
2.7
4.18
2.4
2.24
1.95
5
3.84
0.99
4.71
3.08
2.31
4.68
3.31
3.09
1.4
2.8
0.08
4.88
2.76
0.18
2.01
2.25
2.13
3.18
3.52
1.92
2.04
3.19
4.18
2.08
1.63
0.61
3.92
0.24
0.44
1.59
4.51
4.1
4.68
0.93
2.36
1.27
2.91
2.12
2.97
1.75
3.36
2
1.2
0.05
1.57
0.64
3.64
0.05
3.03
2.92
4.48
2.46
0.48
2.26
1.48
3.17
0.16
4.92
3.17
0.91
1.57
3.14
1.74
4.59
4.9
1.48
2.02
2.68
4.69
2.75
1.02
4.53
3.42
4.08
4.64
2.26
2.59
4.96
1.2
1.07
4.58
4.29
2.28
3.56
2.47
4.7
4.54
5
3.38
0.67
2.84
2.81
4.55
4.41
1.93
1.63
3.61
4.86
3.29
4.86
0.97
3.54
3.96
0.3
0.52
2
1.47
1.74
4.57
3.89
4.67
2.44
2.18
0.71
3.28
3.92
2.65
2.5
1.69
3.51
0.89
1.95
3.94
1.06
3.11
1.38
1.43
4.02
4.6
4.75
3.02
4.55
4.88
3.59
0.91
1.78
2.05
2.11
1.19
1.79
4.98
0.69
3.1
4.16
0.92
4.69
0.91
1.63
4.26
3.17
4.53
3.35
1.21
0.54
1.58
0.08
4.54
2.04
3.51
2.86
0.1
1.92
2.19
1.44
3.41
3.23
0.44
2.26
0.1
4.94
0.25
1.51
4.33
4.54
4.09
1.05
4.21
2.84
0.81
0.74
1.16
2.24
3.8
0.81
3.87
1.43
3.27
1.31
0.82
3.06
2.74
3.06
0.8
1.07
3.64
3.5
0.67
4.99
4.59
4.31
2.22
2.37
1.38
1.56
2.69
2.14
3.2
0.1
2.6
4.69
3.44
0.33
3.27
0.87
2
1.74
3.55
1.42
0.96
3.2
2.84
3.1
0.53
4.49
0.2
2.19
3.72
4.02
1.32
2.69
1.75
2.8
0.55
1.5
1.69
2.72
2.84
1.82
3.97
2.81
4.43
4.64
3.96
4.41
2.23
0.65
2.63
0.54
3.4
3.83
0.87
4.05
2.67
4.23
2.13
1.6
1.53
2.58
0.92
1.4
0.23
1.4
2.97
1.8
2.24
1.17
2.73
0.02
3.65
0.62
0.45
2
4.48
2.27
0.79
0.59
3.88
4.91
4.48
0.59
2.76
4.2
3.08
0.77
2.91
4.32
0.06
2.52
3.39
1.59
4.53
1.51
0.5
3.96
0.87
3.9
1.85
3.44
3.9
1.66
3.96
1.08
0.59
0.18
3.67
3.36
2.21
0.32
1.14
3.12
1.9
4.9
1.62
2.88
2.6
4.74
3.45
4.11
2.46
2.77
0.19
0.16
1.86
2.25
0.03
4.3
1.62
1.94
4.34
4.2
2.14
4.19
2.58
2.83
0.14
2.28
0.23
4.28
3.37
2.1
3.56
0.15
1.93
1.8
0.89
4.7
1.73
1.18
0.8
1.71
2.59
1.79
0.97
2.16
1.76
3.39
4.46
0.72
1.73
4.63
2.94
1.6
4.14
0.03
2.65
1.53
0.53
3.1
1.18
0.55
4.19
0.23
0.51
0.73
2.65
0.65
2.03
0.21
3.95
2.08
1.84
1.51
1.72
3.31
