3.43
2.78
2.76
3.66
1.19
3.59
4.94
4.66
3.81
3.36
4.04
4.59
2.37
3.55
3.59
2.13
4.89
3.28
2.37
1.83
1.84
3.1
3.8
3.04
4.23
1.18
0.98
3.7
2.37
0.1
2.43
2.91
0.21
0.53
1.74
1.2
0.38
2.84
4.04
4.26
4.94
0.15
1.48
0.08
1.76
0.89
1.22
3.08
2.83
1.26
3.48
2.74
1.73
1.53
3.75
3.66
2.58
3.53
1.94
4.06
3.03
2.01
3.03
2.2
3.52
2.87
2.45
3.62
1.35
1.68
0.23
2.52
1.77
0.35
3.59
3.38
0.43
1.86
4.45
4.4
0.92
1.73
2
4.91
2.8
2.64
2.84
4.5
1.13
3.57
1.14
1.75
3.8
0.51
3.86
0.72
2.42
3.42
0.26
2.78
0.15
0.96
3.75
2.12
1.08
0.87
1.04
3.64
2.86
0.84
0.85
0.07
1.77
4.9
2.62
3.02
0.36
2.17
0.78
2.94
1.16
4.86
3.83
4.95
2.61
2.33
1.95
2.29
4.78
3.99
3.41
1.13
4.53
2.19
1.56
2.15
2.78
1.14
3.9
4.91
4.75
2.01
1.05
3.86
4.45
3.88
2.58
1.83
3.41
2.42
3.14
0.9
0.79
3.89
3.99
0.88
2.64
3.62
1.83
2.62
3.71
4.56
0.79
3.4
1.39
4.97
0.6
4.04
3.82
3.7
4.35
4.78
4.51
0.09
4.8
4.26
1.28
4.85
1.22
0.27
2.3
0.36
0.63
1.19
3.59
0.64
2.98
0.48
1.38
1.35
3.61
4.79
3.97
4.19
2.06
4.41
1.23
2.27
4.94
3.93
3.72
2.24
2.08
2.16
4.54
0.69
3.66
1.93
4.55
0.02
4.75
2.06
2.68
0.93
3.92
3.97
1.2
1.94
1.59
0.34
3.43
1.52
4.19
3.01
1.12
4.93
4.22
2.49
2.6
4.21
4.9
1.56
3.19
0.83
1.25
1.87
0.65
3.1
3.01
2.73
2.98
4.58
2.18
4.25
4.41
3.42
1.6
2.07
2.16
3.05
4.12
0.18
1.27
4.64
0.52
0.14
4.26
0.53
3.33
3.79
3.63
0.94
1.13
0.51
0.7
0.23
1.04
2.87
1.38
3.32
4.23
4.09
2.73
0.88
2.98
4.08
1.33
4.43
4.49
4.28
3.39
2.27
4.63
1.42
0.67
1.49
0.88
3.6
4.92
3.66
0.91
2.38
0.68
3.97
1.71
0.08
0.77
0.94
4.15
3.24
2.03
4.25
1.56
3.04
5
4.53
4.54
2.55
0.38
3.63
0.61
3.71
4.6
4.49
4.82
4.32
1.53
0.58
4.52
3.71
4.2
1.46
0.62
0.47
3.12
1.76
0.46
2.45
4.63
2.63
1.28
0.52
2.08
3.55
2.19
2.94
2.69
4.15
1.31
2.71
2.84
1.31
0.33
1.72
2.57
2.21
4.5
1.76
1.38
4.72
2.74
4.98
2.9
3.09
3.43
0.97
4.47
3.82
2.48
1.8
0.6
4.5
2.6
3.91
3.69
2.33
1.05
0.03
2.04
1.61
3.57
5
0.06
3.75
3.85
3.49
1.4
4.37
2.21
3.66
4.02
3.03
2.67
3.91
2.38
1.78
1.02
2.99
4.16
4.24
4.15
2.1
3.23
1.73
3.15
4.56
2.51
1.17
1.58
4.85
0.76
0.02
4.91
4.86
3.4
1.27
4.94
4.45
4.08
3.64
1.93
1.02
0.71
3.55
2.38
0.7
3.7
4.06
3.13
0.01
3.61
1.5
1.03
2.48
3.54
0.76
2
3.42
1.63
3.13
0.61
3.89
1.33
0.25
0.04
3.51
1.79
0.86
4.89
4.6
0.31
2.59
1.93
4.82
4.75
2.5
3.9
3.97
1.32
3.59
0.94
3.05
1.71
4.88
3.73
3
1.29
4.14
0.18
2.72
1.89
1.94
1.23
1.23
2
4.71
4.48
0.71
3.3
4.26
4.52
1.97
1.71
1.69
0.55
1.77
0.67
0.3
2.41
3.03
0.45
1.25
1.42
0.51
2.33
5
2.59
3.92
3.76
3.01
0.07
2.77
0.2
2.29
3.93
4.19
1.09
0.65
4.31
1.43
2.74
3.89
2.3
3.53
4.48
0.01
3.44
0.24
2.15
0.71
3.59
4.33
1.24
4.42
1.76
3.35
1.15
3.41
1.03
3.53
3.99
1.96
1.49
2
1.13
0.63
1.11
4.48
0.31
4.25
1.95
4.4
1.13
1.04
3.62
2.28
3.32
1.45
2.59
0.62
1.42
3.48
4.16
0.6
2.07
1.5
0.79
4.17
3.94
0.69
1.52
0.14
2.31
0.42
3.23
2.73
2.42
2.15
3.15
0.25
4.43
4.89
1.45
0.58
1.93
0.13
0.37
4.74
3.65
1.67
2.21
2.09
0.5
3.01
1.96
3.9
1.98
2.9
0.65
3.62
2.81
1.4
1.54
4.46
4.97
3.18
2.97
0.65
3.41
3.93
1.86
0.95
1.08
0.26
4.69
4.56
0.89
1.14
4.32
2.33
3.8
1.98
1.72
0.89
0.85
3.95
3.53
0.44
1.16
3.81
1.46
3.17
0.1
4.96
2.76
4.99
2.6
1.5
2.08
3.77
3.22
4.88
5
3.75
1.75
1.24
3.89
2.18
2.99
4
1.98
4.79
3.52
4.72
4.92
4.07
2.57
1.7
0.33
3.05
3.33
3.44
0.75
3.37
1.2
3.19
0.87
4.42
1.4
0.76
3.99
2.13
0.71
3.19
4.75
3.07
2.76
2.97
2.71
3.43
4.5
0.81
3.45
0.88
4.55
4.87
3.8
0.39
3.47
4.32
3.36
2.34
0.45
3.94
1.13
4.29
1.48
1.67
3.91
0.89
0.6
1.73
3.44
2.65
3.57
2.98
1.24
4.33
3.8
2.69
4.25
1.56
4.68
3.02
0.95
0.89
2.53
4.83
1.97
4.72
0.55
1.34
3.22
2.47
2.08
4.49
0.34
2.68
1
0.88
2.18
2.01
0.84
0.14
2.34
1.18
1.61
2.32
0.06
0.38
0.86
0.48
2.9
3.2
3.1
4.81
4.76
3.23
4
4.62
4.77
3.79
1.31
4.14
0.42
1.43
3.81
3.51
1.51
1.03
4.12
4.81
1.66
1.79
4.91
2.25
2.54
4.28
4.37
1.92
0.93
4.68
0.47
4.09
2.62
1.58
3.26
0.27
2.01
2.76
1.3
3.86
3.27
1.12
4.71
1.75
3.33
3.04
4.6
1.61
0.1
1.9
0.16
3.05
2.29
1.39
1.23
2.74
2.09
1.29
3.32
1.07
3.71
3.64
0.28
1.84
0.82
4.26
4.21
0.46
0.19
1.91
3.36
4.35
1.36
4.3
4.92
2.97
1.55
0.97
3.08
0.44
1.17
3.28
4.89
1.28
0.66
1.22
5
1.3
4.59
2.8
4.02
3.87
0.61
4.38
3.11
1.56
2.01
5
0.28
3.04
0.83
4.18
2.29
4.12
4.26
0.88
1.8
3.85
4.63
3.4
4.19
2.7
3.69
0.23
4.2
3.65
1.59
2.1
2.46
3.85
3.96
3.57
0.67
0.57
2.01
3.97
4.86
4.5
3.05
0.44
3.4
2.65
0.99
1.57
0.57
0.73
0.94
3.88
1.89
4.36
3.16
3.79
0.2
1.43
3.17
4.96
1.74
3.2
1.62
3.55
1.59
1.01
0.16
1.8
3.36
1.77
2.25
3.36
1.44
0.54
2.07
1.66
1.07
1.2
1.02
4.67
2.13
2.07
3.66
3.79
0.86
1.74
0.01
1.55
2.81
4.56
1.13
4.32
4.93
3.92
1.05
4.64
3.18
1.08
0.44
0.1
4.67
4.62
2.55
1.12
3.89
1.22
1.64
3.35
1.34
4.56
1.24
4.75
2.49
5
2.01
3.08
1.67
4.87
0.62
1.07
1.37
2.94
3.73
2.29
1.87
3.81
4.12
4
4.42
0.68
3.9
0.83
2.5
2.55
1.58
2.11
1.34
1.75
4.21
1.82
1.8
2.85
3.71
1.23
3.81
0.42
0.28
0.32
2.61
3.09
0.81
3.16
4.04
1.47
3.99
0.41
3.28
2.74
4.02
0.11
4.3
3.17
2.67
3.33
1.01
4.47
2.52
1.73
2.36
1.58
0.66
3.05
4.83
2.21
0.94
2.88
2.93
2.04
0.23
3.41
4.98
4.91
2.02
3.09
3.43
3.07
4.57
4.97
2.73
0.8
3.2
1.31
1.16
2.07
1.02
0.88
1.74
2.68
4.36
1.27
3.6
2.81
1.49
0.48
4
4.11
4.87
1.42
3.14
0.85
0.18
3.33
4.21
0.36
4.96
3.31
3.78
2.75
3.79
4.82
4.06
2.74
2.18
1.59
3.38
3.14
3.22
0.89
1.09
4.53
0.62
1.73
4.28
2.58
0.59
1.54
3.93
0.11
2.62
3.49
2.96
4.07
2.3
3.81
4.42
3.33
2.41
3.65
4.07
4.43
2.64
1.68
0.41
2.23
3.36
2.67
3.24
3.1
2.86
1.32
4.09
3.14
2.01
0.44
2.74
0.59
0.33
0.18
4.49
3.89
1.29
3.97
2.7
0.05
2.98
4.45
4.76
3.7
3.65
1.74
2.92
0.94
2.58
2.39
1.5
4.17
3.58
2
4.8
1.49
4.3
2.95
3.89
0.81
2.9
3.12
0.45
2.83
0.79
0.66
3.45
1.71
2.03
0.77
1.06
2.33
0.16
3.55
2.72
3.55
4.99
3.53
1.06
0.33
0.82
0.64
3.4
2.75
3.22
4.13
4.52
2.19
3.43
3.51
1.78
3.7
2.14
0.21
3.87
4.06
1.75
2.3
0.05
1.57
4.06
1.75
4.38
1.08
1.53
0.84
0.79
4.67
2.25
4.41
4.69
1.64
3.66
1.24
2.31
2.99
2.46
0.45
4.26
3.76
3.43
3.46
3.61
1.45
0.5
1.51
3.72
1.16
1.74
3.6
2.29
2.91
1.24
1.5
3.86
4.52
2.35
1.18
0.31
4.3
2.54
4.56
3.26
0.28
4.21
3.31
1.52
1.41
3.77
4.66
0.02
3
2.03
4.56
1.29
4.97
3.35
4.43
0.15
1.01
1.71
3.68
0.14
2.74
2.03
4.61
4.7
3.83
2.83
1.41
1.77
2.51
0.54
0.77
2.02
0.52
2.2
1.41
1.18
1.29
0.76
0.38
4.25
4.53
1.83
3.01
1.65
3.44
4.19
4.29
1.49
3.29
2.09
4.95
2.06
2.22
4.11
1.62
1.62
3.93
0.35
3.44
2.3
1.82
3.14
1.28
2.44
3.35
3.6
4.85
0.14
3.44
2.5
1.16
4.64
4.12
2.88
3.21
4.48
0.17
4.82
4.37
4.8
1.98
3.57
0.62
1.94
3.6
1.72
2.84
3.86
3.48
1.45
1.33
1.85
2.94
4.39
2.18
4.79
2.61
2.56
4.07
4.42
3.91
1.33
3.8
2.77
0.52
2.09
0.34
1.54
3.98
0.25
4.11
3.23
2.54
4.9
2.85
2.07
1.13
3.92
1.23
2.73
4.53
1.73
1.7
2.33
0.37
4.99
2.54
3.96
4.97
4.77
0.12
3.85
2.3
2.99
4.52
4.23
0.85
0.54
0.93
3
4.59
1.5
3.43
3.73
2.59
1.38
1.67
0.07
3.97
3.23
4.07
2.13
3.93
4.72
3.52
0.95
1.48
1.07
2.76
1.74
0.77
3.55
2.66
0.24
2.63
2.14
4.82
1.65
2.24
3.62
3.97
4.64
0.6
3.38
2.11
2.32
1.44
1.45
4.25
0.68
1.41
1.88
2.06
4.31
3.16
1.65
4.85
1.72
3.69
0.98
4.15
2.01
0.64
4.93
2.02
3.2
2.17
4.83
1.91
3.99
4.17
3.67
0.16
0.07
0.36
3.11
0.91
3.39
2.72
0.52
4.05
1.1
2.79
4.44
1.12
3.59
1.15
0.16
0.57
3.61
0.93
1.72
4.42
0.12
3
2.77
2.25
4.1
3.15
4.46
4.97
2.4
3.78
0.26
2.89
2.84
2.04
2.65
3.05
0.54
4.03
4.53
4.39
2.68
4.92
0.32
1.47
1.67
1.01
2.44
2.91
4.31
0.38
2.47
3.06
1.5
5
0.4
0.98
0.23
1.29
0.04
3
2.85
4.61
1.47
1.81
1.22
3.41
3.57
2.53
0.58
3.9
3.96
4.46
0.61
3.92
0.56
2.4
1.75
2.31
3.25
1.9
0.03
2.99
1.22
4.85
0.01
3.74
1.66
3.73
0.17
3.21
1.59
3.25
0.2
0.08
1.92
2.4
0.54
2.44
3.07
4.5
1.9
3.82
0.12
2.68
2.15
1.71
0.7
2.48
2.38
0.47
2.91
0.41
4.51
2.96
0.52
1.58
0.42
1.72
4.91
2.35
0.78
0.93
1.97
3.76
4
4.68
0.71
3.51
3.34
3.2
2.18
3.6
1.75
2.98
0.58
4.91
3.15
3.52
4.42
3.63
0.59
0.97
3.91
1
1.92
2.53
2.09
2.66
2.63
2.49
3.88
0.36
3.04
4.77
1.6
2.43
2.62
2.54
0.86
3.08
4.11
0.52
2.94
3.19
1.92
3.28
1.7
2.18
4.34
4.49
1.45
3.89
0.49
3.03
4.14
1.85
1.68
3.58
3.56
4.81
1.17
2.55
3.38
4.47
1.78
0.54
3.04
3.27
0.57
2.93
4.87
1.71
1.05
0.5
0.02
1.49
4.99
3.4
4.48
0.37
3.44
0.08
0.43
4.98
0.69
2.74
3.04
2.1
3.26
0.53
3.31
4.21
3.83
3.09
3.13
0.1
1.58
0.2
2.83
3.48
0.02
3.34
4.65
3.51
1.24
1.3
3.8
4.78
2.84
1.22
1.07
2.19
4.64
2.46
2.39
2.11
4.06
0.04
3.95
0.7
4.11
3.75
2.64
2.21
0.01
3.17
0.18
1.83
1.54
0.83
3.95
0.88
2.81
4.29
4.68
2.72
2.8
3.44
3.08
4.84
0.77
2.84
2.51
4.77
2.7
2.81
4.96
3.94
2.56
3.01
3.52
2.64
3.24
0.47
3.37
4.44
4.21
4.26
4.53
0.75
4.57
2.33
4.45
0.29
0.02
1.61
2.37
0.97
2.18
2.32
0.32
0.62
4.13
4.16
2.63
3.92
0.03
4.81
2.13
0.94
3.48
2.23
2.97
3.09
2.51
4.11
0.07
4.57
4.53
4.2
1.69
1.11
0.37
0.01
4.29
1.43
4.96
4.78
2.42
1.45
4.72
4.45
3.13
1.96
0.65
2.57
1.09
4.6
2.06
1.43
3.48
1.17
3.49
1.07
0.38
4.78
2.76
0.66
0.36
3.59
2.79
4.1
4.29
2.67
3.29
3.5
2.11
4.93
2.28
0.68
4.22
1.17
4.09
3.64
3.94
3.47
4.1
1.34
0.38
0.84
4.92
4.65
2.31
0.98
0.56
3.29
2.24
1.63
2.05
0.57
1.42
3.77
3.34
1.57
3.78
0.68
1.13
3.2
2.56
0.08
4.36
2.55
4.59
0.76
2.26
2.98
0.14
4.95
2.28
3.05
2.75
1.63
3.07
4.87
0.13
3.16
3.06
3.69
1.57
0.74
4.28
1.47
4.58
2.87
3.75
1.6
0.13
2.98
4.31
4.31
3.27
2.79
3.87
0.51
1.98
2.77
1.82
1.22
1.28
0.55
0.64
2.85
4.79
2.38
0.25
3.61
1.82
3.64
2.14
0.18
1.71
0.32
3.26
1.54
2.85
3.34
0.49
0.54
1.11
4.97
3.16
1.94
2.46
3.12
3.51
4.98
0.63
4.8
3.98
4.89
4.62
2.31
3.22
2.84
3.98
4.13
3.49
2.76
3.43
3.48
2.36
4.28
4.35
4.55
4.91
4.59
3.95
1.64
4.54
0.7
0.89
1.34
2.09
1.73
3.41
4.46
0.44
0.08
3.33
4.25
1.25
3.94
2.65
1.66
0.47
1.85
2.05
4.72
2.06
1.38
3.52
1.24
0.35
4.48
4.64
1.36
4.48
3.06
1.1
1.08
0.37
2.99
1.28
3.31
1.02
3.24
3.77
0.08
2.1
4.41
3.63
2.95
4.46
0.1
3.7
3.26
1.63
3.06
2.45
4.91
2.77
4
1.97
3.11
1.3
2.33
4.77
0.27
3.06
4.39
4.95
0.64
4.57
1.75
2.62
2.76
0.27
3.49
0.86
1.48
3.02
3.67
3.7
3.01
2.16
1.44
3.73
0.08
2.8
0.92
3.45
4.17
4.68
1.99
0.41
0.46
2.24
4
1.28
1.97
4.1
3.21
0.02
1.14
1.09
4.97
2.32
0.24
2.03
2.73
1.02
3.02
2.4
1.82
0.15
1.99
3.79
4.12
1.89
4.21
0.84
3.64
3.73
4.74
2.57
3.56
3.53
0.21
1.85
1.2
1.86
0.42
1.86
0.55
2.92
1.02
1.18
1.05
0.12
2.31
4.57
2.57
0.61
0.97
3.71
3.66
2.88
0.89
0.73
4.91
3.82
2.56
1.19
3.13
3.79
0.95
4.52
2.09
4.71
1.29
0.15
3.51
0.57
3.83
2.57
1.03
4.05
2.86
2.12
1.14
2.48
2.11
1.73
2.73
2.12
2.78
0.06
1.93
3.74
1.84
0.46
2.26
0.15
3.86
4.61
0.12
2.2
0.27
1.77
4.13
0.07
4.07
1.55
3.42
0.03
1.78
3
2.33
1.7
3.14
1.64
0.13
4.43
4.24
0.55
3.05
0.56
0.56
4.16
3.24
3.58
1.23
3.61
4.04
1.14
1.99
2.42
2.09
3.21
2.53
4.76
5
4.01
4.25
3.29
1.65
0.9
1.47
3.86
0.21
1.41
0.58
0.19
1.65
1.97
2.63
2.47
4.31
1.42
1.34
3.05
4.41
0.36
0.36
3.07
0.63
1.31
2.35
3.92
3.59
3.72
3.18
4.59
4.75
3.2
4.75
4.35
2.7
4.73
3.67
2.94
4.16
1.75
3.28
4.42
3.6
2.74
4.55
3.59
2.98
2.81
2.27
1.57
1.57
2.36
1.86
0.06
4.15
0.91
4.28
4.39
0.25
3.06
4.65
4.54
0.61
0.05
3.36
2.97
0.97
0.49
3.09
3.71
3.78
1.82
4.41
3.25
0.41
2.34
4.94
0.96
1.75
1.19
3.76
4.52
2.28
3.24
4.02
4.74
2.57
4.05
1.05
1.25
3.22
1.97
4.91
2.98
4.09
1.66
4.72
3.54
2.18
5
2.9
2.61
0.05
2.23
1.13
1.54
1.49
0.99
1.7
3.38
2.5
2.67
0.94
2.51
2.7
4.89
1.54
3.26
4.05
3.75
4.29
1.83
4.41
4.75
4.64
2.19
1.12
4.49
1.92
1.39
0.38
4.74
4.15
4.24
2.33
1.94
4.89
0.68
1.12
1.88
0.17
2.19
3.69
1.5
1.54
4.82
3.1
1.63
3.31
3.86
0.87
2.3
4.16
2.68
0.93
4.14
3.71
4.29
3.09
0.49
1.11
0.26
0.75
2.91
4.64
3.13
4.63
2.2
3.31
1.17
0.69
3.38
3.28
2.3
0.36
4.96
0.8
2.92
1.12
3.66
4.09
3.87
4.66
1.72
3.18
4.99
1.99
0.71
4.58
2.1
3.26
2.54
2
1.62
2.73
3.97
4.73
1.98
4.27
1.15
3.02
0.97
3.71
4.52
2.44
1.01
2.98
4.33
1.99
4.86
1.25
2.8
0.55
0.46
1.99
1.82
4.04
4.3
4.56
0.56
3.21
4.15
4.8
0.64
1.74
2.06
1.59
1.59
4.65
3.43
0.83
4.39
0.36
2.69
2.6
2.95
1.17
0.78
2.65
3.51
3.16
3.3
3.48
2.27
4.9
1.79
4.14
2.93
3.42
2.47
2.78
2.31
2.23
1.23
4.52
1.53
2.01
1.86
2.48
1.98
0.85
4.51
3.55
0.31
0.35
4.53
3.05
4.72
0.87
2.04
1.44
2.75
0.03
3.99
0.51
1.08
4.46
1.88
3.36
0.44
3.35
0.02
0.96
3.75
2.96
3.06
2.5
3.62
3.67
3.64
4.14
4.26
3.61
3.41
1.05
4.48
1.96
0.57
3.7
2.68
1.39
1.23
4.78
3.26
4.15
4.28
4.56
2.91
1.98
2.89
1.19
3.85
2.6
0.18
3.06
0.21
4.9
2.84
2.29
2.97
3.05
4.47
4.9
3.98
4.28
3.33
1.61
0.54
4.67
3.67
4.08
0.6
2.38
2.08
3.86
0.85
3.51
2.4
3.03
1.62
4.98
3.72
0.34
4.1
2.77
1.43
4.46
4.95
2.93
4.3
0.64
4.45
1.57
2.73
3.55
1.85
2.44
1.64
0.78
3.92
3.28
4.54
4.05
3.88
3.23
3.7
1.11
4.49
2.32
1.26
3.24
0.77
1.84
1.34
3.77
0.23
4.5
4.6
0.45
0.36
1.19
4.11
4.58
1.68
4.76
0.07
4.17
4.99
3.09
0.27
1.53
1.8
2.79
0.01
3.18
3.48
3.62
0.73
3.92
0.81
4.54
2.9
1.11
0.61
1.23
0.21
3.48
4.86
1.43
3.92
1.22
4.36
1.67
1.59
2.09
1.66
1.59
0.51
2.99
2.03
3.22
0.37
2.62
1.11
1.12
4.78
3.52
0.78
0.16
