2.93
0.91
4.68
3.58
3.86
1.51
4.19
1.66
2.51
1.87
0.59
3.05
2.03
3.84
1.2
3.37
3.25
2.12
4.07
2.39
3.5
4.39
3.12
4.31
4.71
0.27
0.29
4.8
2.77
3.83
3.52
2.75
0.11
0.09
2.91
1.8
3.74
3.94
4.02
2.1
4.65
4.14
4.59
4.29
1.3
4.47
4.22
4.37
0.64
2.9
0.39
0.34
1.17
1.45
2.24
0.06
3.14
2.74
1.33
0.63
2.04
1.29
0.06
0.94
1.97
0.09
4.28
2.44
2.56
2.7
0.49
1.05
4.93
0.44
0.48
2.34
3.03
4.27
1.58
1.13
0.77
2.74
4.83
1.16
3.25
4.67
3.5
1.34
3.75
4.83
1.01
4.09
4.94
4.93
2.49
2.24
1.95
4.32
3.87
0.17
1.9
3.9
4.16
1.15
2.19
3.31
3.07
0.84
2.02
1.06
3.49
4.72
2.46
1.42
2.96
3.79
0.21
0.43
1.92
0.54
4.44
2.17
4.96
3.68
0.6
3.47
4.27
2.5
2.14
2.94
3.78
0.4
1.12
0.63
0.28
4.56
2.66
1.37
4.78
1.66
2.89
1.78
3.41
4.29
4.29
0.77
4.28
4.43
2.47
0.96
4.29
4.99
4.55
4.53
2.8
0.27
3.52
2.53
4.39
3.07
4.24
3.79
0.83
1.05
0.24
0.67
2.21
2.55
3.83
1.61
3.64
4.19
4.87
2.35
1.06
0.73
2.87
2.28
4.46
2.84
0.31
3.58
2.4
4.71
4.18
2.98
1.71
3.71
3.18
2.63
0.32
2.7
4.88
2.19
0.19
4.27
3.86
2.31
3.86
2.18
1.59
2.65
2.4
0.44
2.82
4.26
4.33
2.57
2.12
3.4
1.5
1.18
2.04
0.25
3.56
0.64
3.59
4.01
3.96
4.27
4.28
3.48
3.35
1.68
2.44
0.79
2.97
4.19
1.42
4.98
4.18
3.66
4.48
3.93
0.63
2.29
3.65
0.02
1.28
1.05
3.05
4.44
3.76
3.63
4.94
4.71
0.31
4
3.09
1.87
0.04
1.48
1.9
3.86
3.53
1.6
4.63
0.16
3.99
3.31
3.38
4.86
4.81
0.88
0.23
3.92
2.09
1.74
2.07
0.95
3.12
4.43
4.95
4.17
4.1
4.12
2.94
2.41
4.84
1.15
3.05
2.43
1
4.35
4.43
2.45
2.38
2.72
3.77
0.36
4.63
1.46
0.68
3.41
1.38
3.39
4.67
3.53
4.55
3.4
2.49
0.06
0.26
1.97
1.68
4.95
2.25
4.14
2.99
0.62
1.46
2.32
1.29
1.94
3.26
2.05
3.27
4.66
1.86
0.32
0.12
0.89
1.74
0.99
2.24
3.02
2.1
4.68
2.35
4.4
1.19
3.51
1.81
2.77
1.37
0.63
4.27
2.99
4.9
3.22
3.19
3.67
4.08
2.56
3.75
0.04
0.24
3.45
2.7
4.13
3.34
0.35
2.02
3.47
0.18
2.2
0.25
4.87
3.93
4.32
0.36
1.84
0.75
2.88
3.68
0.55
4.67
4.34
0.81
4.13
1.17
1.65
3.84
4.49
2.88
1.5
2.39
3.28
4.57
4.42
0.73
1
2.08
2.38
2.54
3.41
3.76
0.94
1.69
2.98
2.17
0.59
2.3
0.28
0.41
2.63
0.03
0.04
1.69
3.25
3.43
2.24
4.84
2.59
0.18
1.53
4.26
4.9
3.72
4.7
1.17
3.85
1.02
4.46
1.64
1.6
1.74
2.49
0.64
2.58
4.33
2.02
4.58
4.73
1.16
0.24
0.51
4.42
0.31
1.97
2.93
4.25
2.7
4.85
2.97
4.88
3.66
3.13
3.52
1.61
2.75
3.68
1.9
2.37
1.74
3.48
3.1
2.44
0.77
2.52
0.36
2.78
4.69
0.82
4.84
3.37
1.61
0.73
2.15
0.28
3.39
3.37
2.14
2.57
4.58
0.96
4.4
0.36
3.73
2.45
3.58
2.78
4.31
2.65
3.05
2.96
3.21
3.11
4.32
3.03
2.61
1.41
0.8
2.77
4.54
2.54
3.31
1.88
0.01
3.21
0.54
1.34
3.41
4.51
3.37
2.13
4.42
4.6
4.31
0.8
4.81
3.91
4.77
0.2
0.64
0.12
1.95
2.55
4.29
3.31
3.31
0.39
3.02
4.52
2.49
1.82
2.99
0.33
0.26
1.49
2.65
1.78
1.61
3.95
0.83
1.09
2.27
1.47
4.7
2.6
3.33
2.2
3.41
4.44
0.72
3.14
3.81
4.9
1.24
2.85
0.71
3.15
2.75
2.57
1.45
2.11
2.74
3.7
2.05
0.95
3.8
2.95
0.82
1.75
0.81
2.42
1.53
0.13
2.66
1.26
1.33
3.97
3.85
2
0.28
3.19
2.43
2.61
1.04
2.72
1.64
0.24
2.63
2.44
0.45
1.37
4.16
1.72
3.89
2.47
0.61
4.32
0.97
1.6
3.19
4.35
4.32
0.29
1.23
3.26
1.92
1.95
3.79
1.68
1.88
4.34
2.15
1.08
4.89
4.23
2.64
4.04
1.81
0.89
4.03
2.52
1.26
0.56
0.51
4.76
1.47
0.88
3.54
0.49
0.88
0.13
1.37
4.71
0.7
1.91
0.59
0.67
1.52
3.14
4.22
1.9
4.64
0.29
0.23
0.8
0.62
2.99
1.59
2.06
3.99
1.94
3.2
4.75
2.68
0.77
0.8
1.99
0.06
4.81
1.89
3.98
3.72
3.02
1.11
4.41
2.04
1.46
0.59
3.38
1.8
2.16
2.06
3.07
3.15
1.52
1.66
1.77
2.14
2.93
2.32
1.37
2.33
0.68
4.1
0.56
3.16
0.75
0.06
2.88
1.27
4.14
1.49
0.21
4.92
3.3
3.81
0.08
1.82
4.18
0.06
2.77
0.14
2.29
0.51
3.56
4.07
0.28
4.75
0.78
2.53
4.54
1.62
1.46
1.87
1.15
3.44
3.08
4.06
0.98
2.06
1.35
0.63
2.35
2.07
2.66
0.79
3.09
1.37
2.28
1.51
4.65
4.4
0.55
2.09
4.33
4.23
4.42
0.82
1.65
2.8
0.42
2.08
3.98
3.26
1.18
3.73
1.26
4.04
2.97
1.35
3.96
1.55
3.9
1.17
2
1.23
4.12
1.7
3.27
3.31
3.07
1.12
0.32
2.7
3.51
3.8
4.12
0.56
1.89
0.33
2.33
1.17
2.59
2.92
0.98
4.53
3.73
3.05
4.34
3.34
1.77
1.73
3.41
1.9
2.92
3.69
2.79
2.94
2.65
2.65
4.67
0.07
0.7
4.4
2.26
3.97
3.03
2.09
1.51
3.33
3.03
3.81
3.51
3.51
2.74
2.34
0.19
0.73
2
4.68
2.75
0.96
2.45
4.8
1.93
1.95
2.76
0.21
1.8
1.04
0.06
1.81
1.99
1.61
4.99
0.19
4.01
2.65
4.48
1.3
1.35
2.04
0.56
3.52
2.71
3.43
3.64
0.02
1.36
4.88
1.1
4.24
4.32
4.74
4.42
3.51
0.07
3.57
4.81
4.78
4.12
2.73
0.08
3.07
0.67
3.17
4.54
4.13
4.99
0.91
4.71
0.64
2.67
1
1.76
3.21
4.9
3.96
3.4
4.61
3.54
1.47
4.39
3.81
2.23
2.38
1.5
0.41
3.52
2.78
1.07
3.32
0.48
3.99
3.87
1.06
3.7
3.44
4.44
0.34
1.85
3.77
0.6
0.64
2.63
2
1.51
2.66
4.11
3.19
1.35
3.48
1.82
4.88
3.05
2.55
3.05
2.86
2.65
1
2.28
1.91
0.12
0.06
4.07
1.18
1.84
0.03
3.96
0.31
1.97
3.22
3.02
0.47
0.87
2.88
3.8
2.98
0.14
3.38
3.1
1.75
1.48
0.78
2.34
2.95
1.05
0.96
3.42
2.69
2.51
0.05
4.78
4.49
0.63
2.41
4.35
4.95
4.46
2.36
2.22
1.14
1.13
0.75
0.91
4.98
1.31
1.59
1.23
2.96
3.92
0.57
0.81
0.57
2.48
3.28
0.63
4.35
1.77
0.55
3.99
4.37
1.4
3.16
0.42
3.7
0.28
1.58
3.29
2.02
0.53
3.77
1.17
3.7
3.7
0.29
3.94
0.54
4.08
3.49
0.65
2.9
3.72
3.97
2.78
1.55
0.27
2.04
0.48
2.75
2.07
3.7
4.6
0.71
2.85
2.2
4.39
0.16
1.14
1.53
0.65
0.18
2.7
2.34
2.98
0.69
2.55
0.32
0.49
2.82
0.85
1.38
0.77
4.12
2.17
3.34
3.62
3.95
2.73
4.3
1.25
1.53
1.57
3.65
1.51
3.41
4.15
3.5
3.93
2.35
0.27
1.04
1.96
0.69
4.72
0.06
4.82
2.19
4.16
3.17
2.62
2.39
0.37
4.53
4.07
4.41
1.54
1.09
3.69
1.06
0.74
4.16
0.34
0.63
2.95
4.82
0.23
1.53
1.56
4.36
0.68
1.42
4.24
3.97
1.7
0.57
2.64
2.1
0.15
3.81
1.6
3.66
4.6
0.45
4.07
4.21
1.99
2.45
4.85
0.39
1.36
3.63
4.46
4.25
0.02
2.61
3.14
0.6
0.63
4.34
3.8
2.02
4.04
2.06
0.75
1.53
1.61
0.17
4.13
0.08
4.47
4.46
1.54
2.38
1.24
3.18
1.38
1.02
4.48
0.04
2.86
1.35
3.29
3.74
3.41
0.76
4.94
1.95
4.15
2.97
3.43
1.64
0.56
2.21
3.65
1.47
2.94
2.64
4.78
3.26
3.71
2.29
2.36
0.25
3.47
1.41
1.59
3.96
0.33
3.33
1.39
2.58
2.69
2.86
0.04
1.38
2.55
0.87
2.03
4.95
3
3.85
0.86
0.85
1.17
1.03
0.84
0.75
0.75
4.83
2.79
5
1.72
3.8
1.41
1.66
0.74
0.41
1.7
3.32
4.32
1.85
2.32
4.95
3.23
0.08
2.95
2.66
3.56
4.62
0.26
0.5
0.03
3.74
0.11
1.58
4.29
0.89
3.07
3.3
0.81
4.95
0.19
2.51
1.08
1.12
3.61
1.02
4.37
3.8
4.73
0.95
2.46
0.97
1.96
3.06
4.36
1.36
4.02
2.83
1.84
4.09
2.14
0.86
4.72
0.55
1.55
0.24
2.02
4.66
0.5
1.44
3.98
1.48
2.54
0.86
2.38
0.53
2
0.14
1.02
2.52
4.44
0.96
2.94
1.63
1.56
3.08
2.78
0.18
3.06
1.01
1.16
0.56
3.83
0.16
1.79
3.37
1.32
2.2
2.96
1.86
1.39
1.88
4.05
3.42
0.85
4.06
0.61
0.45
1.74
0.74
3.31
4.7
4.98
1.51
0.6
1.18
3.74
2.29
2.42
2.18
1.09
4.41
2.22
1.41
4.44
4.22
4.82
0.2
2.94
4.8
1.7
3.38
4.53
3.94
4.8
4.69
0.48
3.91
3.17
0.32
0.13
0.97
3.95
1.74
2.43
0.49
1.88
2.91
2.63
4.38
4.17
2.14
2.65
2.98
4.38
4.77
3.29
4.49
3.55
0.61
4.62
0.63
4.13
0.69
4.17
4.42
3.53
2.69
0.76
3.94
0.89
3.31
4.44
1.39
4.71
0.94
3.62
4.76
0.89
1.88
3.97
0.42
4.65
4.35
3.13
2.99
1.74
2.35
2.7
3.52
0.14
4.85
3.09
4.88
2.49
1.5
3.99
1.95
1.62
1.43
0.33
4.88
0.13
4.65
1.31
4.53
0.89
0.79
3.64
4.01
3.68
0.4
1.03
5
0.7
2.77
3.98
3.88
0.61
1.78
0.51
4.29
2.21
1.34
0.65
3.5
3.16
0.81
1.29
1.67
3.1
4.83
4.57
0.8
3.81
3.41
0.29
3.54
4.21
2.39
0.48
4.86
1.11
4.62
3.72
0.94
4.72
2.83
0.48
4.25
0.69
0.1
1.2
3.59
0.92
0.03
2.54
3.49
0.26
4.08
2.92
4.11
4.67
0.79
2.89
0.23
4.88
3.4
2.54
3.86
0.21
3.92
2.66
3.08
1.91
2.65
0.48
2.01
4.9
0.6
0.39
3.27
3.01
2.1
2.84
2.44
3.62
0.66
4.5
4.71
1.22
3.39
4.48
0.95
0.34
3.57
2.23
4.37
1.48
0.32
1.29
0.15
1.66
1.17
3.76
3.91
2.95
1.68
2.62
3.84
4.97
0.09
0.3
3.85
0.41
2.29
3.25
3.97
0.65
2.18
3.06
0.14
1.15
0.57
2.98
1.32
3.28
0.51
2.58
4.25
1.07
1.72
0.97
3.46
4.74
2.21
2.09
3.48
4.34
1.2
0.63
2.78
0.48
1.26
4.2
0.16
4.26
3.25
2.28
4.76
2.05
0.37
4.35
2.35
0.08
2.51
1.44
0.58
2.39
2.17
3.9
2.96
3.28
2.58
1.06
2.48
2.65
4.01
1.8
0.16
0.42
4.23
4.33
0.11
2.34
3.17
2.2
3.77
0.45
1.48
2.86
4.27
0.32
3.82
3.12
1.92
3.21
2.81
4.42
3.57
4.96
3.83
1.17
1.01
4.96
0.06
2.19
2.21
0.2
1.97
2.93
1.18
4.8
3.64
3.45
4.48
2.05
0.28
1.73
0.93
4.18
3.5
0.06
2.71
4.76
3.56
0.64
3.1
0.58
2.85
4.89
4.88
0.63
4.12
0.3
1.01
1.76
4.6
2.56
0.56
2.78
4.38
4.53
4
2.36
0.11
2.78
3.07
3.78
3.73
2.69
4.93
2.5
3.61
2.49
1.02
4.87
3.65
2.84
1.59
0.58
4.51
4.2
5
1.9
0.44
1.9
3.21
1.05
1.74
3.86
3.03
2.85
2.09
3.03
4.96
1.89
3.36
2.56
2.82
2.8
4.73
3.99
3.74
0.36
4.16
4.35
1.3
2.6
0.21
1.62
3.59
2.44
4.38
0.85
4.95
0.85
2.82
1.18
2.99
0.55
0.04
2.97
0.05
3.33
2.79
3.91
1.31
4.62
2.95
0.77
1.62
1.83
3.63
0.23
1.03
3.59
1.86
2.05
4.44
1.41
2.34
3.96
2.47
0.49
3.13
1.37
3.18
0.21
3.08
2.76
0.86
4.14
2.47
0.87
1.94
2.33
4.5
3.84
1.92
3.63
2.06
2.95
0.65
0.62
4.06
0.52
3.34
1.68
1.18
0.71
2.58
4.93
1.12
0.6
1.06
3.15
2.17
4.59
0.93
4.18
3.8
0.49
1.54
2.64
3.19
5
1.14
3.19
1.29
4.17
2.57
4.15
3.59
3.16
1.27
4.73
0.71
3.21
1.91
4.07
2.94
1.16
3.58
2.34
1.57
3.03
0.24
1.67
0.31
0.04
2.8
1.96
1.76
0.12
1.5
1.92
0.55
2.8
0.51
3.45
2.44
1.03
1.1
2.05
3.61
2.44
2.57
1.34
1.51
4.6
2.6
1.2
1.3
4.3
2.4
1.95
0.46
4.02
3.6
2.24
3.48
0.17
2.75
4.47
3.72
2.91
4.15
4.72
0.46
3.16
3.26
0.32
2.64
1.53
2.57
1.61
0.42
0.58
2.13
2.64
2.6
1.14
0.58
2.86
2.79
1.11
1.49
2.73
2.55
1.48
2.29
3.79
1.87
3.17
4.17
3.61
3.88
3.82
0.55
2.02
0.81
2.52
1.3
1.56
4.45
4.99
3.13
4.16
1.98
1.99
4.14
2.85
4.37
0.56
4.32
3.33
2.96
1.74
0.25
4.91
1.49
0.09
1.28
3.77
2.31
2.41
0.08
0.43
0.77
3.39
0.67
1.65
3.45
1.08
2.81
1.9
4.4
1.58
4.99
3.47
4.96
2.54
4.9
1.48
1.43
3.09
2.64
3.73
0.58
3.13
1.39
4.03
2.24
4.3
4.07
1.08
2.55
0.54
0.64
4.42
0.3
3
2.63
4.01
4.23
0.77
3.86
2.32
2.14
4.65
4.68
3.67
3.96
1.07
4.41
2.82
0.83
3.09
2.19
1.04
1.46
4.79
3.22
3.31
1.04
0.3
2.89
1.86
4.67
2.65
4.93
4.46
0.36
1.74
0.41
4.75
0.86
1.03
4.65
4.65
0.72
4.74
2.22
3.68
3.45
2.44
4.9
3.85
3.09
4.53
0.45
4.72
0.29
1.82
2.51
0.94
4.44
4.08
0.18
2.43
4.63
4.14
4.29
4.51
1.55
2.86
3.71
0.56
4.04
1.75
1.21
1.87
0.34
4.43
3
2.51
3.08
1.29
3.3
1.92
0.74
1.69
0.01
0.58
4.9
1.82
4.75
4.03
4.53
0.58
0.7
0.56
0.65
0.89
2.05
0.54
4.22
1.99
4.77
1.51
0.96
3.55
2.28
4.81
0.09
4.67
2.92
2.15
1.8
2.66
1.06
2.15
3.82
2.23
0.22
3.47
2.66
2.33
4.21
4.49
3.82
3.28
4.2
2.86
1.19
4.3
1.44
4.13
3.11
2.85
2.52
3.65
1.51
3.68
0.13
3.12
0.24
3.89
3.42
4.11
3.7
2.23
0.25
1.53
2.77
0.1
1.74
1.27
3.69
4.92
3.02
0.88
3.67
3.17
3.77
1.11
0.11
3.1
2.18
0.62
3.49
3.14
4.28
3.57
0.9
3.5
1.56
4
2.36
1.92
4.02
0.29
2.93
3.21
1.28
1.63
1.31
4.34
1.36
3.38
2.02
3.79
0.69
1.65
1.15
1.21
0.66
3.63
0.15
1.74
4.87
0.96
4.92
0.65
2.96
4.25
0.11
4.3
1.08
3.29
4.03
1.42
4.8
1.19
0.59
3.45
2.96
1.58
2.14
0.27
1.86
1.91
2.38
0.43
2.03
2.92
0.86
0.23
0.14
3.53
4.87
2.64
1.83
4.17
4.88
1.77
3.54
4.9
2.76
4.41
0.04
4.62
1.06
3.66
0.58
0.51
3.96
0.97
2.05
3.97
3
1.85
2.93
2.75
4.44
2.22
4.87
3.92
1.23
2.8
4.72
0.83
1.33
0.08
4.11
4.77
4.71
3.2
3.57
3.15
3.11
2.65
2.53
3.41
1.62
4.17
0.41
0.82
2.84
3.3
0.8
2.89
0.87
4.45
3.87
3.76
0.83
2.74
0.82
3.73
3.3
0.07
0.07
2.44
4.36
1.2
1.89
0.3
4.79
1.71
4.57
2.32
0.97
0.27
0.08
0.03
2.41
1.19
3.9
4.73
2.35
3.12
2.23
2.8
3.06
4.32
4.19
3.76
4.13
3.21
0.22
2.31
4.56
4.31
4.79
0.78
2.4
4.88
0.98
0.85
1.33
1.57
3.92
2.25
4.24
4.92
4.02
4.9
4.89
4.26
2.64
0.29
2.62
4.28
4.15
1.86
1.49
3.37
3.94
3.05
1.57
3.46
0.27
2.77
1.19
0.5
3.07
1.74
1.8
3.21
2.5
1.74
4.76
1.05
1.66
1.57
2.6
3.96
4.41
1.82
2.24
0.04
3.81
2.93
2.69
2.31
2.96
2.43
2.72
0.74
2.66
0.87
2.18
3.69
4.61
3.34
2.47
4.6
4.72
2.59
3.48
0.13
0.74
3.29
3.03
4.81
4.55
1.93
1.89
2.78
1.53
0.05
3.31
4
3.44
3.07
2.59
1.28
4.37
4.48
1.79
3.81
0.94
1.76
1.1
1.04
1.85
3.06
3.38
3.89
2.43
2.86
1.4
1.19
4.76
4.59
4.03
4.3
0.61
4.17
4.62
2.22
3.67
4.28
1.61
3.97
4.11
4.43
2.49
4.09
1.1
0.41
0.38
4.48
2.4
3.39
4.28
4.09
0.51
2.73
3.18
0.52
2.54
3.1
2.79
0.97
1.55
4.95
3.13
4.16
4.17
3.23
3.53
1.68
2.94
3.32
0.63
0.48
4.36
0.29
0.28
2.17
2.83
2.41
1.07
1.78
2.05
3.3
2.15
1.98
4.73
3.18
0.81
0.15
4.4
4.28
4.59
4.58
1.8
3.28
3.12
2.54
0.71
4.41
1.99
2.5
0.37
4.2
1.36
2.22
1.09
0.01
0.17
4.79
3.4
2.66
4.07
0.43
4.16
3.02
4.7
0.46
2.22
1.71
0.92
0.74
4.49
4.49
4.53
0.87
4
2.18
2.17
2.29
4.3
3.88
4.11
3.94
3.31
2.61
0.09
0.78
3.58
1.39
0.09
3.61
0.54
1
2.66
2.84
2.57
4.08
0.94
3.7
3.92
2
4.7
4.41
1.32
3.87
2.05
4
1
1.23
1.26
1.13
2.09
2.38
4.18
2
4.5
1.93
1.64
4.48
3.97
3
1.78
1.99
3.69
4.48
0.26
4.33
1.17
1.79
4.59
3.11
0.76
3.61
3.86
1.08
3.01
4.42
3.21
0.76
1.78
4.19
1.61
3.22
4.35
1.26
0.85
4.58
2.92
1.35
0.82
1.99
3.35
3.8
0.64
3.51
4.75
4.83
2.97
0.66
1.86
2.61
2.17
0.45
1.15
2.6
2.33
4.97
0.2
0.71
4.2
4.14
4.05
1.58
0.44
0.1
0.68
3.1
3.85
3.96
2.12
1.96
4.8
0.99
3.23
4.08
0.2
4.71
0.68
1.3
2.93
0.86
0.45
2.79
1.43
0.02
4.2
0.43
4.44
2.6
3.8
2.04
3.21
3
1.56
4.9
3.85
2.98
