0.75
2.75
2.78
0.72
2.53
0.61
4.62
0.17
4.98
0.63
2.49
1.18
3.75
4.87
4.71
4.79
2.46
2.62
2.43
1.64
3.65
3
0.04
4.18
1.49
2.09
2.95
3.04
3.97
2.18
0.73
0.79
0.35
2.51
0.51
0.29
4.16
2.98
4.25
2.22
3.94
0.99
0.11
4.47
2.19
3.14
4.84
0.06
2.45
2.71
1.34
1.85
2.93
2.9
4.29
3
1.17
1.75
3.28
1.88
2.93
1.68
2.94
1.25
2.45
2.87
4.81
3.47
2.03
1.31
1.15
2.22
1.15
0.38
1.47
1.07
1.6
0.35
3.51
0.71
3.69
3.1
3.38
1.58
1.04
4.31
1.99
2.65
0.47
1.24
1.04
4.44
4.43
3.84
1.17
4.69
2.71
1.9
4.17
1.97
2.1
2.69
1.81
1.91
4.47
1.99
3.23
3.42
0.22
1.06
1.26
2.66
0.25
3.61
3.8
1.56
0.54
4.15
4.36
1.67
4.36
2.14
3.7
4.48
1.53
4.06
4.75
2.24
1.85
2.62
4.34
2.17
3.11
0.83
3.17
1.99
4.28
3.46
1.36
4.96
0.09
4.46
1.9
3.43
4.18
2.93
1.36
1.39
1.68
1.56
1.53
1.29
3.01
3.64
2.38
4.28
0.86
1.74
3.44
0.19
3.09
3.28
1.59
0.68
2.55
4.88
2.31
2.54
0.26
0.89
2.76
3.02
0.2
0.93
4.54
4.77
3.46
2.52
0.37
2.85
1.7
0.17
1.84
1.26
1.22
0.85
1.84
0.46
1.58
0.06
1.13
0.67
2.36
1.65
3.39
3.08
1.67
2.01
4.36
2.25
3.21
0.65
4.29
0.57
3.76
4.64
3.97
1.97
4
4.15
1.25
0.92
1.24
3.63
3.51
4.53
1.3
2.58
0.13
0.76
3.25
3.84
2.9
1.15
1.19
0.51
3.2
0.7
3.77
1.89
0.41
1.1
1.42
0.54
4.45
4.71
1.65
2.95
2.28
3.38
4.5
2.28
0.64
4.77
2.14
2.94
4.29
0.36
3.67
4.1
2.17
3.17
1.32
3.58
0.25
4.68
3.73
4.6
2.64
0.13
0.74
1.41
4.99
0.45
3.29
3.4
3.09
4.85
2.84
2.06
3.85
0.23
1.49
3.48
0.74
1.41
1.23
2.25
3.12
3.22
3.97
1.35
4.33
0.84
3.21
4.77
1.82
0.16
4.52
4.9
1.39
4.54
0.41
4.48
1.71
4.82
1.54
4.61
4.34
2.08
0.86
2.98
3.44
2.99
0.02
0.22
3.88
3.97
0.22
1.84
3.74
3.08
2.53
2.06
1.65
3.53
4.51
0.16
0.5
3.55
4.44
0.02
1.97
0.23
1.96
0.49
1.56
0.11
2.65
0.85
0.39
2.59
0.58
2.26
4.83
4.78
3.55
2.75
3.84
4.68
0.9
3.5
0.1
0.99
0.75
1.58
3.05
0.21
1.61
2.25
3.58
0.19
2.05
2.06
3.61
3.52
3.1
3.3
3.91
0.09
2.48
2.45
2.81
0.01
2.14
0.65
2.52
1.68
2.19
2.25
4.64
0.91
3.04
1.77
1.05
2.69
0.92
4.96
2.3
0.66
0.06
4.43
3.86
1.08
2.28
2.85
1.83
4.35
2.58
2.26
0.95
4.15
0.95
4.95
3.19
3.48
2.58
4.78
1.9
0.9
4
0.58
4.81
4.27
1.22
0.51
2.77
2.49
2.89
1.28
1.86
3.09
4.98
4.79
1.69
0.07
1.8
0.18
0.75
2.83
4.75
3.02
4.87
0.22
0.14
4.71
3.19
0.66
1.01
4.71
0.99
0.53
1.15
3.84
0.08
1.83
0.81
1.82
2.48
1.72
2.21
1.83
2.19
0.09
1.98
0.53
1.83
4.07
1.51
3.41
1.87
0.57
3.3
4.84
4.98
4.06
4.18
2.79
2.75
1.13
1.15
1.81
0.91
0.09
1.43
0.08
1.22
0.93
3.11
0.9
4.02
0.65
4.67
0.2
4.41
3.8
1.36
2.49
0.75
4.06
1.25
4.43
3.72
3.7
1.14
2.53
0.67
0.19
3.1
0.59
0.05
1.41
2.46
1.53
0.8
3.5
2.38
3.33
2.72
3.51
2.75
0.14
0.76
4.52
3.29
1.15
1.19
2.53
4.68
3.71
0.43
1.49
2.61
1.76
3.93
0.76
0.22
4.58
0.41
2.57
2.22
3.12
1
4.16
1.13
3.03
2.1
1
1.05
4.52
4.39
3.75
4.79
3.68
2.14
0.87
1.29
0.18
1.32
2.48
4.53
4.6
1.07
1.47
1.41
4.69
0.07
3.67
0.71
1.67
0.46
4.54
2.7
4.03
0.95
3.73
0.72
3.25
2.46
0.53
3.66
1.5
3.1
2.45
3.77
4.59
1.96
4.02
0.46
0.89
2.46
4.89
3.55
0.34
4.04
2.19
4.7
1.17
0.31
3.98
2.05
2.17
3
3.45
0.69
4.86
4.47
3.04
1.5
4.41
2.13
0.16
2.32
0.14
0.81
3.02
3.29
2.4
1.78
2.62
2.61
3.42
4.16
4.51
0.88
2.01
0.18
4.66
0.5
2.11
0.02
2.36
4.35
4.15
4.4
2.05
3.58
1.68
4.79
2.45
3.26
0.86
2.86
4.57
3.56
4.87
2.17
0.55
4.1
4.13
1.72
1.98
2.62
4.67
0.87
4.57
0.03
3.3
1.92
0.52
4.15
4.99
3.16
0.61
1.39
4.34
3.4
2.32
2.92
0.77
4.46
1.12
4.6
0.86
1.44
2.1
3.14
2.45
2.74
0.46
2.08
2.74
2.67
1.74
2.1
3.03
3.79
4.88
3.16
1.99
4.99
1.6
2.53
0.04
1.74
0.35
3.16
1.78
4.08
3.61
0.84
1.49
3.02
0.51
2.96
2.18
0.82
2.66
0.08
4.47
3.07
1.48
3.82
3
2.1
4.15
0.4
1.11
0.37
1.82
4.88
4.74
0.05
0.14
4.81
0.34
3.88
4.91
4.52
4.85
1.41
1.11
0.27
4.01
4.84
2.48
2.91
0.63
2.5
2.98
5
0.27
3.68
3.05
0.23
2.45
0.93
0.43
4.95
2.92
2.51
1.48
0.27
0.59
0.93
3.9
2.43
0.55
2.96
3.24
0.22
3.99
3.33
3.33
0.63
2.19
0.01
3.23
0.18
4.54
2.54
0.76
0.06
3.39
0.42
1.38
5
0.58
0.38
2.77
0.48
3.62
4.8
3.51
0.54
0.83
3.54
1.27
1.49
2.7
0.08
4.58
3.06
1.39
1.29
1.26
1.14
2.88
2.85
1.62
1.21
0.37
4.98
4.4
1.04
0.36
2.01
1.88
3.07
3.7
1.69
4.25
3.55
4.9
0.61
1.37
1.63
3.26
2.21
1.34
3.47
1.82
4.41
3.7
2.28
0.11
4.61
0.21
1.17
3.71
2.86
1.38
4.63
4.61
2.51
0.76
2.96
4.97
1.69
2.44
4.62
2.27
2.62
0.23
0.93
4.43
0.12
1.77
4.53
3.38
2.89
3.39
1.8
1.9
4.82
4.86
0.9
2.63
1.62
1.8
3.28
0.35
4.21
4.81
0.82
2.45
3.57
1.02
1.39
1.98
4.84
0.63
1.11
4.74
4.89
2.98
2.38
2.87
0.97
3.55
2.23
3.41
2.73
1.76
1
1.93
2.61
2.29
0.12
2.74
4.96
1.1
4.51
1.54
2.03
2.66
2.47
1.77
3.34
2.97
4.4
4.75
0.17
3.72
0.03
2.86
2.67
3.59
3.64
3.35
3.18
0.7
1.22
3.97
1.49
0.14
3.91
1.9
0.21
4.74
1.79
3.15
3.95
1.12
3.03
1.32
2.81
2
0.55
3.85
4.16
1.25
2.98
2.01
2.23
3.87
4.44
1.03
2.99
4.06
2.32
4.48
3.37
2.05
0.54
1.97
4.58
1.35
0.77
1.99
1.76
3.97
3.52
3.98
1.38
0.31
4.82
0.76
4.73
2.39
2.7
3.44
3.52
1.39
1.96
2.47
2.51
1.57
4.54
2.26
0.55
0.06
4.79
0.98
4.27
2.56
3.03
4.04
3.22
0.49
0.95
1.22
3.46
3.05
0.72
1.99
2.14
2.41
1.8
0.36
1.42
2.2
0.99
3.87
4.93
0.24
2.7
3.95
0.21
4.85
4.19
1.97
2.88
3.58
0.73
3.86
1.1
1.63
1.05
0.46
3.09
4.88
2.73
0.34
0.38
2.12
0.49
0.8
2.05
0.38
3.17
2.18
1.65
2.44
0.49
2.18
1.39
0.68
0.13
0.78
3.41
4.09
4.65
4.57
1.39
1.4
0.53
2.19
5
1.76
1.14
3.06
2.09
2.23
4.51
3.84
2.41
2.51
3.97
1.91
0.45
1.55
1.27
0.02
3.44
0.8
1.09
4.43
0.94
4.03
2.91
3.82
2.63
0.07
1.92
3.27
3.48
3.81
2.84
3.83
0.7
4
2.01
1.87
3.89
2.66
2.34
3.56
1.11
0.49
2.57
1.36
3.73
3
2.23
1.79
3.73
0.63
2.68
1
4.98
4.15
4.58
1.66
4.77
0.5
3.27
4.1
0.91
1.79
3.73
0.25
0.58
3.32
1.41
3.35
2.16
4.75
1.6
4.32
0.42
2.65
1.19
3.67
0.28
3.87
4.46
3.61
0.1
0.75
1.92
4.15
2.01
3.12
3.69
3.05
4.75
2.71
1.57
1.6
4.13
3.94
1.89
1.57
1.14
4.8
1.11
0.5
3.28
4.44
1.98
3.77
4.36
0.92
1.76
0.96
1.11
1.52
4.82
3.17
4.27
0.31
4.81
3.5
0.33
2.1
4.23
2.8
4.6
2.51
1.29
1.85
3.89
4.05
3.18
3.72
1.31
0.27
4.38
2.91
2.44
2.56
2.37
1.88
2.37
3.78
2.63
2.44
4.97
2.42
4.76
1.69
2.32
0.89
3.86
2.29
0.21
2.69
0.31
4.36
3.65
2.05
3.55
2.03
4.46
4.35
0.14
1.68
2.96
4.28
2.38
3.08
1.04
2.86
3.71
2.39
4.55
4.21
1.9
1.78
2.57
3.73
2.02
2.83
3.04
1.99
3.37
2.57
3.14
2.22
1.37
2.08
2.38
1.83
0.97
0.12
4.27
1.73
4.47
4.13
3.84
2.26
0.48
2.8
2.04
2.48
3.2
0.61
4.57
3.07
0.88
2.55
0.28
4.06
2.01
3.89
2.1
0.21
3.62
2.59
1.05
1.96
4.48
1.82
1.58
2.83
0.82
2.3
2.16
3.4
2.85
0.37
4.27
3.85
4.46
0.29
4.56
4.67
4.92
4.99
3.75
1.12
0.85
4.18
3.75
2.48
0.13
3.37
0.75
3.27
0.11
4.27
2.57
0.87
4.49
4.18
4.31
1.55
4.97
2.16
1.24
1.24
2.89
4
1.55
2.15
0.2
1.52
4.54
0.74
2.71
0.79
3.04
0.15
1.48
4.15
2.49
2.13
3.15
0.02
3.63
0.31
2.92
4.29
2.31
1.79
0.67
1.62
3.43
4.13
3.32
4.53
0.44
0.12
2.12
1.32
4.55
2.41
0.98
3.68
3.21
0.61
2.37
4.9
2.11
3.63
3.79
2.97
2.1
2.63
0.93
0.04
1.52
1.05
3.28
0.69
4.38
3.19
4.67
2.41
0.73
1.45
1.98
3.93
2.5
4.54
2.95
1.82
3.2
2.16
0.95
1.14
4.94
2.38
4.78
2.79
0.58
4.95
1.46
1.42
0.04
1.66
4.27
0.41
0.32
0.11
0.61
2.92
0.03
0.84
2.76
1.96
3.95
2.01
1.64
2.6
2.22
0.3
1.15
0.44
0.41
1.25
3.02
1.14
4.66
2.07
1.18
3.38
3.59
0.97
3.73
0.01
1.62
2.24
2.2
2.35
3.47
3.08
2.86
2.87
4.84
4.06
3.06
4.01
0.3
0.56
0.59
1.33
2.92
1.29
4.59
4.71
2.44
1.06
1.85
0.72
2.62
2.52
0.12
3.77
0.71
1.6
0.54
3.28
3.47
2.83
2.6
0.21
0.15
3.61
1.13
2.6
1.98
4.63
3.81
0.72
0.59
3.03
2.46
3.94
3.67
2.74
2.9
4.67
1.07
1.21
1.15
4.14
4.04
3.56
1.02
3.77
1.77
1.64
0.18
2.88
2.02
4.06
2.65
4.99
3.24
1.38
4.89
0.79
0.76
1.61
3.3
3.08
0.61
4.5
3.55
3.19
2.81
4.44
0.45
2.81
0.98
4.5
4.26
4.34
4.83
2.9
0.45
0.09
1.48
0.23
4.19
1.66
3.92
4.71
0.5
2.85
3.11
4.02
0.78
4.48
3.97
3.49
0.62
1.79
0.48
1.42
0.64
3.17
2.66
1.54
4.55
0.7
3.66
2.89
2.81
1.08
3.44
2.55
4.1
1.03
4.12
3.06
1.47
1.69
3.8
2.13
3.24
2.94
4.23
3.98
2.6
2.88
2.42
1.53
0.34
2.17
0.24
2.73
2.68
1.31
2.03
2.4
0.87
4.68
1.14
0.42
4.9
4.69
2.9
3.74
3.37
4.98
3.17
1.89
1.54
0.8
3.36
4.29
2.52
1.52
3.68
0.62
1.26
1.15
0.98
1.87
2.07
3.95
4.93
4.58
2.84
0.35
3.26
4.55
2.97
2.55
2.05
3.04
1.45
1.34
0.05
2.17
0.16
0.99
4.92
0.87
1.7
1.88
1.45
0.55
3.67
2.33
2.35
1.02
2.68
1.69
1.29
4.14
2.37
4.04
1.76
1.65
4.1
0.7
1.38
1.28
2.03
1.2
3.29
2.41
0.93
3.85
1.91
0.98
0.16
4.37
1.73
4.18
2.63
0.73
1.3
0.4
0.05
3.97
2.11
0.28
3.57
1.89
1.86
0.13
4.42
3.17
3.7
4.74
4.82
3.31
1.02
4.16
2.88
1.1
1.98
3.87
3.23
0.21
1.67
4.18
2.3
1.9
1.7
4.44
3.05
1.02
3.34
2.16
1.31
2.94
0.66
4.97
2.94
0.3
0.77
4.63
4.04
3.47
3.27
0.36
1.28
2.58
1.29
2.38
4.58
4.7
4.37
0.15
2.88
1.66
3.03
4.54
3.31
3.07
2.77
2.89
2.86
0.11
3.44
3.54
4.57
0.86
4.35
4.9
4.92
2.38
4.64
1.32
0.94
4.31
0.52
1.83
3.79
1.61
1.24
2.35
4.02
3.05
2.6
0.37
4.43
3.42
2.26
0.49
0.22
0.73
4.35
3.65
2.96
2.2
3.59
4.67
0.35
3.37
1.08
4.04
0.18
3.03
2.14
1.07
4.57
3.02
3.27
3.69
3.7
3.86
0.24
2.46
1.06
0.09
2.87
2.09
0.55
4.45
1.68
4.68
4.72
3.11
0.84
3.78
4.43
3.83
4.43
2.35
3.21
2.97
3.42
2.45
4.21
3.51
3.47
3.83
4.96
3.34
1.31
4.84
2.48
3.71
2.37
0.48
3.93
3.84
4.96
1.95
3.27
0.4
1.49
1.23
4.85
4.21
4.59
3.74
4.76
1.42
0.76
4.03
0.62
4.96
4.88
1.28
0.03
3.96
2.86
3.48
1.86
0.48
3.28
3.15
2.76
4.84
3.28
3.72
0.34
3.22
0.15
1.88
0.75
3.6
2.93
0.55
4.33
0.07
2.13
4.95
1.81
4.59
1.25
1.52
1.68
4.77
2.38
1.58
2.02
2.6
4.47
0.67
1.86
3.04
2.75
4.94
2.4
3.78
3.33
1.88
0.19
4.14
3.59
2.71
2.45
1.67
2.15
3.07
0.59
3.33
3.92
4.95
4.85
2.35
0.22
4.65
2.81
4.17
2.95
3.89
2.89
3.34
0.65
0.12
2.51
2.55
0.08
1.14
2.18
3.47
0.42
2.75
0.87
3.76
0.18
2.22
4.43
3.84
3.63
4.37
0.01
3.32
3.81
3.18
2.59
0.51
1.08
3.36
2.08
0.52
3.71
4.67
0.66
0.02
3.7
1.36
3.31
4.58
2.91
4.19
1.79
1.29
1.82
4.41
2.69
0.78
3.07
0.12
2.47
3.36
4.99
1.88
0.86
1.72
2.72
0.71
0.9
1.53
0.19
0.61
2.52
2.65
1.13
3.13
0.52
4.53
4.23
0.82
1.64
3.87
4.94
3.05
4.22
3.75
4.9
1.13
0.9
0.86
3.84
2.86
4.88
4.67
1.03
2.69
0.23
1.81
2.66
0.34
0.84
4.58
0.74
0.22
2.28
1.12
2.85
1.34
4.2
2.56
0.74
3.52
3.87
0.31
4.47
0.1
0.07
0.46
4.61
1.72
0.93
2.84
1.68
0.86
1.33
4.13
0.85
1.7
4.96
0.19
0.14
4.04
4.14
1.14
2.13
2.02
3.14
3.27
0.12
2.85
1.22
1.66
3.74
3.36
3.01
1.41
0.52
0.76
3.21
0.12
1.22
4.44
1.04
1.98
1.58
4.45
3.57
2.36
3.12
2.83
3.37
2.9
0.75
4.69
3.58
1.13
3.03
1.58
1.47
3.62
2.35
1.76
3.41
2.02
3.83
2.34
1.06
1.86
2.45
1.89
0.84
1.04
3.05
2.21
2.58
4.43
4.16
3.61
2.08
4.84
1.09
4.14
1.63
2.51
1.83
2.29
3.79
3.26
1.07
1.35
4.55
1.41
3.56
4.78
1.71
0.11
0.53
1.65
4.08
2.91
0.64
0.25
2.09
2.8
0.54
1.37
1.88
5
2.39
3.37
3.02
4.23
0.61
4.04
4.02
4.31
4.99
2.09
2.55
4.79
1.52
4.51
3.02
0.41
3.01
1.43
3.48
4.51
4.28
3.09
0.98
1.54
3.68
0.52
1.99
3.45
1.66
3.83
1.35
1.14
1.99
0.08
1.93
1.87
3.23
0.48
1.23
2.69
1.48
1.32
4.61
2.52
3.61
4.92
0.27
3.79
1.26
4.06
4.19
3.81
2.2
4.3
2.88
0.78
3.92
4.8
2.12
0.51
3.72
1.89
0.63
1.78
2.55
3.98
1.31
3.76
0.26
2.02
3.19
0.23
0.25
2.03
4.6
2.08
1.58
1.31
2.54
3.67
3.56
1.06
2.63
3.11
1.45
4.69
4.88
0.55
4.15
3.92
1.42
1.71
4.76
0.12
3.98
2.46
0.49
0.08
3.39
0.33
4.73
1.55
1.31
3.75
2.08
1.88
0.59
2.47
3.15
3.61
4.88
0.72
4.66
0.04
4.01
2.43
4.95
1.73
0.66
2.8
1.9
2.88
4.88
0.05
2.86
0.99
4.53
3.04
0.42
0.79
4.05
3.66
2.66
4.26
4.12
4.84
3.22
4.2
3.08
2.78
1.77
3.85
1.3
2.39
1.8
3.3
0.87
3.22
3.59
1.12
4.5
1.52
3.52
2.88
4.61
2.83
3.4
2.65
1.77
1.13
0.97
1.66
2.9
3.33
0.6
4.27
0.5
3.19
0.71
1.76
3.27
3.04
4.53
3.05
3.61
3.51
3.64
0.29
1.06
0.94
0.17
3.04
2.94
3.33
1.07
2.06
2.98
0.15
0.06
3.33
0.77
4.56
2.22
2.06
3.91
2.84
0.97
3.34
4.55
4.13
3.86
1.7
4.43
4.34
0.25
1.26
0.57
4.45
1.66
1.03
4.21
0.14
0.27
1.34
2.26
4.78
4.46
0.71
2.91
0.76
0.11
3.89
0.53
3.93
0.74
4.03
0.76
2.19
1.89
1.67
3.84
3.21
4.44
1.54
1.66
2.29
4.18
4.99
3.22
0.92
0.1
3.6
2.98
2.13
0.99
3.71
1.37
3.46
3.12
0.07
3.07
3.31
1.88
3.38
3.56
0.4
3.91
4.64
2.2
3.73
0.45
0.45
1.92
2.95
1.14
2.86
0.53
0.33
1.37
1.37
0.8
0.17
2.37
3.78
0.51
2.03
2.74
4.82
0.39
1.92
3.24
1.56
0.25
1.29
0.93
1.45
1.34
1.52
0.98
0.43
2.8
2.08
1.85
0.13
3.35
1.46
0.42
1.25
0.49
4.33
4.08
0.97
3.24
4.3
0.98
2.8
4.79
4.8
1.77
4.49
1.65
3.85
0.05
0.01
1.53
2.65
2.78
1.19
2.53
1.58
0.3
4.75
0.83
3.38
2.53
1.3
2.3
0.67
3.53
3.13
1.97
1.29
0.42
0.88
1.89
3.95
2.76
0.39
1.74
4.11
1.41
3.07
2.44
0.94
0.46
1.96
4.87
3.59
2.59
1.91
3.62
0.47
3.26
2.56
2.92
3.11
4.11
3.99
1.78
0.7
4.95
3.38
2.26
3.27
0.96
1.37
3.93
4.32
3.25
0.83
3.07
2.07
3.54
3.76
3.11
3.75
1.63
4.9
4
1.75
1.65
5
2.18
3.48
1.31
1.01
0.7
2.43
0.74
4.27
0.96
4.46
2.14
1.66
0.09
2.72
1.38
2.22
4.88
3.52
0.61
4.63
1.73
2.6
4.04
1.79
1.5
0.86
0.9
0.04
0.68
3.4
1
1.37
2.94
2.92
1.08
3.03
4.05
2.23
1.85
0.6
4.26
1.12
0.18
3.02
1.85
2.75
4.79
3.81
2.76
0.51
2.07
4.77
1.82
2.25
0.59
1.69
0.64
4.71
3.35
0.96
4.5
1.79
1.8
1.42
4.23
3.01
2.84
4.52
3.07
3.98
4.55
4.22
1.49
4.66
1
2.71
