UCP
1072,0402076793
1040,5080666327
1032,8361160456
1027,2987820278
1024,1727417691
1022,4637659032
1021,2956551777
1019,3027001547
1018,2501481568
1017,6979646258

Cocomo
198.50099235542,10
204.4967005751,20
200.011748591,30
199.33065043991,40
206.38314895749,50
210.23418116775,60
204.27855105737,70
209.86622363235,80
207.80184457838,90
214.95236257029,100

Agile
31.395144235331,10
35.993362286431,20
29.136235380886,30
31.023338115758,40
36.589127059634,50
33.867579143575,60
30.576499435429,70
20.96225787328,80
30.012820793146,90
33.749534129072,100

Convergence UCP 250
1066.0080302067,1
1049.9704354014,2
1036.1000448101,3
1028.9250907351,4
1026.7738817051,5
1024.0435274132,6
1021.8856581061,7
1021.0627517737,8
1020.8469589107,9
1021.0342373207,10
1019.8917423309,11
1019.5268710873,12
1019.453978142,13
1020.1781318377,14
1019.1296990634,15
1020.333756651,16
1019.2734804758,17
1018.8420095948,18
1020.3325972266,19
1019.5788415621,20
1019.6584475502,21
1018.5992734251,22
1018.7337762572,23
1019.1237670549,24
1019.0560845345,25
1019.3403417108,26
1019.3722654128,27
1017.8713862061,28
1019.0629121044,29
1018.1318337686,30
1018.2437884474,31
1018.7798007335,32
1018.4593506333,33
1018.2641685083,34
1018.7757944187,35
1018.3594982687,36
1017.7781892413,37
1017.6982431199,38
1018.4984020161,39
1018.0260674765,40
1018.3148283009,41
1017.9970287483,42
1017.4534382667,43
1018.0966911168,44
1018.3488178892,45
1017.9830891729,46
1018.350834738,47
1018.6252463327,48
1019.0403686015,49
1018.8754069512,50
1017.7918619721,51
1017.9681689487,52
1018.528832566,53
1017.764540243,54
1018.2437892526,55
1019.034943069,56
1018.4464780557,57
1018.4652192426,58
1017.5088749556,59
1018.3787968005,60

Convergence COCOMO 40
538.78390962523,1
492.42141111915,2
475.74258725085,3
417.35961916929,4
401.79673050673,5
380.61249683363,6
362.93840463802,7
357.4559995464,8
339.68142872341,9
328.0966278874,10
297.78122450895,11
290.87237568992,12
288.50532692356,13
281.78308483096,14
287.87795891502,15
269.06687456269,16
268.23623328211,17
265.01970210839,18
252.62582880946,19
254.84369240772,20
250.67685649612,21
244.18999095199,22
241.6823877317,23
231.64979365302,24
234.22777288537,25
222.87056745687,26
231.18176665052,27
219.40270155083,28
234.30232911696,29
230.19955372601,30
232.44997446105,31
224.8803266109,32
220.73971119962,33
219.61441598916,34
218.43133109885,35
212.99786065144,36
209.54517127327,37
206.88706435299,38
212.31293346,39
204.22199552093,40

Convergence Agile
24.246116700064,100
42.108356851667,100
45.848944540393,100
27.981776810494,100
22.952404845217,100
28.734492831051,100
30.783250332527,100
27.543543543789,100
29.082172744917,100
28.667167396675,100
25.014131151661,100
26.480057591888,100
31.65561147073,100
38.219601231468,100
31.585219628265,100
33.21304760369,100
33.135274773976,100
28.587575838235,100
22.23432586951,100
30.189170990095,100
27.186808631231,100
29.64658306981,100
37.171353767912,100
23.436426959102,100
30.55833301569,100
31.141440551403,100
35.931427413149,100
23.930039408367,100
30.115489511535,100
28.405416274139,100
27.567823671153,100
29.132316224735,100
20.240562632873,100
30.134279869588,100
25.225791822536,100
27.379530498731,100
32.504742195963,100
29.277451238554,100
28.649820334383,100
28.219205356213,100

Evaluation on Agile function, p=100, seeds = 30
1.327415915908
1.080093261901
0.9900574999235
0.97940292808394
0.91453028201036
0.9311110616464
0.97544201838037
0.97444348742533
0.95732668924188
0.95829417291293
0.93940274377963
0.96017551661139
0.9921108537421
0.97552045193702
1.003420502839
0.99004566123613
0.97763609557985
0.94722893037766
0.93198266180801
0.90408840732659
0.90696264100873
0.91439066450172
0.90041630585934
0.9159646041118
0.92201719728369
0.91636817822399
0.90848237251528
0.89270443774764
0.89119384163706
0.88983686630363

Evaluation on UCP function, p=100, seeds = 30
1014.5167842966
1015.1283913416
1016.4926333844
1015.4554159518
1017.9859305582
1016.9772387153
1018.8431066625
1017.8991710707
1019.2684141654
1018.5239893173
1018.8074292886
1019.2412304393
1019.9377577486
1020.4810313088
1020.2678912951
1020.2770174406
1020.1984901113
1020.3534320821
1020.303094453
1020.2865737881
1020.9867811719
1020.9103526724
1020.8877385155
1021.0323418382
1021.8423516966
1021.439382029
1021.6560803879
1022.2563426199
1021.924120855
1021.9576122866

Evaluation on COCOMo function, p=60, seeds = 30
107.32675917342
162.96553198026
365.50649675931
320.56812964418
289.14723206619
112.1929935321
477.19033921528
211.31873751575
267.97263500104
283.90545542888
303.82405094307
176.044063202
225.84009610027
243.18944443958
115.43092507706
358.29265851826
395.09082268762
176.87247401568
223.62190536079
121.83655152252
337.13365541616
271.89232274474
271.52035267451
196.68704954169
297.07702671638
271.81880349702
146.37714071914
528.60490933657
115.62103714861
286.93066151737

Evaluation on Agile function, p = 10 - 2500, seeds = 30
1560,0.2659494953234
1950,0.39853457319889
2110,0.26756686366421
1820,0.27498965753316
1560,0.10589242061825
1310,0.3999693405968
820,0.2720388025643
2130,0.26762206101027
1020,0.12854599439859
1560,0.39382271572933
1280,0.39663346479166
990,0.67496374292346
1540,0.29259250000883
1500,0.66637314741714
1960,0.27325042547198
2190,0.3977235318712
1290,0.28479526455981
1980,0.39666327585325
1320,0.28636160155168
2100,0.27973970544318
1670,0.291966815437
950,0.29371476680505
1500,0.3990720373851
730,0.73923801958292
2080,0.51161148154738
2040,0.21507763239554
1240,0.51327826705833
1160,0.39839776253441
2280,0.27763266391093
0.28511077732122

Evaluation on UCP function, p = 10 - 2500, seeds = 30
81,1011
72,1010
61,1012
73,1011
53,1012
88,1010
89,1011
52,1011
83,1012
68,1010
81,1011
84,1011
96,1010
80,1010
52,1012
94,1010
90,1010
80,1010
77,1011
59,1011
62,1011
56,1010
53,1012
72,1011
119,1010
62,1013
141,1009
81,1010
89,1010
38,1011

Evaluation on COCOMo function, p=10 - 60, seeds = 30
2,179
1,202
2,167
1,281
2,110
1,261
1,111
2,136
2,251
1,133
1,237
1,119
1,134
1,253
1,187
2,171
1,358
2,123
1,251
1,148
1,205
1,227
2,244
2,129
1,181
1,236
2,174
1,148
1,440
1,119

2,190
2,176
2,166
1,296
2,99
2,341
2,124
2,141
2,241
2,110
1,239
1,128
1,161
1,213
1,160
2,171
1,360
1,128
1,252
1,173
2,212
1,211
2,283
3,104
2,177
1,172
2,171
1,160
1,444
3,114

COCOMO convergence step = 4
4,1,343
4,2,375
4,2,337
4,1,419
4,1,266
4,1,439
4,1,361
4,1,286
4,1,514
4,2,322
4,1,451
4,1,315
4,1,348
4,1,492
4,1,399
4,1,367
4,2,556
4,1,299
4,2,554
4,1,379
4,1,346
4,1,356
4,1,463
4,2,258
4,1,379
4,1,485
4,1,371
4,1,348
4,1,508
4,1,311
8,1,318
8,1,358
8,1,287
8,1,400
8,3,220
8,2,408
8,1,215
8,1,270
8,1,399
8,1,206
8,1,359
8,1,227
8,1,271
8,1,447
8,1,286
8,2,265
8,1,530
8,1,257
8,1,466
8,1,324
8,1,296
8,1,307
8,1,346
8,1,196
8,1,313
8,2,403
8,1,305
8,1,272
8,1,526
8,1,204
12,1,254
12,1,314
12,1,210
12,2,339
12,1,136
12,1,366
12,1,168
12,1,256
12,1,372
12,1,214
12,2,311
12,1,201
12,2,204
12,1,371
12,1,258
12,1,263
12,2,529
12,1,228
12,1,363
12,2,260
12,1,287
12,1,283
12,1,329
12,2,164
12,1,259
12,1,316
12,1,277
12,1,274
12,1,504
12,1,184
16,1,173
16,1,258
16,1,174
16,2,307
16,2,160
16,1,333
16,1,156
16,1,174
16,1,326
16,1,170
16,1,302
16,1,194
16,2,200
16,1,360
16,1,218
16,2,216
16,1,412
16,2,158
16,1,363
16,1,206
16,1,255
16,1,269
16,1,320
16,1,143
16,1,234
16,1,287
16,1,247
16,1,193
16,1,468
16,1,174
20,1,158
20,1,226
20,1,220
20,1,334
20,1,146
20,1,317
20,2,154
20,1,183
20,1,339
20,2,130
20,2,264
20,1,187
20,1,189
20,1,275
20,1,165
20,1,198
20,1,451
20,2,139
20,1,332
20,1,233
20,1,273
20,1,232
20,1,320
20,1,139
20,1,220
20,1,271
20,2,213
20,1,175
20,1,495
20,1,131
24,1,212
24,1,209
24,1,206
24,1,317
24,1,130
24,2,336
24,2,134
24,1,158
24,1,275
24,1,122
24,1,254
24,1,154
24,2,159
24,1,253
24,1,206
24,1,226
24,1,414
24,2,147
24,1,334
24,1,172
24,2,233
24,2,201
24,1,312
24,2,133
24,2,218
24,1,221
24,1,165
24,1,187
24,1,453
24,1,150
28,1,207
28,1,226
28,2,170
28,1,297
28,2,131
28,1,276
28,1,146
28,1,150
28,1,332
28,1,145
28,1,239
28,2,131
28,1,165
28,1,222
28,1,160
28,1,197
28,1,420
28,1,138
28,1,295
28,1,174
28,1,221
28,1,219
28,1,276
28,1,119
28,1,170
28,1,260
28,2,208
28,1,194
28,1,456
28,1,114
32,1,172
32,2,230
32,1,159
32,1,298
32,1,106
32,1,279
32,2,120
32,1,146
32,1,273
32,1,142
32,1,244
32,1,120
32,1,163
32,1,268
32,1,128
32,2,152
32,1,400
32,2,140
32,1,305
32,1,165
32,1,228
32,1,205
32,1,283
32,2,120
32,1,174
32,1,214
32,1,217
32,1,146
32,1,453
32,1,141
36,1,172
36,1,174
36,1,170
36,2,292
36,1,128
36,1,284
36,1,111
36,2,147
36,1,214
36,2,121
36,1,238
36,1,162
36,1,131
36,1,243
36,1,182
36,1,180
36,1,330
36,1,138
36,1,308
36,1,171
36,1,204
36,1,187
36,2,265
36,1,125
36,1,177
36,1,216
36,1,158
36,1,144
36,1,441
36,1,128
40,1,139
40,1,201
40,1,141
40,1,286
40,1,102
40,1,250
40,1,118
40,1,129
40,1,234
40,2,116
40,1,230
40,1,117
40,1,156
40,1,281
40,1,126
40,2,165
40,1,348
40,1,125
40,2,330
40,1,141
40,1,211
40,1,185
40,1,243
40,1,102
40,1,158
40,1,202
40,1,197
40,1,173
40,1,419
40,1,110
44,1,158
44,1,213
44,1,151
44,2,214
44,1,104
44,1,273
44,1,102
44,1,124
44,1,236
44,2,101
44,1,206
44,1,129
44,1,133
44,1,226
44,1,157
44,1,168
44,1,320
44,1,118
44,1,245
44,1,174
44,1,204
44,1,209
44,1,234
44,3,104
44,1,137
44,1,198
44,1,176
44,1,126
44,1,419
44,1,126
48,1,168
48,1,181
48,1,162
48,2,248
48,2,108
48,2,319
48,1,100
48,1,117
48,1,234
48,2,100
48,2,229
48,2,126
48,1,147
48,1,193
48,1,132
48,1,139
48,1,321
48,1,124
48,1,171
48,1,159
48,1,196
48,1,194
48,2,225
48,2,116
48,1,157
48,1,200
48,2,161
48,1,184
48,1,443
48,2,110
52,1,166
52,1,171
52,1,153
52,1,286
52,2,109
52,2,325
52,2,110
52,1,127
52,1,231
52,2,116
52,1,202
52,1,137
52,1,126
52,1,238
52,2,167
52,1,156
52,1,299
52,1,121
52,1,230
52,1,118
52,1,203
52,1,187
52,2,232
52,1,110
52,1,169
52,1,172
52,1,166
52,1,132
52,1,425
52,1,106
56,1,153
56,3,162
56,1,134
56,1,255
56,2,97
56,1,174
56,2,108
56,1,145
56,1,169
56,1,97
56,1,241
56,2,111
56,3,120
56,1,154
56,2,175
56,1,150
56,1,302
56,2,103
56,1,192
56,1,138
56,1,206
56,1,179
56,2,205
56,1,108
56,1,148
56,1,160
56,2,165
56,1,127
56,2,211
56,1,98
60,1,160
60,1,154
60,1,140
60,1,270
60,2,112
60,1,251
60,2,109
60,2,115
60,1,203
60,2,102
60,1,220
60,1,104
60,1,125
60,1,204
60,1,144
60,2,160
60,1,299
60,2,104
60,2,252
60,1,117
60,1,191
60,1,160
60,1,222
60,1,92
60,1,141
60,1,180
60,1,178
60,1,121
60,1,402
60,2,102
