7.36,10.21,14.09
5.19,8.18,13.11
5.78,9.72,13.71
6.14,11.61,13.7
5.69,11,13.19
5.78,9.14,13.93
5.13,7.7,13.02
7.43,10.99,13.01
6.03,10.68,13.34
5.29,7.83,13.93
5.81,9.84,13.2
5.66,9.03,13.66
5.48,9.86,14.81
5.5,8.9,13.72
6.03,8.91,13.48
7.01,8.84,14.51
6.35,7.81,14.68
5.28,10.87,12.54
7.23,8.25,13.87
6.03,10.37,13.06
5.99,7.55,14.87
5.48,7.7,12.64
6.47,8.36,13.54
5.66,10.03,14.78
7.14,9.39,13.48
5.54,11.44,12.97
6.65,12.23,12.5
5.14,11.6,14.96
6.47,8.42,12.63
5.47,11.84,14.2
6.72,7.52,13.86
7.29,11.13,13.68
5.72,9.46,13.8
5.41,10.2,13.78
6.29,9.83,13.6
5.74,10.57,14.86
5.52,9.37,14.25
5.64,8.52,13.66
7.32,9.02,14.1
6.3,8.58,12.78
7.43,11.82,14.58
5.64,7.56,12.85
5.86,9.24,13.33
6.36,8.05,14.6
6.23,12.07,14.89
7.22,12.01,13.32
6.96,11.97,14.97
6.23,9.08,13.71
6.03,7.58,14.78
7.18,10.51,14.64
7.45,7.62,13.92
5.31,7.92,13.31
6.24,10.36,12.7
7.16,11.01,13.02
5.11,10.71,13.19
7.06,10.1,13.36
6.46,7.64,13.06
6.71,11.33,13.75
6.15,8.83,14.14
7.3,11.84,13.64
7.41,10.26,13.78
6.04,9.45,13.47
6.1,8.13,12.56
5.98,8.65,14.35
5.59,8.99,14.79
5.26,12.06,12.59
6.43,8.06,12.87
5.9,11.34,14.89
6.24,7.72,13.23
7.21,8.58,14.43
5.36,8.95,12.81
5.59,7.52,13.49
6.23,12.2,14.84
6.44,9.05,14.47
6.99,8.59,12.95
7.33,10.25,14.51
7.13,11.06,13.71
5.5,9.75,14.56
7.42,11.89,14.06
5.35,10.97,13.33
7,9.6,12.75
5.11,10.64,14.32
5.48,9.41,13.98
7.47,9.92,14.68
6.05,11.73,13.25
7.08,9.71,13.68
5.56,11.21,12.5
7.32,9.83,14.49
5.54,10.08,12.59
7.3,8.65,15
7.15,9.08,13.62
6.26,9.59,12.99
6.78,8.47,14.78
6.8,8.53,14.67
6.59,12.02,13.89
6.25,8.6,12.94
5.67,12.31,13.45
6.96,9.52,14.14
5.67,8.17,14.67
5.18,11.53,14.37
7.19,8.67,13.39
6.04,8.68,14.7
5.01,8.13,14.3
5.11,11.13,13.9
6.56,12.42,14.33
6.23,7.84,14.95
6.33,11.07,14.43
6.81,11.66,14.54
6.68,10.39,14.46
6.12,12.18,13.05
6.81,11.17,12.65
6.69,12.15,13.77
7.29,7.95,13.64
5.68,12.45,13.39
5.93,8.57,14.27
6.84,8.75,14.01
7.43,11.72,13.11
6.66,9.53,13.59
5.86,8.96,14.14
5.81,8.31,12.93
5.27,11.96,14.48
7.16,11.28,14.04
6.62,11.37,13.1
5.36,9.28,13.9
6.21,8.4,14.09
6.72,9.74,14.73
6.85,10.01,14.94
6.71,11.68,12.71
6.17,10.86,13.43
5.07,8.18,14.85
6.21,11.58,14.46
7.02,7.84,14.38
5.23,7.7,14.45
5.06,7.57,13.67
7.12,10.27,13.37
5.11,9.42,12.56
5.83,8.71,12.53
5.91,9.98,14.82
6.78,11.12,13.1
5.04,9.31,13.5
6.16,10.21,12.7
5.69,10.66,12.79
5.35,9.01,12.68
5.72,8.99,14.6
6.44,8.53,13.79
7.01,12.21,13.31
6.26,9.06,12.79
5.04,7.91,13.05
6.81,8.05,14.3
6.78,8.88,13.63
5.62,11.51,14.05
6.25,8.43,13.69
5.23,8.68,13.48
6.39,9.4,13.19
6.36,11.2,13.53
5.41,11.77,14.08
6.72,11.53,14.03
7.02,8.7,12.58
5.75,9.38,14.59
7.23,8.58,12.95
6.73,8.23,13.82
7.38,8.18,14.38
5.81,9.62,13.39
6.34,11.63,13.83
5.85,12.18,15
6.13,7.74,13.89
5.55,7.85,13.82
5.9,12.24,14.04
6.74,11.87,13.79
6.69,9.74,12.53
6.52,9.66,13.49
5.9,11.46,12.81
7.16,12.25,12.6
6,12.24,12.7
6.7,8.11,14.92
5.78,10.3,12.98
6.72,11.55,14.62
5.88,12.43,14.03
7.24,9.61,13.39
6.74,12.34,13.36
6.14,9.31,12.75
7.39,8.05,14.54
6.48,7.58,13.3
6.53,8.64,13.69
5.88,9.06,13.88
6.15,7.72,14.17
6.85,10.69,14.26
7.1,10.25,13.77
6.32,11.47,13.17
6.32,9.19,13.25
7.36,8.96,14.1
5.21,12.09,12.97
6.52,8.34,14.54
5.31,9.56,14.82
6.83,10.85,14.75
5.23,8.28,13.79
7.31,11.41,13.44
6.81,7.93,14.27
7.04,10.44,13.69
6.81,9.39,14.99
5.83,10.07,12.96
7.18,10.32,14.18
5.56,9.2,13.5
5.65,11.08,12.7
7.12,11.47,14.66
5.82,12.47,13.28
6.55,10.46,13.08
7.34,8.11,12.76
6.97,8.81,14.19
5.48,7.97,12.86
6.43,12.12,14.39
5.11,11.32,13.74
7.43,11.96,14.66
5.13,9.73,14.27
6.57,8.75,13.69
5.94,7.99,12.83
6.11,8.41,12.79
7.3,8.02,13.64
5.64,10.99,13.61
7.41,10.04,13.59
6.49,8.77,14.07
5.57,8.75,14.52
6.27,12.16,14.38
5.84,10.37,13.26
6.76,9.76,13.01
5.48,10.55,13.39
7.26,11.34,13.09
6.48,11.58,14.32
5.34,11.5,13.35
6,7.93,12.96
6.87,9.99,13.55
7.33,8.99,13.26
5.33,10.39,14.73
7.05,9.82,12.89
5.19,8.74,13.73
6.8,8.33,13.46
5.89,12.09,14.72
6.42,10.97,13.04
6.33,10.15,12.75
7.45,7.97,13.5
6.17,7.85,13.63
7.3,11.37,13.83
7.22,8.42,12.97
5.37,8.22,14.78
7.03,12.35,14.19
7.37,8.28,14.4
6.56,11.72,13.22
6.84,8.79,14.51
5.82,11.78,13.1
5.41,9.08,12.89
6.12,10.56,13.22
6.52,10.87,14.61
5.39,9.01,13.38
7.27,9.31,14.28
5.38,8.25,13.83
6.72,9.31,13.64
7.43,8.38,14.82
6.64,9.05,14.22
7.37,12.02,12.79
6.11,8.99,12.74
6.15,11.4,12.78
7.47,12.42,12.74
5.69,8.48,14.95
6.75,12.06,13.69
5.02,11.46,12.88
5.46,7.8,13.18
5.29,12.08,14.68
7.31,8.78,14.67
6.79,8.82,12.69
7.19,10.23,14.13
6.11,7.61,13.61
6.6,9.2,13.78
6.55,10.16,13.5
7.39,8.88,13.44
6.36,11.24,14.25
5.09,8.02,13.57
7.07,7.56,14.86
5.54,7.93,13.88
5.71,8.93,13.88
6.98,9.95,14.38
7.39,9.01,14.42
5.9,11.94,14.97
7.22,10.23,12.62
5.54,9.38,13.35
5.9,9.16,14.15
7.25,9.44,14.62
7.37,10.63,13.48
5.45,8.7,14.84
7.44,10.91,12.55
5.73,10.44,13.46
5.22,7.5,14.92
6.29,10.99,14.13
5.85,10.99,12.62
7.31,8.85,12.82
5.92,8.17,13.4
5.65,10.58,12.68
5.4,7.97,12.91
5.74,8.04,14.81
6.03,10.11,14.16
7.46,9.47,14.26
5.92,9.72,13.71
5.8,10.13,14.31
5.75,8.58,13.39
7.2,11.95,12.99
6.46,8.74,12.97
5.77,9.1,13
5.6,7.81,14.46
5.4,8.43,12.88
6.72,9.12,12.99
6.39,9.47,13.31
5.27,10.89,13.14
6.74,9.53,13.46
5.61,7.52,13.34
7.46,10.88,13.39
6.9,8.5,12.7
7.13,11.87,12.5
5.42,12.23,14.49
5.97,10.52,12.68
5.44,7.78,12.9
6.83,11.81,14.64
7.45,8.21,14.15
7.25,11.06,14.89
5.26,11.25,14.03
5.41,11.52,13.31
5.75,11.27,13.81
5.59,10.55,13.28
5.89,11.65,13.59
5.7,12.37,14.5
5.27,11.6,13.33
7.27,10.18,14.98
6.67,8.6,12.75
6.23,11.78,14.4
6.98,12.15,14.3
5.47,10.43,14.44
6.05,8.77,13.85
5.56,11.02,14.31
5.17,10.82,14.42
6.66,9.18,13.47
7.07,9.17,14.21
7.21,12.32,14.39
6.51,7.67,13.19
7.44,7.79,12.62
7.27,8.2,14.58
6.51,9.76,13.03
5.13,8.58,13.71
5.41,11.78,13.98
5.79,8.74,14.47
5.33,7.83,13.63
6.97,10.12,14.42
6.69,9.52,12.64
6.03,7.77,14.83
6.16,9.47,13.85
6.19,11.48,12.59
6.45,8.71,13.79
6.95,8.49,13.09
7.48,9.96,13.59
5.4,9.98,14.73
5.38,7.9,13.01
7.37,10.75,14.58
6.58,9.13,13.43
5.57,11.82,13.57
6.96,11.36,13.02
6.87,9.45,13.16
6.7,7.94,14.13
5.46,10.04,13.7
6.63,12.25,14.6
5.75,7.75,14
7.26,10.98,13.13
6.91,7.84,13.05
7.23,8.25,14.93
7.49,12.36,13.48
5.54,9.22,13.9
6.28,11.54,12.62
6.14,7.92,14.46
5.41,7.54,12.81
7.03,12.04,14.17
6.22,9.95,13.99
6.09,10.13,14.39
5.81,10.79,14.99
6.45,10.14,14.98
6.01,12.25,14.33
6.63,9.45,14.69
6.75,12.19,14.23
5.81,12.47,14.15
6.8,8.97,14.6
5.13,12.02,14.57
6.14,11.72,13.73
5.77,8.87,14.78
6.21,7.89,14.52
5.45,10.24,12.86
6.11,9.78,14.98
7.38,8.69,13.9
5.22,11.76,12.53
7.16,10.18,14.05
5.77,8.4,13.8
6.09,12.39,14.08
6.01,9.79,12.98
7.16,11.43,13.77
7.44,11.08,13.33
5.03,7.71,14.59
6.54,10.24,14.31
6.78,7.61,14.66
5.22,8.23,13.13
5.19,12.25,14.1
5.14,12.23,13.52
5.98,9.17,13.39
5.04,10.18,14.39
5.66,8.98,12.64
6.36,10,13.74
6.08,7.77,14.33
7.19,9.23,13.16
6.37,7.66,14.9
7.01,12.33,13.55
7.22,11.84,14.03
6.19,9.32,13.55
5.31,8.74,13.78
5.74,8.19,14.07
5.24,10.14,13.01
7.24,8.64,13.82
6.84,11.71,13.22
5.55,11.16,13.95
6.21,9.46,13.45
6.62,11.36,13.33
6.08,8.08,14.32
5.87,11.02,13.3
7.12,10.23,12.83
7.08,7.53,14.34
6.85,12.21,13.01
5.63,8.24,12.75
6.45,8.65,14.66
6.75,12.16,13.18
6.86,9.74,13.87
5.69,12.15,13.96
6.36,7.63,12.88
5.3,8.03,14.85
6.08,8.31,13.93
6.39,11.27,12.53
5.26,11.98,14.61
5.97,8.46,14.26
5.66,8.32,13.45
7.18,10.02,14.88
6.3,9.46,13.32
6.14,12.16,12.65
5.41,10.43,12.9
6.32,9.15,13.56
7.38,9.78,12.83
5.22,8.58,14.34
5.46,10.7,14.64
7.02,11.77,14.48
7.12,12.23,14.7
7.03,10.65,14.35
6.95,11.87,12.62
5.83,9.07,12.9
6.52,12.12,13.98
7.15,9.29,13.3
6.14,10.63,12.82
5.33,9.06,14.55
7.31,8.07,13.9
5.7,8.66,13.92
6.05,7.99,14.71
5.79,9.6,14.59
6.48,9.28,14.08
6.57,8.29,14.8
7.04,9.69,13
5.77,8.14,14.21
6.54,8.29,14
5.6,11.22,13.05
6.64,8.51,14.74
6.29,8.57,12.64
7.38,7.87,12.94
6.15,9.41,12.82
6.68,10.52,14.08
6.1,11.67,12.78
6.48,8.68,14.71
6.5,9.66,13.11
6.31,12.47,14.39
7.11,11.52,14.29
6.53,8.43,13.41
6.1,11.94,14.22
5.4,9.88,14.54
6.18,10.84,14.12
5.71,8.09,12.74
5.87,10.94,13.72
5.31,10.59,12.99
5.44,11.79,14.3
6.81,11.15,14.04
5.82,9.24,14.23
5.44,8.52,13.19
5.63,7.71,12.7
5.09,9.96,13.88
7.42,11.63,14.7
6.07,10.63,13.79
7.43,10.88,14.58
7.07,10.9,13.59
5.23,11.49,13.33
5.09,8.94,13.19
6.11,9.77,14.21
6.14,12.24,14.11
7.13,11.29,12.7
5.8,8.19,12.75
5.43,8.09,12.51
5.53,9.39,13.2
6.06,9.31,13.02
5.27,11.14,14.04
7.11,9.48,14.25
5.94,10.91,14.51
6.62,10.88,14.03
6.85,8.24,13.72
6.84,12.39,13.12
6.8,8.74,13.2
5.69,11.7,13.64
7.19,7.68,12.99
5.51,9.88,13.42
7.33,9.51,14.17
6.32,12.1,14.12
6.72,7.52,14.73
7.33,12.22,14.67
5.17,7.84,13.53
5.4,9.31,14.89
6.84,10.46,13.91
7.49,9.99,12.9
5.47,8.98,13.54
6.47,11.23,14.03
5.65,7.71,13.93
5.31,8.44,14.25
5.82,7.77,13.18
5.59,10.07,12.63
5.68,9.06,14.63
5.34,9.63,13.8
7.12,9.94,12.88
5.18,9.93,13.05
6.91,7.77,13.6
6.53,7.65,13.97
5.84,8.54,13.47
7.37,12.01,14.01
5.01,11.61,12.76
7.29,8.76,13.14
5.24,11.12,12.99
5.04,9.84,13.46
6.63,9.53,14.37
6.25,9.15,13.49
7.38,8.19,13.78
5.06,11.62,12.73
5.39,10.57,12.69
7.43,9.86,12.57
7.37,11.12,13.62
7.06,12.03,14.76
5.54,9.15,14.4
7.12,9.39,14.68
5.58,9.19,12.58
6.58,9.6,14.2
5.46,11.06,13.84
7.11,9.15,13.78
5.71,8.53,14.41
6.12,9.74,13.77
5.65,11.24,12.9
5.88,10.64,13.18
5.38,8.82,13.92
5.27,10.51,14.35
6.38,8.57,15
5.78,11.89,13.03
5.67,10.78,14.31
5.63,11.41,13.11
6.39,7.56,14.84
6.78,7.75,13.77
5.93,9.37,12.61
7.4,10.02,13.98
7.37,12.23,12.69
6.77,10.87,14.08
5.47,10.9,12.54
6.2,9.34,12.81
5.23,11.28,12.73
7.13,9.05,14.03
5.31,9.73,14.65
7.44,11.12,14.6
7.39,12.34,13.47
7.29,11.64,14.35
5.2,12.19,14.94
5.89,10.06,12.69
5.75,12.16,13.66
5.41,8.16,14.4
5.53,9.63,13.27
5.07,8.22,13.22
6.55,9.8,13.87
6.66,10.19,14.1
5.79,7.55,13.01
7.04,9.53,14.6
6.7,8.98,14.44
6.23,9.15,12.97
6.16,12.38,13.36
5.7,8.82,14.94
6.1,11.21,14.45
6.04,8.42,13.57
6.3,10.2,14.19
7.36,9.42,13.66
6.85,11.05,14.06
5.73,11.19,14.9
6.82,8.05,13.33
5.9,8.84,14.11
5.09,9.45,14.44
5.14,9.57,12.66
6.1,10.76,14.82
5.44,11.54,13.69
7.13,9.99,14.3
5,7.63,13.97
7.04,9.61,14.32
6.29,9.33,14.54
5.15,10.75,12.84
5.67,12.3,13.24
7.01,8.58,13.7
5.39,11.39,13.23
5.53,11.79,14.88
7.14,10.81,12.67
6.14,12.3,14.4
6.93,8.87,12.99
7.03,7.85,14.66
6.18,10.32,13.24
7.34,11.81,14.06
7.36,11.54,13.32
5.15,10.12,14.93
5,8.66,13.17
6.94,11.46,13.81
6.77,11.75,14.8
6.14,9.34,14.17
5.59,9.23,13.66
6.93,11.5,13.91
5.69,12.18,13.99
5.22,8.47,14.05
7.01,8.26,14.58
7.46,11.75,14.48
5.42,11.41,13.19
6.12,8.13,14.01
6.44,11.27,14.89
7.13,9.74,14.8
6.49,11.43,13.31
5.28,8.85,12.97
5.52,8.45,13.96
5.27,9.57,13.44
6.99,8.96,13.56
5.39,11.8,13.43
7.36,9.07,14.15
6.86,11.62,13.32
5,10.37,12.99
5.62,8.28,13.56
5.53,10.16,14.73
7.12,10.42,13.55
7.21,12.32,13.62
6.75,12.43,12.84
5.98,8.53,14.61
6.93,11.01,14.29
6.44,7.93,13.31
6.92,8.88,14.29
6.69,10.3,12.6
6.9,9.19,14.68
6.05,11.25,13.45
6.18,12.38,12.52
7.07,10.69,13.88
5.35,9.77,14.75
5.17,9.08,14.09
5.22,11.93,14.44
5.45,11.09,14.68
7.21,9.66,13.54
7.25,10.75,14.15
5.98,11.47,14.37
6.45,10.82,14.88
5.41,9.88,12.71
5.58,8.22,14.45
7.43,11.93,14.35
6.39,11.81,13.43
6.36,8.72,13.19
6.19,10.81,14.74
6.01,8.39,14.62
7.38,8.34,13.14
6.59,8.59,13.8
6.48,11.83,13.44
5.94,12.06,12.99
7.46,9.88,13.66
6.17,7.66,14.97
5.84,7.7,12.67
5.21,11.52,13.1
6.6,10.22,14.17
7.25,9.08,14.83
7.46,8.43,12.52
6.42,7.99,13.97
6.42,10.62,13.54
5.15,8.44,14.12
7.42,10.61,13.19
5.86,9.63,12.52
5.57,8.73,14.52
7.28,9.34,14.85
5.93,10.64,13.37
5.34,11.89,14.57
7.47,11.86,12.79
6.96,11.37,12.79
5.36,9.09,12.7
6.76,10.76,13.75
6.48,7.85,13.2
5.7,10.77,13.61
5.25,12.44,13.65
5.41,12.04,14.52
6.48,7.85,13.1
6.17,10.15,14.88
6.32,11.25,12.55
7.05,9.44,14.5
7.35,12.15,13.52
6.04,10.53,12.62
6.21,10.71,14.67
6.97,9.6,14.95
6.7,8.89,14.38
5.59,9.4,13.22
7.37,9.38,14.28
5.95,11.32,12.88
7.01,11.76,14.25
6.39,11.26,14.92
5.33,11.64,13.26
6.91,8.72,13.74
6.7,8.26,14.85
6.19,8.31,13.67
5.82,10.43,14.07
6.82,8.51,14.72
5.39,11.72,12.73
5.97,10.38,12.56
6.33,9.31,14.68
5.39,8.79,14.23
7.3,8.94,13.49
5.62,8.82,14.42
5.31,12.22,14.22
5.06,11.41,14.32
5.24,8.33,12.97
7.38,11.29,14.25
6.95,11.37,13.22
5,12.2,14.31
6.95,11.23,13.16
5.35,10.36,12.96
5.82,8.66,13.41
6.8,9.94,13.69
6.19,9.03,12.72
6.96,11.45,12.5
5.02,9.09,13.5
7.27,10.72,13.49
5.93,12.23,13.26
7.43,11.63,13.66
5.73,12.4,14.56
5.26,9.37,12.59
6.81,10.13,14.05
5.18,9.57,13.44
6.1,8.58,13.53
5.28,12.04,14.9
5.98,10.88,14.84
6.31,7.64,13.19
6.62,9.02,12.59
7.23,11.81,13.62
5.18,11.56,12.77
7.41,8.1,13.65
5.7,9.04,12.62
6.93,8.99,13.97
5.58,10.55,14.63
6.93,8.75,14.45
6.72,10.35,14.89
7.35,7.93,14.75
7,10.66,13.63
6.81,8.58,12.97
7.27,8.56,13.5
5.2,12.15,14.59
6.05,11.69,13.74
6.39,10.04,13.76
6.96,12.33,14.71
7.06,10.14,13.54
5.03,8.97,13.06
6.72,11.17,12.74
7.31,12.16,12.68
6.38,10.2,14.28
5.19,11.38,14.44
7.3,9.62,12.99
6.41,12.02,13.03
5.58,12.2,14.66
7.08,10.21,14.79
6.44,9.09,14.48
5.51,11.45,13.18
6.84,9.39,14.13
5.36,9.33,12.75
5.57,10.44,14.31
7.25,10.31,13.27
6.16,12.3,13.56
5.15,8.08,14.16
6.31,7.7,12.83
7.1,11.8,14.17
7.04,10.51,12.7
5.17,7.95,14.27
5.2,10.77,12.79
5.95,8.49,14.41
5.27,9.25,14.47
5.39,9.78,13.87
7.41,8.64,13.91
5.18,8.17,13.78
5.24,8.65,13.89
5.67,8.17,12.54
5.85,7.95,13.91
7.16,8.51,12.8
5.16,9.58,13.32
6.75,10.86,13.27
5.46,12.4,13.46
7.04,11.93,13.23
7.11,10.97,12.66
5.92,9.43,14.5
5.9,8.75,13.04
6.58,12.28,12.94
6,10.49,14.3
7.14,9.57,13.96
5.36,10.28,13.78
5.72,12.17,14.09
5.63,10.9,12.7
5.29,11.99,12.95
6.85,8.96,14.77
6.09,11.03,13.14
6.41,8.24,14.72
7.33,10.85,13.9
6,11.05,14.21
6.78,11.88,14.21
7.07,11.43,13.21
6.81,9.59,13.43
5.85,10.24,13.87
5.09,9.47,14.45
6.74,9.82,14.04
6.17,11.28,13.49
6.73,7.78,14.02
6.18,11.91,12.74
5.76,8.8,14.5
5.44,10.28,13.74
5.97,10.45,13.26
6.81,10.92,12.64
5.92,9.28,14.76
7.25,10.67,13.65
5.06,8.66,14.38
7.34,8.31,14.83
5.73,10.84,12.9
5.81,8.2,14.54
7.28,12.03,12.7
6.04,7.74,14.83
5.43,11.7,14.26
5.88,9.77,13.39
7.02,7.5,14.43
6.45,9.99,12.64
5.49,11.09,14.09
7.35,10.21,13.1
6.88,11.2,13.16
7.49,9.25,14.89
6.74,8,13.93
6.24,9.65,13.2
7.12,12.41,13.44
7.48,7.76,12.56
7.2,9.41,13.62
5.97,8.8,14.27
7.29,8.79,14.9
5.96,9.31,14.91
7.37,8.39,12.66
6.81,10.74,14
7.44,8.23,14.53
6.73,9.37,12.67
7.07,9.76,13.35
5.06,10.57,14.72
6.18,12.13,13.64
5.01,10.14,13.97
5.3,12.32,13.96
6.38,9.51,13.05
5.99,10.71,12.81
6.97,11.58,13.11
5.58,10.83,13.31
5.53,8.31,13.07
7.32,8.05,12.69
5.64,10.13,13.18
6.93,12.4,13.48
7.49,12.14,13.56
5.41,10.18,14.35
7.21,9.56,12.96
6.02,8.87,14.14
7.12,8.77,13.96
5,10.11,13.26
5.97,8.01,12.92
6.67,8.3,13.78
5.8,10.14,13.34
5.12,11.3,14.68
5.68,7.5,12.79
7.32,11.82,14.17
6.28,7.56,14.28
6.84,8.18,13.21
5.56,9.47,14.56
6.63,10.78,13.24
6.53,11.41,12.86
5.93,11.47,14.57
6.88,8.02,13.4
6.39,10.23,12.97
6.93,12.48,14.49
6.74,11.06,14.21
5.61,10.75,14.6
6.92,10.47,13.49
5.48,12.29,12.72
6.03,9.5,13.35
5.01,10.69,13.25
5.35,12.4,12.63
6.5,10.61,12.59
5.14,9.46,13.45
5.19,10.11,13.74
5,9.58,13.18
6.33,8.32,14.78
6.12,9.79,14.06
5.23,12.43,13.43
7.48,8.53,13.11
5.56,10.28,13.75
5.24,11.81,14.76
6.76,10.45,12.8
6.2,11.92,13.8
5.76,8.54,14.09
5.61,10.21,14.54
5.29,7.68,12.93
6.78,10.49,14.38
6.16,9.46,13.92
6.24,9.76,15
7.06,8.62,13.29
6.6,11.45,13.03
6.91,10.02,14.37
6.78,8.93,12.65
6,11.65,14.86
6.66,9.53,13.93
7.15,9.65,13.34
6.08,9,13.51
6.51,10.66,13.63
5.66,9.64,12.79
7.42,11.08,12.56
5.29,11.33,13.83
7.01,11.08,14.09
5.82,8.17,13.97
6,7.93,13.92
6.27,12.27,13.91
7.28,7.82,13.8
5.42,8.74,13.17
6.06,12.3,13.64
5.06,11.77,14
5.86,7.93,13.31
6.21,10.85,13.76
5.04,9.81,13.99
6.04,9.18,13.73
5.64,10.98,14.61
5.74,11.7,13.07
7.05,12.1,12.51
6.78,10.46,14.18
6.41,10.97,14.53
6.24,9.2,12.69
7.09,11.25,12.78
5.75,7.78,13.7
7.46,8.43,14.58
5.19,9.43,14.3
7.11,11.2,13.82
6.56,8.29,13.27
6.68,12.1,12.66
7.49,11.76,13.73
6.35,9.91,12.63
6.53,11.36,13.99
5.83,7.82,13.16
6.08,8.67,14.29
7.48,8.71,13.43
6.96,8.14,14.94
7.07,9.9,13.97
5.89,11.39,14.35
6.74,9.17,13.92
5.91,7.6,14.8
6.11,8.38,14.72
6.39,9.59,13.64
5.82,9.88,13.45
7.44,7.62,12.56
7.44,11.22,14.6
6.42,9.35,14.88
7.25,11.25,12.8
6.02,11.77,13.46
7.18,8.37,13.78
6.53,11.32,14.29
7.41,10.25,13.61
6.15,11.65,14.85
7.11,12.06,14.79
6.94,10.77,14.37
6.38,7.8,14.64
6.92,12.32,14.88
7.12,8.07,13.78
5.37,11.81,13.35
5.17,7.61,13.58
5.41,9.82,12.87
6.08,10.9,14.69
7.09,7.66,13.54
5.27,12.2,14.98
7.46,9.91,14.78
6.94,10.04,13.4
6.64,10.74,13.75
6.47,9.65,13.29
5.87,8.88,12.87
5.03,9.89,13.54
6.41,10.69,13.18
5.75,8.12,13.34
6.12,7.76,13.31
6.03,11,14.96
6.09,10.91,13.95
6.93,12.01,14.17
6.99,10.89,14.71
6.84,8.13,13.92
6.02,8.27,12.61
5.53,9.19,13.39
6.14,8.7,12.78
5.51,12.21,12.88
7.44,11.94,14.51
5.33,10.46,13.01
7.01,10.29,14.05
6.14,11.86,14.48
7,9.49,12.7
6.3,7.7,13.42
5.76,8.85,12.63
5.54,12.22,13.56
6.83,10.28,14.51
5.05,7.64,14.17
6,10.3,12.85
5.16,8.25,12.82
6.51,12.09,14.72
7.14,12.37,14.81
5.78,11.7,14.66
7.44,7.73,13.48
5.4,10.67,13.99
6.82,9.83,13.58
5.55,11.9,14.49
6.6,11.31,13.65
6.51,11.88,13.37
5.73,9.81,14.85
6.04,10.49,13.1
5.62,10.21,13.81
7,12.02,14.92
5.61,10.67,14.32
5.29,11.91,14.33
6.67,12.47,13.26
7.12,9.44,14.39
7.02,8.43,14.32
6.95,9.53,13.07
6.9,11.32,14.49
5.74,10.13,13.18
6.89,8.52,14.79
5.92,10.97,13.28
6.91,7.66,13.87
6,8.87,14.26
6.6,9.72,14.68
6.97,10.1,13.63
5.01,11.54,13.28
6.51,12.12,14.62
6.4,10.02,13.23
6.13,10.08,14.53
5.21,10.92,13.66
5.79,8.69,14.39
5.15,11.08,12.88
6.15,12.03,14.17
5.65,7.71,13.54
6.55,11.13,12.63
5.33,10.14,13.96
5.87,12.41,14.33
5.87,12.4,14.42
5.15,7.77,13.12
7.02,12.39,14.39
5.47,12.11,14.91
6.3,10.21,14.42
6.87,8.89,13.53
6.26,8.6,14.6
6.76,10.67,14.98
6.78,10.92,14.7
6.66,11.03,12.53
6.95,11.43,12.82
5.23,8.98,12.88
7.49,9.99,12.55
7.46,9.87,13.14
6.91,7.68,12.65
5.44,7.96,14.37
6.41,9.92,13.09
5.89,8.24,12.96
7.49,8.75,13.19
7.36,8.9,14.12
5.33,10.24,12.64
5.14,9.12,14.58
5.19,12.44,13.07
7,8.43,14.15
7.08,11.77,13.44
5.77,10.17,14.07
5.17,10.8,12.91
5.05,10.74,13.69
5.43,10.33,14.26
5.2,10.9,13.13
5.29,8.38,12.85
5.27,11.57,14.84
7.29,9.74,12.65
6.54,9.88,14.6
7.49,8.66,13.76
7,7.67,12.94
6,11.03,14.68
5.39,11.81,13.46
7.47,11.56,13.46
7.45,7.83,13.33
6.38,9.27,14.82
5.18,11.6,13.98
6.03,8.53,13.96
5.35,7.72,14.61
6.05,10.43,14.37
5.65,12.26,13.23
5.38,10.79,13.88
6.01,11.05,12.63
5.87,9.16,14.8
5.12,8.65,13.2
5.62,8.03,14.73
5.89,12.12,14.1
7.29,11.15,13.86
6.66,12.06,14.22
7.06,8.34,14.07
5.13,9.81,12.94
6.18,8.55,14.83
6.23,11.92,14.25
7.26,11.66,13.85
6.15,8.25,12.72
5.2,7.81,12.68
5.21,12.01,14.11
5.22,10.81,14.71
7.09,7.78,13.16
7.07,8.62,14.61
7.43,12.43,14.26
6.16,7.51,12.6
5.09,8.82,13.24
6.54,10.15,14.83
7.38,8.95,14.19
6.16,9.55,13.42
5.76,10.86,14.17
6.84,11.46,13.06
6.63,7.97,13.96
5.76,9.71,12.53
6.46,12.13,14.3
6.69,8.06,13.97
7.49,10.53,14.89
6.01,10.72,13.5
6.41,9.63,12.8
5.81,8.36,14.93
7.24,11.66,14.5
6.19,9.09,13.75
7.13,10.4,14.94
6.99,11.51,13.84
5.71,11.92,14.35
5.99,8.48,13.82
5.39,11.76,14.9
6.34,9.13,14.4
5.18,12.28,13.6
6.99,10.54,14.81
6.86,7.97,12.89
7.16,8.93,13.91
5.88,8.15,13.95
5.54,7.78,13.49
5.13,11.75,14.91
6.49,11.14,14.9
5.67,11.03,12.91
5.37,10.62,14.78
7.04,10.63,12.68
5.57,11.29,14.46
7.06,7.83,14.52
6.8,9.53,14.73
6.82,8.18,13.98
7.14,8.58,14.52
5.84,10.05,13.21
6.98,10.46,14.91
6.88,11.4,14.69
5.14,11.68,13.59
5.88,9.84,12.85
5.93,11.29,12.71
6.48,9.7,13.45
6.22,10.59,13.16
6.96,8.35,13.25
6.57,11.33,13.32
5.07,11.69,12.51
7.41,10,14.42
7.49,9.16,14.71
6.27,7.7,12.61
6.08,9.69,14.98
6.34,10.6,13.06
7.3,12.22,12.65
7.4,7.91,14.6
7.28,10.33,13.02
7.13,9.49,13.75
5.98,12.47,14.86
5.67,8.14,13.19
6.26,11.5,12.88
6.11,10.67,13.18
5.23,11.35,14.32
7.37,9.33,14.33
5.71,9.38,14.72
7.34,8.05,14.59
5.37,11.05,13.01
6.48,10.26,12.94
6.66,8.03,14.53
5.39,9.51,14.66
6.3,9.63,13.3
6.14,7.9,14.19
7.35,9.67,13.84
7.04,9.25,14.76
7.29,10.66,12.66
5.69,11.99,14.33
5.23,9.52,12.98
6.18,11.06,14.49
7.23,9.04,13.36
7.37,11.04,13.66
6.98,8.32,14.2
5.71,9.2,14.66
5.96,10.88,12.75
6,8.06,14.1
7.06,12.12,14.22
5.22,9.28,13.02
6.56,8.57,13.14
5.84,9.41,14.5
5.89,12.3,13.2
6.6,9.87,13.51
6.79,8.59,14.26
5.6,10.52,14.06
5.35,11.52,14.66
7.2,8.97,13.58
5.1,10.15,13.96
6.52,11.04,13.42
5.98,12.48,14.71
5.96,9.68,12.66
6.69,11.76,13.11
6.96,7.67,14.68
6.44,9.76,13.48
7.35,9.06,13.54
6.97,10.13,13.37
5.64,8.15,12.59
6.7,11.81,12.63
5.68,7.53,14.15
5.49,8.31,12.88
6.57,8.68,12.86
5.03,11.86,13.3
7.14,12.41,13.79
6.92,8.03,13.03
5.93,10.33,13.6
7.11,7.66,13.09
6.05,12.49,14.83
6.65,10.13,14.93
6.7,7.63,13.9
6.08,7.78,14.06
7.14,11.46,13.69
7.2,10.05,12.79
5.26,12.31,14.35
5.82,9.9,12.99
7.32,8.43,13.33
7.27,12.38,14.99
7.2,8.99,12.99
6.37,11.61,14.56
5.4,9.34,14.91
7.03,7.7,12.76
5.96,10.47,14.04
6.99,7.74,14.71
5.51,11.15,13.03
7.14,7.62,12.7
6.11,8.12,13.33
5.92,12.29,12.58
5.8,7.88,13.7
5.27,10.29,12.74
7.35,10.44,14.92
6.71,11.92,14.01
6.09,10.58,14.49
6.86,9.66,12.95
6.77,10.49,13.45
6.71,11.08,12.64
5.22,11.25,12.57
6.3,8.21,14.73
5.36,7.68,14.82
6.55,9.31,14.68
6.77,10.17,14.36
6.38,11.82,12.61
5.54,12.27,14.16
6.84,9.68,13.66
6.66,12.01,14.34
6.5,8.01,13.05
5.43,9.38,14.86
6.49,9.19,13.97
7.32,11.46,14.85
5.19,8.79,14.26
5.39,12.39,12.7
5.01,9.28,12.81
6.52,10.09,12.54
7.03,12.08,13.7
7.4,10.05,14.62
5.83,11.86,14.19
5.3,9.14,14.08
6.45,10.31,14.53
6.1,9.45,13.17
5.66,10.37,14.7
6.34,9.69,13.41
5.34,8.16,13.91
5.64,8.24,14.44
5.29,9.58,12.72
5.51,8.54,14.08
6.47,9.39,14.79
5.31,10.99,14.08
6.04,9.88,13.99
6.06,9.02,13.04
5.04,12.03,13.19
5.2,11.11,14.28
5.58,11.4,14.13
5.76,11.22,12.72
5.78,11.35,12.6
6.89,9.26,13.98
6.62,8.47,14.36
7.13,8.3,12.9
6.63,7.62,13.22
6.46,12.14,14.25
5.67,8.77,14.33
5.59,12.3,13.06
7.12,9.38,12.63
6.12,8.99,13
6.22,12.45,14.03
7.01,7.83,14.05
6.34,9.31,13.41
6.11,7.67,12.66
6.03,7.82,14.24
5.64,8.93,14.18
5.2,9.42,13.7
6.16,7.51,14.78
6.75,7.6,13.81
6.66,9.4,14.07
6.07,8.79,12.76
5.9,7.54,13.81
5.61,8.56,13.8
7.38,11.22,14.97
5.1,10.45,14.03
7.28,10.64,13.13
5.06,9.29,14
6.34,11.75,14.5
7.12,8.69,13.19
5.8,10.92,13.33
6.67,9.84,12.77
5.62,11.47,14.07
7.36,7.75,14.82
6.07,7.54,13.42
6.61,7.78,14.44
5.66,8.7,13.08
6.52,8.35,12.97
6.04,7.8,13.71
7.17,9.31,13.28
5.66,9.49,13.13
7.28,12.07,13.78
7.07,11.53,12.61
5.78,10.62,14.83
5.39,9.33,14.38
5.57,12.38,12.58
7,10.05,13.67
6.84,11.43,14.49
5.23,12,14.8
5.97,12.05,12.6
6.51,11.1,14.45
6.27,9.81,13.55
5.75,8.55,14.98
5.33,10.29,14.77
6.68,7.63,14.92
7.17,11.37,13.21
5.68,8.65,12.54
7.49,9.45,12.73
7.19,9.83,12.93
6,8.44,13.29
6.35,8.8,14.34
5.45,9.08,12.55
6.25,10.14,13.32
6.66,9.3,12.64
5.6,10.12,14.73
5.95,7.78,13.06
7.09,10.61,13.37
5.2,11.39,14.94
7.03,7.95,12.57
6.14,12.29,14.94
7.17,10.31,14.81
5.17,8.8,12.84
5.25,10.13,14.79
7.34,8.11,14.52
6.83,12.37,12.61
6.12,11.56,14.57
6.78,9.29,13.52
6.13,7.82,14.22
6.97,7.83,13.46
6.7,8.72,12.9
5.03,9.56,13.42
6.13,11.26,13.12
5.23,11.17,13.11
7.12,10.13,13.8
6.64,9.7,14.49
5.53,7.65,13.18
7.04,8.32,13.36
5.15,11.57,14.39
7.43,7.71,13.1
6.29,9.04,14.42
5.26,10.05,14.7
6.82,9.91,14.56
5.25,10.96,12.57
6.79,11.38,13.14
7.08,11.99,14.14
5.87,9.55,12.85
5.14,11.21,14.8
5.35,12.47,13.77
5.08,8.72,14.23
5.77,12.12,13.47
5.74,12.18,13.48
6.92,10.28,13.56
6.65,8.23,13.51
5.98,10.97,14.82
5.28,11.92,13.16
5.24,7.92,12.54
5.55,7.65,14.43
7.31,7.67,13.13
5.64,11.91,13.54
6.53,9.43,13.67
6.65,8.93,14.08
7.45,10.93,13.34
5.71,8.18,14.67
5.96,10.31,14.67
5.8,7.7,14.89
5.39,11.34,14.86
5.22,11.88,14.55
6.41,9.48,13.03
5.68,7.82,14.92
7.26,8.01,14.64
6.67,8.82,13.77
6.24,11.27,14.72
5.58,12.23,14.76
6.29,9.6,13.08
6.94,7.85,13.02
5.56,11.85,12.95
5.62,7.54,12.57
5.66,12.46,14.44
5.21,12.35,12.91
6.7,8.21,13.18
5.3,7.85,14.66
6.08,9.79,13.2
6.26,11.41,14.93
5.24,11.38,13.89
5.38,11.66,12.95
5.83,11.1,12.79
7.08,10.81,13.23
7.43,8.82,13.05
5.53,12.07,13.87
6.9,11.12,14.9
5.32,11.8,13.55
6.78,8.79,12.83
5.2,10.25,13.25
6.92,8.86,13.55
7.15,8.57,12.77
5.66,9.08,12.96
5.35,8.39,14.52
5.04,10.85,12.52
5.57,9.73,14.47
6.48,10.1,13.92
7.07,11.33,13.77
7.37,8.5,12.92
5.53,9.5,12.84
6.68,12.13,14.56
6.12,9.77,14.97
5.1,10.38,13.59
7.13,11.72,13.83
6.11,11.8,14.26
5.46,8.34,13.55
7.07,7.76,14.74
5.12,10.17,14.74
7.28,11.28,14.14
6.22,9.85,14.45
7.49,12.08,13.55
6.85,9.54,14.42
5.13,10.47,14.3
6,9.92,13.05
6.57,7.58,14.19
7.14,12,13.99
7.13,10.09,13.62
7.19,9.82,13.38
6.16,7.98,12.55
6.17,10.25,14.41
5.61,10.43,13.92
5.54,8.28,12.73
7.17,9.91,14.63
6.85,11.38,12.67
6.79,10.94,14.18
7.09,9.09,14.93
5.92,9.23,13.26
7.15,8.47,13.24
6.35,11.85,13.42
7.46,10.75,13.25
6.64,12.46,14.35
5.83,10.26,12.58
5.34,7.87,14.98
5.29,10.77,14.42
7.32,7.78,13.67
6.64,7.82,13.46
6.26,11.51,13.6
6.92,9.95,12.51
6.23,11.7,13.73
7.18,12.09,14.62
5.44,11.46,14.75
5.94,11.64,14.71
5.97,10.42,12.96
5.82,10.6,13.53
7.13,12.12,12.93
6.23,9.55,13.54
6.81,10.72,14.31
5.9,12.36,12.74
7,12.2,14.01
5.33,9.28,14.99
6.67,10.08,14.08
5.63,10.9,13.14
5.18,12.05,14.36
7.13,9.34,12.79
6.47,11.51,14.92
7.08,11.28,14.78
5.64,9.76,13.29
5.6,8.15,14.83
7.35,9.75,13.84
5.21,8.23,13.43
6.52,10.32,13.59
7.38,9.04,13.15
6.23,12.41,13.56
7.12,11.24,14.39
6.03,10.94,14.66
6.4,8.15,13.57
6.22,8.44,13.13
5.35,7.81,14.32
6.86,11.44,14.06
7.28,10.67,12.65
6.53,10.56,14.49
6.95,10.88,13.45
5.61,10.8,14.19
6.4,11.85,14.5
5.66,8.11,14.14
7.3,11.55,12.79
5.75,9.06,12.71
6.96,8.63,14.15
5.87,8.54,13.91
7,11.72,14.64
5.6,7.73,14.53
6.48,10.43,14.96
5.95,11.97,12.77
7.45,10.25,14.48
7.16,11.5,14.8
6,11.33,14.12
5.32,10.65,13.24
5,8.38,14.58
6.75,10.46,13.8
5.86,8.16,13.12
5.07,11.13,14.86
6.26,8.09,14.83
6.58,9.74,14.36
5.62,9.3,14.68
7.48,9.94,13.91
5.8,10.09,14.67
7.33,11.66,14.53
6.23,11.92,13.17
5.16,11.85,14.85
5.71,10.09,14.26
5,7.87,13.83
6.57,8.14,14.32
5.75,12.08,14.39
5.68,11.7,13.37
7.09,10.85,13.19
6.98,10.92,13.13
6.8,11.29,14.89
5.71,9.2,14.64
5.94,9.66,13.72
6.64,10.23,14.83
6.78,11.18,13.06
6.21,8.59,12.72
7.09,11.17,13.57
6.75,9.74,13.36
6.61,8.04,13.39
6.65,8.93,14.91
5.86,8.33,14.37
6.68,12.41,13.22
5.49,10.23,13.69
7.15,10.45,13
6.86,7.59,14.84
5.97,8.84,13.52
5.36,11.63,14.17
5.91,8.99,14.5
7.05,11.95,14.15
5.13,12.2,13.43
5.65,12.25,13.05
7.32,7.52,14.22
6.95,9.12,14.03
6.5,10.08,13.25
5.43,10.39,14.59
6.36,11.65,14.76
5.13,8.54,13.38
5.62,7.95,13.26
7.29,11.52,14.83
5.09,11.45,14.04
6.33,8.93,14.27
5.7,10.82,12.99
6.36,11.68,14.39
5.23,7.97,14.82
7.49,11.4,13.76
5.14,10.99,14.88
5.06,9.52,14.83
5.87,11.88,12.82
7.04,8.77,14.39
7.29,11.36,12.79
6.27,7.57,14.04
6.52,9.45,14.76
6.49,12.17,13.67
6.39,10.61,14.94
5.06,11.92,14.13
6.69,10.43,14.14
7.3,8.2,13.71
7.1,9.89,14.86
6.41,7.57,14.28
5.76,7.68,13.8
6.11,8.62,12.66
5.38,9.95,13.44
6.81,11.63,13.08
5.81,11.85,12.81
5.56,11.68,12.61
5.6,7.5,13.41
6.99,9.08,13.51
6.16,10.2,13.37
5.09,11.13,13.42
7.32,11.39,14.89
6.65,11.8,13.36
7.25,9.37,13.87
7.2,8.63,12.77
6.66,9.97,13.31
7.17,10.53,14.55
5.31,9.32,12.95
5.61,12.26,13.61
7.02,7.78,12.99
5.38,9.03,13.13
5.78,9.82,13.15
5.61,7.85,12.85
6.28,11.21,12.97
7.04,10.17,14
7.43,8.87,14.39
7.29,7.51,14.18
7.04,11.06,14.6
5.5,7.99,13.18
5.25,9.86,13.3
6.44,9.29,12.7
6.67,12.41,13.89
6.99,11.67,12.72
6.82,9.85,12.72
6.5,8.84,13.86
7.35,7.81,14.04
6.88,9.02,13.64
6.59,11.84,13.12
5.1,8.97,13.45
6.62,10.14,14.78
5.19,8.78,13.43
6.89,9.22,14.54
6.17,11.94,13.47
6.78,10.61,12.53
6.21,9.07,12.97
6.9,10.27,14.2
5.76,11.64,14.95
5.78,10.21,14.86
7.04,8.57,13.16
6.99,9.43,13.52
6.66,9.85,14.77
6.95,8.01,13.04
5.86,12.13,13.6
5.12,10.86,12.64
6.8,12.04,13.79
5.16,9.05,13.65
5.55,9.92,13.27
5.6,8.27,13.16
5.04,7.67,14.73
7.39,7.97,14.62
5.59,7.83,14.04
6.21,10.14,13.6
5.36,10.88,14.35
7.15,8.43,13.47
5.55,10.04,14.95
6.61,12.13,13.57
6.07,12.01,14.41
7.25,12.48,14.8
6.23,11.9,13.03
6.92,9.17,12.63
5.79,10.51,14.03
6.35,9.73,13.66
5.16,7.52,13.89
6.06,8,12.56
6.6,11.17,13.01
6.48,9.41,14.72
5.82,10.11,13.89
6.64,11.36,12.59
5.24,8.77,14.06
6.3,8.38,12.92
6.56,11.61,13.5
6.59,10.41,13.61
5.09,11.78,14.87
5.14,9.44,12.68
5.64,11.02,14.27
5.84,12.31,14.23
7.44,10.32,13.7
6.54,7.76,13.25
7.05,7.84,12.69
7,8.38,14.89
5.49,8.62,14.51
5.43,10.92,14.15
5.47,12.32,13.4
5.8,12.22,14.64
5.15,9.27,12.66
6.04,8.02,14.83
6.13,12.28,13.07
5.3,11.11,14.24
6.47,10.06,12.55
5.65,11.03,13.12
5.35,7.53,13.07
6.85,8.63,13.67
6.06,12.17,14.81
5.5,9.92,12.55
5.95,8,14.09
6.47,10.22,12.7
7.26,9.37,13.55
5.56,11.41,14.78
6.41,10.8,13.4
6.47,10.54,13.17
6.89,7.97,13.79
6.57,8.28,13.4
6.41,8.73,13.88
5.59,8.8,14.89
7.09,12.46,14.03
5.51,7.75,13.1
5.03,8.18,13.81
5.08,10.67,14.28
5.81,7.69,12.6
6.82,12.08,14.32
6.17,9.65,14.85
7.23,10.37,14.26
5.04,10.17,13.93
5.2,11.9,14.97
6.02,12.27,13.42
6.44,8.27,14.01
5.86,11.68,12.58
7.07,9.31,14.67
7.45,12.47,13.89
6.17,12.03,13.1
7.41,11.9,13.27
5.37,12.35,13.97
5.19,8.29,14.5
7.29,9.75,13.29
7.33,12.11,14.23
5.73,11.26,14.43
5.47,9.66,13.87
5.81,12.34,12.75
7.41,10.99,14.14
6.84,12.11,14.92
5.7,12.23,14.08
5.88,10.19,12.78
6.44,10.74,14.48
5.44,9.33,14.25
6.44,10.1,14.03
5.3,10.04,13.71
6.74,7.64,13.06
6.96,11.93,14.02
7.41,10.91,13.55
6.24,12.33,14.73
7.11,10.02,14.26
5.57,8.32,13.74
5.27,10.57,12.87
6.58,11.23,14.1
6.14,10.93,13.36
6.84,10.55,13.68
6.9,12.04,14.73
7.44,10.78,12.81
6.53,9.09,13.17
7.21,8.74,14.43
5.25,10.72,13.88
6.75,11.25,14.78
5.97,8.23,14.99
5,12.03,14.25
5.68,9.48,14.08
6.17,7.99,12.87
7.37,10.46,13.54
5.58,7.54,14.33
5.07,9.72,12.89
6.01,7.78,13.48
5.86,11.19,14.67
6.27,10.1,13.86
5.6,10.33,13.54
7.01,9.06,12.67
5.51,10.15,13.93
5.9,9.3,14.02
5.19,11.07,14.37
5.6,11.66,12.74
5.57,10.45,14.05
5.57,9.2,13.32
5.44,11.01,14.83
5.58,8.68,14.27
7.43,11.03,13.16
5.96,11.72,14.07
5.33,9.54,12.95
6.51,10.89,13.51
6.85,8.04,14.52
5.77,10.75,13.34
5.05,10.4,13.08
5.09,10.4,14.4
6.64,8.78,13.04
5.08,12.15,14.54
5.54,10.4,14.85
5.28,8.11,14.68
5.88,10.46,13.73
7.23,8.17,13.31
5.65,11.9,14.99
6.24,11.57,13.4
5.13,9.3,12.65
7.02,7.98,14.51
7.33,11.23,12.91
6.14,10.16,13.63
6.97,11.39,12.76
5.61,9.61,13.28
5.05,11.45,14.36
5.79,10.99,12.93
7.14,10.77,12.51
5.72,8.36,12.93
5.38,11.22,13.2
7.02,10.51,12.61
6.02,12.42,13.3
6.93,10.83,14.19
7.35,8.45,12.6
5.83,12.27,13.02
7.34,10.76,13.17
5.79,9.31,14.74
5.44,10.95,14.94
6.97,11.8,14.8
7.14,7.58,12.85
6.23,11.46,14.55
6.72,7.86,14.96
5.68,8.8,13
5.84,11.94,13.44
5.76,11.15,14.1
5.33,10.32,13.89
5.65,12.2,13.32
6.75,11.45,13.81
5.72,11.73,14.95
7.29,9.5,12.84
6.65,11.62,12.62
7.39,10.95,14.3
5.87,8.97,12.76
5.14,8.25,14.81
7.47,9.11,13.58
5.6,11.4,13.4
7.37,10,14.11
5.28,7.53,13.3
6.31,9.5,13.32
6.69,9.78,14.8
5.54,8.29,13.59
5.02,10.13,14.24
5.06,8.65,13.19
5.56,9.97,14.35
7.29,9.32,12.63
5.46,10.24,13.08
7.49,9.52,14.58
6.01,9.96,12.84
5.56,12.34,12.78
6.85,10.05,14.95
5.39,9.48,14.15
6.42,10.01,13.68
6.99,9.93,14.39
6.95,10.68,14.45
6.82,8.96,13.68
7.43,8.02,14.54
6.01,10.57,13.78
6.01,8.04,13.04
6.37,7.98,13.94
6.61,10.11,12.85
5.53,12.35,14.02
5.15,9.23,14.29
6.61,11.93,13.99
6.88,9.45,12.6
5.32,9.61,12.83
7.07,9.2,14.33
6.05,9.09,12.93
6.21,9.25,14.41
6.43,11.25,14.23
5.4,10.19,12.84
6.04,12,14.56
6.85,7.99,14.16
6.22,8.83,12.7
7.36,10.65,14.58
6.16,10.44,12.5
5.18,9.55,14.59
5.04,8.61,13.27
7.13,11.2,14.1
7.14,10.55,14.1
6.63,8.31,14.75
6.79,8.19,14.24
5.07,9.18,13.08
5.8,8.63,12.86
6.82,11.29,14.76
5.91,10.46,13.78
5.07,11.49,12.89
6.35,10.46,14.24
6.51,9.89,14.8
7.35,11.61,13.2
7.13,8.74,13.12
7.47,10.71,14
5.83,8.97,14.28
6.8,11.65,14.53
5.79,11.34,13.52
6.2,7.9,13.21
6.35,12.12,14.32
5.4,11.45,14.19
5.09,9.24,13.35
6.6,10.12,12.66
5.94,11.78,13.4
7.07,10.8,13.8
6.35,7.62,12.95
5.46,9.24,14.6
6.89,11.75,13.98
6.74,12,14.08
5.06,10.93,13.56
7.15,9.13,13.52
6.56,12.07,14.12
6.49,7.75,14.36
6.24,11.36,14.6
6.9,10.27,13.95
5.76,9.82,13.67
5.33,11.22,13.08
6.39,11.13,14.88
6.29,10.3,12.97
6.58,9.41,14.72
6.26,9.47,14.08
6.85,11.91,13.22
5.26,11.15,14.24
5.77,8.61,14.16
6.78,12.33,14.9
5.88,11.27,13.21
7.12,8.4,13.9
5.01,11.43,12.98
6.19,9.75,13.59
5.92,9.52,14.13
7.09,10.1,13.62
6.06,12.03,13.47
6.8,11.82,13.9
5.79,10.58,14.37
6.05,8.01,13.91
7.45,11.64,14.28
5.41,7.71,13.39
5.59,10.6,14.61
5.1,8.48,12.73
5.07,11.02,13.09
6.87,8.91,13.64
6.41,8.31,14.93
5.83,10.22,14.73
5.53,11.94,14.78
5.82,12.32,14.57
7.08,9.65,12.98
5.4,11.26,13.74
6.35,10.16,13.1
6.97,7.97,14.98
5.89,7.78,13.54
5.26,9.17,14.94
6.07,8.41,14.99
6.99,8.7,13.18
6.35,7.84,14.39
6.57,7.7,13.66
7.06,12.41,13.24
6.26,11.33,12.83
6.64,10.01,13.66
7.16,11.69,13.74
6.65,8.56,14
7.08,8.32,13.43
7.19,11.28,13.93
6.97,7.71,13.73
6.4,8.7,13.23
7.29,7.55,13.96
7.32,9.85,13.45
6.56,9.71,14.78
6.16,12.12,14.09
6.59,7.54,12.93
6.78,8.66,12.81
5.16,10.87,12.99
6.21,12.01,13.38
5.58,8.2,12.93
5.26,8.15,13.33
5.84,10.55,13.75
6.38,11.43,13.99
6.48,11.74,12.76
6.01,12.22,13.98
6.24,8.14,12.86
5,9.66,13.86
7.33,8.16,12.97
6.88,8.5,12.83
6.23,11.11,14.33
7.08,9.25,13.01
5.15,10.99,13.1
5.26,8.56,13.51
5.57,8.84,14.81
5.85,9.17,12.65
6.67,12.09,13.64
5.75,7.84,14.09
5.79,9.12,13.13
7.09,10.76,12.88
7.3,8.3,12.93
6.94,7.92,13.42
7.33,10.59,14.51
6.88,12.43,14.92
6.98,10.01,13.7
5.72,8.83,14.06
5.21,10.28,13.94
6.24,9.29,14.07
6.15,10.06,12.66
5.7,12.21,13.63
5.89,10.73,13.89
6.04,11.15,12.94
5.36,11.29,12.98
6.58,11.39,13.46
5.58,9.56,12.92
5.14,8.86,14.67
5.81,11.39,12.58
5.09,8.65,14.41
5.59,9.35,13.22
6.97,9.77,13.68
7.14,7.65,12.71
6.56,10.87,13.16
5.03,7.69,12.97
5.01,7.9,13.96
6.48,9.06,13.44
6.06,7.84,14
5.92,8.14,14.26
5.91,11.01,13.28
7.08,9.57,12.89
5.57,10.06,14.92
6.82,10.18,13.77
6.74,11.87,13.19
5.88,8.7,14.96
5.44,11.8,14.65
6.9,12.16,13.47
7.43,10.36,12.78
5.99,11.42,13.6
6.75,11.79,12.8
6.09,12.46,14.06
6.83,10.71,12.88
5,11.03,14
5.25,12.21,13.24
5.4,10.97,14.66
6.45,7.82,14.79
6.95,11.59,12.54
6.48,11.13,14.89
6.25,10.5,13.51
5.31,10.69,13.77
5.52,8.24,14.56
6.91,11.22,14.97
7.08,12.47,13.3
7.07,7.83,12.75
6.92,10.63,14.25
7.46,11.63,14.83
6.79,8.04,13.51
7.03,8.86,14.07
7.26,10.17,14
5.52,8.33,12.81
5.78,12.24,13.6
5.33,10.4,12.73
6.85,8.83,14.74
6.49,8.39,13.21
5.27,11.67,13.4
7.3,9.51,12.74
5.6,9.27,14.67
6.21,9.65,13.84
6.55,12.38,13.16
5.71,8.91,13.68
6.98,11.69,14.48
6.73,7.72,14.44
7.31,12.44,13.48
5.21,12.34,12.72
6.56,9.15,14.04
5.02,7.69,12.82
5.73,12.08,14.57
6.99,8.63,13.93
5.66,11.73,13.78
6.89,7.97,13.24
5.71,10.6,13.62
5.82,10.03,13.17
6.64,12.23,12.61
6.06,10.55,13.71
6.79,11.34,12.87
7.21,8.02,14.82
7.26,11.66,14.4
6.27,8.48,14.14
5.63,9.91,13.29
7.25,12.01,14
5.62,11.55,13.51
7.01,8.78,13.52
7.35,12.19,13.26
6.24,11.49,13.56
6.1,11.2,13.98
5.3,12.21,13.64
5.11,7.56,12.65
5.76,7.69,14.65
6.51,9.7,12.73
5.61,9.45,14.81
7,10.17,14.34
5.49,11.31,13.46
6.02,8.31,14.87
5.52,9.62,12.95
6.94,12.1,12.87
6.7,10.28,13.34
6.68,11.91,12.72
7.03,12.13,13
5.68,8.48,13.54
5.33,10.79,14.46
5.33,12.39,13.17
6.49,10.83,14.3
5.09,11.75,13.06
5.55,9.84,12.72
6.33,10.55,12.53
7.13,10.59,13.49
6.55,9.64,13.58
7.4,11.64,14.21
6.83,7.55,14.62
7.01,10.31,12.85
6.99,10.63,14.88
5.67,12.21,14.16
5.96,10.58,12.8
6.4,12.06,13.52
5.59,12.24,13.03
5.78,12.14,14.5
6.57,12.05,14.29
6.01,10.45,14.38
6.31,10.34,14.98
5.45,9.22,13.57
5.37,12.44,13.84
7.17,8.88,12.91
5.96,7.66,14.18
5.04,11.21,13.3
6.39,9.48,14.62
6.24,10.33,13.26
5.83,8.02,12.58
7.03,11.66,13.81
6.79,10.57,13.51
7.17,12.11,13.37
7,8.69,13.72
6.99,7.93,14.43
6.22,8.04,14.87
6.4,10.61,13.55
5.71,12.04,14.31
7.45,11.19,14.83
6.32,10.46,13.52
5.11,9.26,13.43
7.46,10.73,12.82
6.27,11.42,14.45
5.29,7.87,14.92
7.49,10.1,13.53
5.55,10.49,14.63
5.6,11.3,14.64
6.87,7.67,13.52
6.74,12.34,12.56
7.42,10.97,13.21
5.05,11.83,14.25
7.1,10.81,13.13
6.7,11.05,14.07
6.87,9.65,12.61
6.11,12.02,13.35
6.08,8.5,13.39
6.27,10.23,13.8
7.22,8.74,13.53
6.08,7.51,14.1
6.49,9.52,14.03
6.73,9.65,14.87
7.04,9.7,14.68
6.42,9.89,12.53
7.37,9.93,13.33
5.46,11.21,14.46
6.11,10.9,13.18
6.47,10.66,14.33
7.32,9.87,14.5
6.04,8.63,12.95
5.76,8.9,12.91
5.05,8.39,13.11
6.1,7.59,14.11
6.77,11,13.36
7.09,9.76,12.58
5.36,8.51,12.75
5.47,12.37,14.84
6.43,12.09,13.59
6.11,10.52,14.4
5.54,9.55,13.76
5.35,12.18,13.44
5.13,10.53,12.6
6.44,8.89,14.62
6.84,8.35,13.64
6.83,11.3,12.51
6.16,8.53,13.86
6.28,11.1,14.02
6.74,9.02,12.71
7.32,8.39,12.71
5.86,9.14,14.34
6.87,11.8,13.71
7.32,8.32,12.98
6.83,10.68,14.19
7.43,11.83,14.6
5.09,11.95,12.87
7.21,10.04,12.59
6.01,10.96,13.98
7.17,10.87,13.36
5.7,12.31,13.85
5.57,8.64,12.52
5.81,8.46,12.79
5.76,11.37,13.99
6.26,8.05,13.61
6.69,12.37,14.98
7.18,11.45,14.53
6.68,10.41,13.31
5.07,11.85,14.34
6.11,10.8,13.13
7.04,10,13.67
7.15,10.5,13.52
6.95,8.25,14.75
5.31,12.13,14.32
6.62,11.73,12.93
6.51,7.53,12.96
6.06,9.89,14.13
6.87,8.23,14.14
5.44,10.35,14.57
6.44,12.09,14.93
7.44,8.36,14.99
6.87,10.12,14.88
5.24,12.22,14.7
5.26,8.22,12.72
6.2,11.65,13.13
6.44,11.41,14.68
5.04,7.75,14.76
6.13,12.43,12.82
5.75,11.16,13.77
7.39,10.52,13.01
7,7.93,13.94
5.18,9.1,13.25
6.7,8.19,13.66
7.32,8.61,14.28
5.92,11.3,13.06
6.37,8.14,14.05
7,9.11,14.34
5.38,12.12,14.21
7.38,10.63,14.13
5.9,7.72,14.08
5.21,8.94,14.63
7.47,11.28,12.52
7.3,7.97,12.9
6.67,8.25,13.17
5.44,9.43,14.6
6.78,8.52,14.64
6.48,9.68,14.6
7.38,10.13,14.77
6.8,7.66,13.41
7.49,8.38,13.31
6.18,9.47,13.47
5.23,8.7,13.9
7.05,11.87,14.83
5.89,11.21,14.91
7,10.38,13.35
5.06,12.29,13.28
5.67,7.66,14.58
7.08,9.52,13.74
6.56,9.41,13.78
5.72,11.86,13.63
6.49,11.65,14.48
6.35,10.81,12.84
5.53,12.31,13.88
7.08,8.16,14.31
7.08,12.05,13.7
6.82,11.94,12.75
6.29,11.71,14.84
6.99,11.82,14.27
5.69,9.3,14.21
6.06,9.91,13.46
6.69,11.57,13.55
7.43,10.3,14.15
5.33,11.05,14.15
6.82,10.21,13.61
6.19,7.56,14.42
6.63,10.38,14.17
5.85,10.57,13.01
5.77,9.51,13.53
5.79,8.38,13.54
5.85,10.77,12.57
7.45,8.1,14.96
5.6,7.74,13.16
5.67,9.41,13.14
7.27,8.4,13.16
6.58,10.05,13.82
5.2,9.19,13.3
5.94,10.48,12.59
7.31,11.24,12.74
5.8,11.89,14.34
7.47,9.12,13.47
5.51,11.73,12.69
6.81,7.85,13.06
6.19,10.56,14.18
5.23,10.3,13.28
7.18,8.13,13.74
6.86,8.2,12.88
5.78,8.22,14.24
6.82,7.85,13.87
5.46,12.29,13.37
5.41,11.42,13.34
6.12,8.85,13.73
5.04,9.05,13.09
7.04,11.14,12.77
7.08,8.12,12.52
6.47,11.59,13.21
7.17,10.66,13.4
5,10.39,13.78
6.28,10.31,12.55
5.28,10.18,13.09
7,8.61,13.41
5.32,8.27,13.22
6.45,11.01,13.43
7.21,8.69,14.15
6.72,9.1,14.89
6.12,9.76,13.67
7.23,8.37,13.35
6.28,9.32,14.27
5.06,7.94,14.89
6.43,10.36,13.43
5.59,11.58,12.76
6.18,12.45,13.41
7.1,11.99,12.78
5.71,8.7,12.64
7.4,12.32,13.78
5.29,11.22,14.38
5.55,8.1,12.94
7.21,7.94,12.53
5.85,9.49,14.06
5.27,9.13,13.93
6.76,10.91,14.6
5.62,9.07,13.56
5.91,7.75,13.53
5.02,10.43,14.66
6.7,7.76,12.56
6.93,11.61,13.06
5.87,8.51,14.24
6.86,9.13,12.68
5.76,9.97,14.73
6.38,7.78,12.66
7.27,11.34,13.36
5.38,8.66,15
7.23,8.4,13.46
5.97,8.76,12.68
6.05,8.78,13.26
6.24,9.46,12.96
6.91,7.71,14.62
5.75,10.17,14.97
7.36,11.49,13.46
6.61,11.72,14.76
5.46,8.13,13.38
5.91,11.98,13.69
6.5,10.74,13.77
5.32,10.24,14.95
6.36,7.88,14.99
6.3,11.07,12.97
5.82,7.55,12.72
5.65,12.38,14.1
5.54,8.33,14.52
5.32,8.21,14.28
5.95,11.18,14.33
5.09,8,13.67
6.71,10.22,12.72
6.75,11.13,13.53
6.08,12.19,14.19
6.45,8.35,14.55
7.49,11.01,14.91
6.91,9.97,13.52
5.11,7.61,14.59
5.08,11.9,13.04
6.03,11.51,13.94
5.03,10.38,14.73
6.14,9.53,13.99
5.73,12.44,13.72
5.07,8.35,14.18
6.63,11.28,14.12
7.31,9.11,14
6.46,11.68,13.45
5.69,9.79,13.76
5.95,7.87,12.89
5.78,8.39,14.12
6.97,9.92,12.72
6.03,8.43,12.61
5.35,8.99,12.53
7.16,9.49,14.45
7.07,8.89,13.97
7.22,8.79,13.74
7.02,11.3,14.12
6.19,10.9,13.37
5.01,12.16,14.15
5.95,9.65,13.27
5.62,12.24,14.05
5.99,7.86,12.75
7.14,7.75,14.38
6.24,11.86,14.66
6.94,10.71,13.47
5.02,10.97,12.51
6.19,10.17,14.78
6.06,8.7,13.79
5.88,7.88,13.84
6.26,8.93,13.68
5.8,8.2,13.04
6.13,12.1,14.34
5.08,11.79,13.41
5.23,12.38,14.88
7.19,8.5,14.35
7,10.93,13.91
5.83,11.88,13.8
5.91,12.43,14.2
5.9,9.54,14.3
5.42,8.54,13.29
7.45,10.62,14.08
6.96,12.19,13.93
6.63,11.68,14.78
5.64,9.81,15
7.08,9.59,14.71
6.02,10.59,13.8
5.94,7.94,14.81
7.47,8.41,13.75
5.95,7.92,14.53
5.16,10.49,13.85
6.1,11.68,12.76
5.53,11.52,14.29
6.74,9.59,14.49
7.1,8.98,13.57
5.83,10.38,12.66
6.81,10.23,14.6
5.34,8.35,13.45
5.79,12.42,14.07
7.14,8.63,14.99
5.04,12.29,12.5
6.57,10.55,13.04
5.65,9.38,13.16
6.03,10.6,14.15
7.44,10.78,13.81
5.54,10.83,12.83
7.28,9.68,14.75
5.19,11.1,12.99
5.97,9.65,13.39
5.5,9.44,13.94
5.14,10.81,14.04
5.71,10.1,14.17
6.92,7.72,12.92
5.33,9.07,14.88
7.23,9.15,12.81
5.15,11.51,14.18
7.43,8.99,14.43
6.86,7.71,14.45
6.45,9.59,12.63
6.57,9.25,13.12
5.96,10.48,13.82
5.04,11.9,12.75
5.12,11.37,14.38
5.12,11.17,12.91
7.38,7.82,13.44
5.22,11.87,13.61
5.37,11.26,12.56
6.93,12.33,13.48
7.29,8.04,13.92
6.06,7.62,14.44
6.44,8.13,13.21
7.39,9.4,14.32
7,8.36,13.11
7.41,10.82,14.84
5.48,11.97,14.62
6.33,11.8,14.09
6.54,9.66,12.96
6.01,8.36,14.65
6.76,8.72,13.39
7.23,11.56,14.79
5.61,9.87,14.39
5.85,11.59,14.89
7.26,10.06,13.91
6.94,8.63,14.2
6.44,9.78,12.65
5.2,10.8,13.71
5.78,11.62,14.47
5.59,10.31,12.95
5.87,10.42,14.44
6.63,11.66,13.79
5.47,8.82,15
6.59,9.17,13.69
6.61,7.88,12.87
6.92,9.49,12.67
5.3,12.1,13.36
5.03,11.14,14.52
6.94,8.58,13.41
5.53,10.13,13.88
6.64,10.98,13.68
6.19,9.14,14.6
5.61,10.04,13.37
5.54,10.76,12.65
5.91,11.07,14.4
5.61,10.25,14.34
6.1,12.13,14.9
6.4,8.98,13.33
6.24,9.06,12.73
5.11,11.2,13.63
6.57,11.24,12.94
7.05,8.73,13.51
6.82,12.02,14.06
6.3,12.2,13.4
5.31,8.43,13.35
