6.68,10.36,13.58
5.44,12.27,14.62
5.25,12.03,13.23
5.87,9.12,12.58
5.16,11.46,14.38
6.03,7.5,14.5
5.7,9.29,12.97
6.77,11.86,14.17
6.74,10.2,12.93
5.84,7.61,14.32
5.1,7.66,13.34
6.21,10.56,13.66
6.32,9.4,14.44
6.51,8.81,13.96
6.62,9.85,12.6
5.75,11.88,12.59
5.7,10.15,13.29
5.45,9.58,13.82
5.88,8.37,14.83
5.87,8.79,14.45
5.21,8.05,13.69
5.07,7.54,13.52
5.53,8.44,12.96
5.24,10.27,13.62
7.23,9.89,12.55
6.7,9.3,12.96
6.51,12.44,12.75
5.81,11.93,13.39
5.07,10.48,13.48
5.17,12.36,12.73
7.25,7.94,14.49
6.45,9.73,14.59
5.33,9.67,13.64
5.3,10.25,14.04
5.33,12.21,13.65
7.08,8.91,13.41
5.74,9.39,14.81
7.35,11.02,14.52
7.35,12.45,13.68
6.57,8.32,13.44
6.74,11.15,14.22
7.38,11.1,14.7
5.8,8.35,13.59
6.87,10.59,13.01
6.75,10.18,15
5.94,11.58,13
5.24,12.01,12.9
6.2,10.64,13.16
6.28,11.48,13.33
5.51,8.4,13.09
5.23,10.74,14.98
7.26,7.8,14.89
7.37,10.65,14.23
5.75,12.39,13.87
7.49,8.88,13.61
6.58,9.15,13.06
7.37,11.42,14.65
5.65,8.78,14.71
7.03,8.73,14.39
6.78,10.09,14.03
7.05,10.72,12.85
5.58,7.59,14.4
5.82,10.1,14.83
7.2,9.27,14.43
6.92,8.06,14.08
5.89,8.82,14.68
5.69,10.05,14.65
6.05,9.88,12.95
6.51,7.81,13.75
5.62,8.45,13.33
6.49,8.04,14.6
5.94,10.64,14.46
7.49,9.8,12.7
5.63,7.64,13.56
6.38,10.21,13.88
5.01,9.28,14.82
7.3,9.37,12.76
5.02,7.85,14.66
5.86,11.37,13.15
5.13,12.08,14.08
5.34,10.95,13.56
7.45,11.15,13.5
5.76,9.05,14.44
6.45,10.31,13.96
7.34,9.34,14.63
6.74,7.98,13.62
6.47,9.9,13.75
5.07,11.26,13.94
5.95,9.62,13.95
6.99,10.99,12.5
7.21,10.85,14.94
5.76,9.57,14.63
7.28,11.74,13.82
5.83,11.54,13.55
5.64,12.26,13.67
6.04,11.4,14.17
5.82,10.33,13.81
5.08,9.51,14.01
6.09,7.77,14.32
7.26,12.07,12.75
5.3,9.37,14.74
6.22,10.64,12.74
6.81,12.13,12.8
5.83,10.73,12.78
5.27,8.56,13.78
5.05,10.43,12.91
7.04,10.12,12.99
5.63,10.05,14.74
6.69,9.56,13.29
7.39,11.9,13.31
6.9,12.21,14.57
5.15,9.52,14.29
6.22,8.07,14.26
6.98,11.09,13.88
6.14,11.74,14.42
5.42,10,13.43
6.54,12.32,14.59
5.9,8.84,13.71
6.33,9.37,12.62
6.55,12.13,14.98
5.35,11.21,14.23
6.22,11.22,13.67
6.36,9.46,13.27
6.35,10.19,13.01
5.63,9.24,14.55
7.09,11.91,12.96
5.36,7.55,13.33
5.85,8.34,12.62
5.33,10.86,14.09
5.92,7.89,14.92
7.14,11.6,13.05
6.19,8.68,14.83
6.71,8.98,12.78
6.69,8.7,14.35
5.82,8.65,13.71
6.11,9.59,14.29
7.37,10.29,13.24
6.83,10.68,12.91
5.27,11.47,12.75
5.76,10.83,14.09
5.67,8.5,14.92
6.96,10.85,14.24
5.95,12.42,13.42
7.46,8.23,13.05
6.92,11.83,14.45
5.17,12.04,13.7
6.02,11.29,12.95
6.14,11.5,13.65
7.19,11.64,14.63
5.25,10.59,14.95
7.41,9.51,13.73
7.1,12.48,14.12
5.47,8.63,14.19
5.42,9.49,13.95
5.72,10.97,14.43
7.46,9.45,14.23
6.74,12.44,14.39
5.53,12.47,13.19
6.6,11.57,14.39
7.32,10.86,14.62
5.06,8.64,14.02
6.95,9.82,13.78
5.7,9.41,12.72
5.56,8.71,13.03
5.98,8.67,13.67
5.59,9.46,13.65
5.03,7.9,14.98
5.68,9.38,13.07
6.15,9.87,14.05
7.23,10.38,14.25
5.1,10.36,14.44
6.48,12.49,14.08
5.48,7.83,14.99
6.38,7.56,13.58
5.04,9.99,12.93
6.69,10.56,14.48
5.93,12.09,12.87
5.15,10.07,12.99
7.11,9.33,12.52
6.57,12.43,12.94
5.56,11.44,14.46
6.15,7.57,13.03
7.11,10.75,12.78
5.79,8.91,14.9
5.76,10.72,14.99
7.47,10.56,14.48
6.07,10.8,13.72
6.8,8.58,14.2
6.59,9.51,14.94
5.65,12.47,13.85
6.45,10.77,13.97
6.68,10.11,14.54
6.15,8.81,12.67
6.69,8.89,14.03
5.99,12.41,12.63
6.36,9.23,13.88
6.14,12.26,14.55
6.06,11.28,14.26
7.43,10.37,14.11
5.94,8.18,13.94
6.5,8.99,14.05
5.13,8.03,14.76
6.09,8.84,12.67
7.49,9.74,14.74
7.19,7.73,12.51
5.02,11.86,13.31
7.41,7.82,12.88
6.25,10.75,14.45
6.57,9.66,13.9
6.57,10.63,14.23
6.74,8.28,14.91
6.84,7.9,14.13
7.18,11.83,14.73
6.04,10.07,14.81
5.04,8.96,13.75
5.63,7.76,13.13
7.45,9.67,13.13
6.46,12.05,14.32
6.19,7.99,13.03
6.95,10.76,14.92
7.28,9.53,13.77
7.18,8.1,13.86
6.53,11.35,13.29
5.88,12.11,14.02
5.33,9.61,14.47
6.54,10.35,14.64
7.34,7.68,12.66
7.46,8.8,13.68
5.32,7.74,13.47
7.23,11.55,14.43
6.02,11.25,13.14
7.42,10.54,14.88
5.3,9.76,14.92
7.48,10.24,13.98
6.21,8.66,14.59
7.36,9.52,13.47
7.42,11.21,13.96
6.89,8.69,14.47
6.46,7.59,12.94
5.77,8.65,12.57
7.44,11.42,14.1
5.64,9.94,12.71
5.76,12.01,13.69
5.7,11.93,13.9
6.93,9.51,14.61
6.33,10.91,12.89
5.45,9.2,13.06
7.31,8.27,13.3
7.46,10.64,14.38
6.87,9.82,14.76
5.96,8.92,12.67
5.94,11.38,12.93
7.13,12.37,13.23
6.99,8.21,12.93
7.17,10.04,14
5.54,10.64,14.63
5.07,10.33,14.08
6.18,9.37,14.52
5.95,12.22,14.42
6.24,9.04,14.42
7.14,7.91,14.16
6.51,9.16,12.83
6.15,7.74,14.33
5.78,11.83,13.16
5.44,8.44,13.11
7.29,11.01,14.46
5.75,8.58,13.78
5.53,11.38,14.84
6.43,10.02,13.49
5.38,9.27,13.75
6.28,12.39,12.64
6.86,11.3,12.82
6.38,7.65,14.14
6.92,7.96,12.97
5.99,9.87,14.16
5.02,11.76,13.6
5.36,9.76,14.59
5.49,12.11,14.64
5.74,11.88,13.98
5.14,11.67,14.36
6.32,9.92,14.45
6.05,12.34,14.76
6.05,7.7,13.72
5.47,9.13,13.74
6.17,8.15,12.67
5.71,11.57,13.31
5.65,10.45,14.12
7.41,11.7,14.07
5.34,7.71,14.25
6.39,10.99,13.67
6.41,8.88,14.68
5.03,9.75,12.53
7.36,10.77,14.61
5.48,7.7,12.6
6.75,10.62,14.12
5.64,7.75,14.71
5.55,8.94,13.41
5.04,8.87,14.09
5.11,10.12,12.53
5.98,9.83,13.56
6.5,10.05,13.63
6.27,9.63,13.61
6.25,9.62,14.34
7.46,7.81,14.8
5.48,7.74,12.54
5.2,11.09,14.78
6.59,10.97,12.81
7.38,10.4,13.01
5.71,10.28,13.74
6.39,8.64,13.06
5.76,9.39,14.59
6.86,7.93,12.74
6.69,10.9,12.64
7.05,9.79,12.64
5.5,11.48,13.17
5.08,9.16,14.45
7.06,11.26,13.96
5.3,12.2,13.54
6.82,12.32,14.28
6.88,8.54,13.13
7.06,10.85,13.88
6.7,8.84,13.12
6.35,9.93,12.7
7.36,8.63,13.43
5.09,11.63,12.96
6.54,7.57,14.96
5.96,10.08,14.32
5.66,11.5,13.62
5.77,12.39,13.14
5.87,9.16,13.3
6.8,11.56,14.98
5.31,8.52,14.64
7.06,7.88,12.8
6.01,8.11,14.96
5.75,9.37,14.19
5.37,9.85,14.67
6.85,11.58,13.05
6.93,12.17,14.07
6.77,8.23,12.87
6.77,10.29,12.67
5.06,8.32,13.13
7.42,11.49,14.51
7.29,7.83,13.09
5.21,9.25,12.99
6.3,8,14.88
7.14,9.91,14.93
6.6,12.08,14.79
5.53,7.91,12.78
6.31,8.98,13.41
5.67,9.86,14.19
5.32,10.64,14.73
5.97,10.3,12.84
5.95,8.08,12.96
6.67,8.39,14.52
6.65,10.34,14.05
5.65,10.15,12.79
5.53,8.06,14.99
7,8.24,13.35
7.29,8.43,12.79
5.31,9.14,12.74
5.79,11.42,13.37
5.39,10.91,13.11
7.14,11.7,14.93
7.31,8.83,13.87
6.15,9.9,13.34
5.25,8.83,13.33
6.71,10.35,12.73
6.12,11.24,12.57
6.42,8.76,12.8
5.81,7.91,13.56
5.37,11.72,14.91
7.47,8.37,14.53
6.79,7.83,12.74
5.87,8.26,15
7.15,11.88,12.57
7.01,7.53,14.43
6.17,9.97,14.41
6.22,9.33,15
5.52,11.08,13.25
6.49,8.16,12.72
6.75,12.35,13.71
5.68,10.87,14.92
6.87,10.2,13.3
7.42,9.46,14.76
5.01,11.67,14.62
5.61,11.93,14.55
6.87,10.94,14.57
5.78,12.22,13.99
5.84,10.11,13.08
5.82,9.59,12.53
6.88,9.75,12.9
7.01,9.71,14.72
5.37,11.66,13.83
5.85,10.83,13.41
5.33,11.92,13.15
5.83,9.56,14.38
7.13,9.72,12.71
5.35,10.37,14.27
5.6,11.2,13.95
7.12,9.39,13.97
7.26,7.84,13.05
6.91,11,14.27
6.04,12.04,12.93
5.08,12.12,13.75
6.89,10.3,13
7.01,12.16,12.64
5.21,10.19,15
5.29,10.1,14.7
5.34,10.05,12.94
6.45,8.84,14.04
7.48,7.94,13.58
5.59,9.42,13.21
7.46,9.64,15
6.92,10.38,13.74
7.44,8.46,14.06
5.31,10.31,14.11
5.5,7.55,13.33
7.32,9.49,14.07
6.58,10.72,14.27
5.5,8.04,14.13
6.97,8.15,12.86
6.54,9.5,13.38
7.41,8.3,12.69
6.78,9.54,13.74
6.74,8.74,13.94
7.02,11.19,14.36
5.99,10.45,13.56
6.13,9.66,12.85
5.47,9.72,13.56
7.27,10.01,13.31
5.36,9.18,13.78
6.29,11.05,13.88
5.66,11.14,14.25
7.06,8.63,13.49
7.13,12.32,14.83
6.98,10.97,14.93
7.13,7.85,13.92
5.52,8.67,13.68
5.1,11.43,14.15
5.3,8.2,14.51
5.67,12.39,14.23
5.96,8.14,14.41
6.87,8.38,14.66
6.26,10.22,13.55
5.09,7.92,12.63
5.41,11.51,12.9
6.71,10.49,12.58
5.61,9.38,13.35
6.64,8.92,14.61
6.81,11.67,12.99
5.46,11.38,14.54
6.55,11.01,13.27
5.68,9.97,13.09
6.21,10.9,13.99
6.48,10.32,14.39
5.13,9.66,12.88
6.53,11.95,13.21
5.05,8.13,14.52
6.25,8.55,12.55
6.9,11.89,13.03
5.24,8.78,14.42
5.89,12.4,13.28
5,11.69,13.34
5.09,7.58,14.3
5.04,8.95,13.07
5.77,8.65,12.57
5.12,10.56,13.15
7.09,8.43,14.78
5.3,10.74,13.43
6.02,11.29,13.91
5.52,11.94,14.62
6.12,11.07,14.23
6.15,7.77,12.71
5.94,8.51,13.02
7.36,10.07,14.84
7.11,12.45,12.91
5.86,7.76,12.67
5.35,7.6,14.47
6.68,7.5,12.73
6.13,8.75,14
7.11,12.13,13.13
6.83,8.26,13.92
6.4,11.68,13.8
6.41,10.01,14.55
6.24,11.39,14.24
6.32,8.84,12.58
6.29,8.87,14.19
5.05,9.26,12.89
5.74,11.82,14
5.76,11.53,13.04
5.72,10.4,14.34
6.87,7.82,13.29
6.21,10.31,14.83
6.58,8.3,12.76
6.29,9.64,13.41
5.3,8.94,14.04
5.5,10.49,13.23
7.39,10.72,14.01
5.71,7.65,13.6
7.26,9.64,12.76
5.07,12.49,13.54
5.35,8.66,13.3
5.84,11.77,14.73
5,11.53,14.18
5.23,10.17,13.22
5.86,12.49,14.06
6.19,7.79,14.16
5.16,8.21,12.67
7.44,12.29,12.52
6.18,11.81,14.97
6.88,11.38,14.83
6.38,7.61,14.1
5.48,9.64,12.53
5.75,11.37,14.17
5.41,9.97,14.85
6.47,9.25,14.64
6.7,10.13,13.56
6.3,11.92,14.32
7.1,8.67,13.57
5.92,7.83,14.08
6.85,8.64,13.63
6.95,11.59,13.08
5.36,10.42,13.04
5.28,12.25,12.62
6.98,9.62,13.6
7.27,8.55,14.75
5.29,10.47,14.89
5.29,8.61,12.59
5.09,7.89,12.89
6.69,12.07,14.62
5.51,8.8,12.88
6.75,12.41,13.93
6.39,12.36,13.84
5.82,10.7,14.86
7.22,9.33,12.8
6.69,10.38,14.15
5.63,9.73,12.72
5.87,12.31,14.34
5.59,12.01,12.75
5.73,12.26,14.57
5.41,9.58,13.71
5.94,12.4,12.96
5.07,9.04,14.24
7.4,7.69,14.37
5.68,10.05,13.6
5.41,11.25,12.93
6.71,9.73,13.44
5.97,10.07,14.24
6.52,9.19,14.75
5.67,8.88,13.92
6.66,11.77,14.66
6.27,11,14.23
5.34,10.7,13.25
6.58,8.97,14.27
6.78,10.48,14.54
7.41,11.39,13.6
5.57,9.41,12.75
5.77,10.92,14.12
5.82,8.6,12.7
6.06,8.62,13.6
5.34,12.48,14.96
5.06,7.98,13.05
5.47,8.51,14.52
6.16,7.52,14.78
5.54,7.82,13.8
6.77,10.63,14.57
5.48,7.76,14.65
5.38,8.17,13.88
5.1,10.77,14.57
7.09,11.78,12.66
6.94,10.16,14.66
5.54,8.3,14.76
5.86,7.58,12.61
5.23,12.09,14.47
6.56,11.7,14.98
5.17,12.26,13.38
5.44,9.21,14.25
7.07,9.43,12.97
5.26,10.56,14.34
5.18,9.28,13.07
7.28,12.1,14.55
7.12,10.33,13.62
5.67,11.59,13.62
6.9,10.98,14.89
5.45,11.1,12.57
6.24,9.46,13.13
6.82,11.68,15
6.28,11.57,14.68
7.02,10.69,13.87
7.27,12.29,12.53
6.7,11.67,12.68
6.08,11.39,12.9
5.01,7.55,12.79
7.26,11.02,12.53
6.7,8.51,14.46
5.57,8.86,13.44
6.53,8.06,14.03
6.06,8.55,14.27
6.27,10.94,14.62
7.34,9.22,14.29
5.5,9.4,13.06
5.92,9.1,13.98
7.29,8.73,13.49
7.24,11.47,14.77
5.2,10.67,13.56
5.01,11.96,14.27
5.48,11.71,14.66
5.25,7.99,14.88
5.55,12.37,13.64
6.3,8.62,13.35
6.99,8.63,13.24
7.32,8.75,13.7
7.44,9.66,14.18
6.19,8.25,14.87
5.55,9.62,14.09
5.09,8.63,13.65
6.1,12.41,14.91
7,8.79,12.59
6.85,12.46,14.68
6.16,8.74,13.97
5.58,11.03,13.36
7.19,11.86,14.75
7.48,9.78,14.48
5.03,11.8,13.14
7.23,12.12,12.72
7.14,11.31,13.06
6.73,11.85,14.9
5.1,10.41,13.55
5.41,7.72,12.64
6,10.35,14.14
6.69,12.18,14.66
5.04,8.49,13.44
5.14,9.62,13.5
6.51,9.76,14.87
6.45,9.41,14
6.54,10.15,13.81
6.22,11.57,13.41
5.96,8.78,13.59
5.98,9.8,12.81
6.05,7.74,14.15
7.13,9.35,12.91
7.08,11.33,14.87
5.03,9.67,12.72
5.24,9.79,12.93
5.83,8.29,13.33
6.15,9.68,13.05
5.76,11.07,12.64
7.03,9.13,12.52
5.03,8.83,13.18
7.4,12.16,13.68
5.75,8.97,14.83
6.37,8.83,14.94
6.01,11.34,13.01
6.92,9.98,12.8
7.32,7.8,15
7.15,10.21,12.62
7.12,12.12,12.94
7.14,8.11,14.53
6.47,9.94,12.82
6.45,10.85,12.84
5.44,11.36,12.68
7,8.65,14.58
6.73,9.92,14.34
5.5,10.06,13.12
7.08,10.24,14.48
5.53,10.87,14.25
5.82,8.43,13.81
6.52,8.26,13.62
5.91,10.71,14.61
5.21,11.46,14.6
6.42,9.88,14.55
7.14,10.17,14.06
6.33,8.02,14.98
7.36,7.96,13.4
6.75,9.87,14.52
5.52,8.16,13.73
5.96,11.17,12.77
5.02,8.2,14.9
6.8,9.85,14.36
5.67,12.4,12.76
6.2,11.63,13.1
5.82,9.33,14.56
6.27,8.44,14
6.02,9.29,14.19
6.47,10.73,14.24
6.16,11.19,13.19
7.03,11.03,12.9
5.39,11.49,14.39
6.72,10.11,13.68
5.79,11.49,12.69
6.22,10.43,14.71
7.34,11.74,13.66
5.49,9.95,12.5
5.06,11.1,14.53
6.22,7.7,13.72
5.34,11.82,14.7
6.05,9.67,13.86
6.76,7.92,14.11
5.68,7.69,13.41
5.8,8.83,13.34
5.95,9.76,14.47
6.48,9.74,14.19
5.4,8.99,15
5.43,8.82,13.99
5.37,8.81,14.33
7.21,9.3,13.4
6.62,8.29,14.37
6.44,10.99,13.49
7.14,12.28,14.4
6.53,8.52,12.54
6.33,8.24,14.25
5.53,10.03,12.86
5.59,7.89,13.17
6.36,9.92,12.92
5.52,11.93,12.61
5.64,7.77,14.4
6.56,8.91,13.98
6.18,10.17,14.08
6.94,9.45,14.87
5.65,9.85,13.83
5.25,11.52,14.29
5.28,7.71,14.86
5.27,12,13.48
5.66,10.14,14.22
6.97,10.44,14.32
5.34,8.99,12.96
6.13,9.46,12.79
6.61,8.45,13.21
6.58,11.21,14.57
6.01,8.24,14.35
6.28,9.94,14.64
5.74,11.15,14.83
6,10.83,13.03
5.16,9.6,12.79
5.31,8.57,13.04
5.76,11.23,14.29
7.08,7.84,14.28
7.1,10.97,13.47
5.1,9.99,12.92
7.3,11.82,12.68
5.55,8.81,13.9
6.76,12.44,13.2
5.75,9.36,13.06
5.93,11.61,14.71
5.15,12.44,14.98
6.82,10.41,14.45
6.93,8.48,13.2
5.83,11.6,14.64
5.87,9.99,14.27
7.3,9.88,12.86
6.24,10.72,14.58
5.54,9.74,12.83
6.95,9.64,13.19
6.39,12.09,13.92
6.9,8.29,13.91
6.86,9.99,12.74
7.1,10.6,13.75
5.07,12.3,12.63
5.22,9.91,14.59
5.87,8.95,14.35
5.35,9.51,14.78
7.09,7.66,14.24
6.3,11.47,14.18
5.75,10.07,14.95
7.13,8.95,13.12
7.31,8.25,13.95
6.65,8.57,13.96
6.58,9.52,14.61
5.62,12.26,14.58
5.89,9.76,14.35
6.44,12.25,14.7
6.25,11.42,14.71
5.69,11.49,14.91
7.16,11.07,14.96
6.31,8.79,12.69
5.49,7.9,12.51
5.61,9.78,14.55
7.49,11.66,14.48
6.19,9.04,14.04
7,7.61,13.86
5.3,11.43,14.09
5.66,8.85,14.37
6.44,11.26,14.28
5.85,11.97,14.81
6,11.15,12.65
6.06,7.58,13.91
5.99,8.39,13.72
6.78,12.09,14.25
7.15,11.19,12.93
5.15,8.95,12.7
5.12,8.65,12.53
7.25,9.79,14.19
6.96,11.06,13.96
5.18,11.27,13.51
5.17,7.51,13.04
5.35,10.61,13.89
6.4,10.11,14.93
6.24,8.3,13.75
7.43,11.4,13.58
5.19,10.9,12.9
5.81,8.76,12.77
7.04,12.24,13.64
5.7,10.1,14.56
5.12,8.64,14.5
5.2,10.42,12.53
6.33,10.39,13.05
6.24,11.34,13.15
5.34,11.74,13.43
6.09,11.48,14.15
7.18,8.36,13.44
6.23,9.57,12.56
5.07,11.97,14.92
5.46,11.73,14.24
6.2,10.82,12.74
6.8,9,14
5.64,9.45,14.25
7.04,8.72,13.52
6.76,10.7,13.91
5.32,7.51,12.71
5.22,12.27,12.72
6.02,11.16,14.37
7.31,7.98,14.19
5.13,12.47,13.53
5.97,12.3,14.55
5.33,11.16,14.99
6.24,7.74,14.82
5.82,7.9,14.06
5.7,11.76,15
6.21,11.68,14.03
5.94,9.45,13.27
5.02,11.89,13.22
5.39,10.37,14.17
7.02,7.57,14.97
5.05,11.74,14.43
6.25,9.11,13.72
6.17,11.43,14.76
5.87,11.18,12.72
5.27,11.34,13.19
7.01,11.42,12.93
7.32,9.64,13.79
6.24,8.47,14.69
7.3,11.87,14.38
6.79,9.04,12.87
6.86,9.89,12.66
6.05,10.19,13.9
7.48,10.75,13.98
6.38,7.59,14.13
7.07,7.73,13.17
5.93,9.32,13.34
5.12,10.22,13.68
7.28,7.59,12.74
5.85,8.21,12.59
6.39,8.34,14.71
5.78,12.39,13.18
5.96,12,13.16
7.09,10.75,13.53
7.11,10.12,13.96
7.4,7.73,14.75
5.15,7.95,14.45
5.73,10.38,12.51
6.9,10.33,13.42
5.45,10.94,14.6
6.24,10.22,12.72
6.49,8.35,12.68
5.76,10.89,14.38
5.62,7.8,14.38
7.17,9.87,13.46
5.05,9.3,13.37
6.23,7.54,13.94
5.1,11.26,12.73
6.74,9.41,12.53
5.3,11.03,13.39
5.07,11.33,13.37
5.63,10.64,13.84
5.6,11.91,14.64
6.42,9.03,13.37
6.56,10.12,13.21
5.11,11.79,13.82
6.96,8.62,13.87
5.7,8.46,14.67
7.3,9.22,14.52
6.38,8.55,14.21
7.41,10.13,14.96
7.41,12.12,13.23
6.26,8.32,12.59
6.97,12.44,13.96
5.86,10.55,12.53
7.4,9.84,14.53
6.52,11.51,14.01
6.03,12.49,14.3
6.92,9.47,13.46
7.32,11.82,14.08
6.82,8.36,13.7
5.88,12.26,12.75
7.05,7.61,13.58
6.81,8.45,13.66
5.64,7.73,14.84
6.67,9.1,14.56
6.26,7.76,12.94
6.77,9.84,13.16
5.05,11,13.21
7.19,9.69,12.51
5.04,8.47,13.23
5.87,11.26,12.91
6.08,8,12.92
6.96,7.58,14.53
6.79,10.24,14.04
6.04,11.04,14.31
6.64,8.14,14.79
5.57,11.73,12.57
6.31,10.44,14.06
5.11,11.78,13.18
6.81,10.93,12.89
6.23,7.68,13.86
5.76,11.12,14.32
7.39,11.43,12.87
6.88,7.81,13.02
6.89,9.33,13.1
5.76,8.36,13.07
7.01,10.42,14.89
5.37,7.73,14.55
6.19,11.24,14.58
6.02,9.51,13.23
7.12,11.55,12.95
7.26,11.01,12.71
6.57,11.17,13.43
6.59,8.04,14.68
7.23,12.27,12.59
6.78,10.16,13.44
6.04,9.48,13.19
6.62,11.85,12.55
7.17,10.8,14.05
7.22,9.46,13.91
6.37,11.28,12.58
7.47,8.07,14.69
6.65,7.78,14.73
5.49,11.93,13.9
5.46,9.6,13.68
6.2,11.73,13.42
7.1,10.77,12.52
5.8,11.67,13.75
5.55,8.06,13.03
6.45,9.6,14.05
5.01,9.9,12.69
6,12.44,13.31
6.55,12.34,14.46
7.04,8.64,14.05
5.05,8.49,14.24
7.27,9.18,14.79
5.69,8.25,14.17
6.01,9.03,13.24
6.63,7.65,12.76
6.71,8.51,13.17
5.04,8.16,13.89
7.03,9.1,12.84
5.88,9.23,13.26
6.19,11.45,13.85
6.86,11.75,14.77
7.46,10.51,12.64
5.4,8.78,13.14
5.86,9.13,14.72
5.65,7.91,12.9
5.21,9.79,13.14
5.73,11.16,14.29
7.02,8.93,14.29
7.02,11.51,12.57
6.02,10.26,12.52
6.21,9.52,14.12
5.26,9.14,14.33
6.53,7.63,12.93
7.26,9.95,14.54
6.08,7.84,14.09
6.37,11.32,14.52
5.77,9.86,13.02
6.81,10.71,14.8
5.47,11,12.61
5.37,7.65,12.99
7.4,7.76,12.6
5.52,9.86,14.25
6.11,12.44,13.35
5.98,7.73,13.37
6.63,11.15,13.71
5.74,7.93,12.98
5.22,8.94,14.28
6.39,10.8,14.77
6.88,9.24,14.97
7.06,12.43,13.64
7.03,8.92,14.7
5.79,9.29,14.42
5.32,8.39,13.74
5.66,8.5,12.7
5.65,7.93,14.47
6.61,8.27,13.62
5.22,9.86,14.32
6.35,8.52,14.91
7.12,10.86,12.6
6.87,10.39,12.95
5.93,7.54,14.54
6.33,10.98,12.69
5.95,12.15,13.96
6.82,11.68,13.58
6.94,7.94,14.56
6.67,9.67,14.56
6.76,10.53,12.82
6.78,8.62,14.49
7.38,9.5,13.38
5.15,8.04,13.05
7.18,9.77,14.62
6.83,11.16,12.61
7.18,9.91,13.25
7.43,11.26,12.78
6.2,9.85,14.74
6.71,9.54,14.52
5.36,7.82,13.74
7.35,7.72,14.46
5.99,11.97,13
5.39,8.81,14.54
7,9.35,13.33
5.69,8.96,14.31
5.12,11.67,13.05
5.68,10.43,12.64
5.8,10.48,14.89
5.58,11.17,14.69
6.22,11.87,12.92
6.3,11.38,14.25
6.94,11.6,12.51
5.08,11.03,14.8
5.91,10.14,14.87
6.77,10.14,12.7
7.19,11.83,12.67
5.14,8.75,13.55
7.45,8.3,14.44
5.35,9.03,13.4
6.57,11.49,13.25
5.27,8.95,13.87
6.64,7.95,14.72
5.38,9.51,12.56
6.88,8.44,13.42
6.16,8.76,13.05
5.82,10.5,14.56
6.91,11.25,13.11
7.06,11.34,13.66
6.37,11.25,12.66
5.49,10.55,13.97
6.6,8.27,14.9
7.14,9.34,14.81
6.85,11.65,12.89
6.17,10.01,14.94
6.31,8.43,13.1
6.89,9.8,13.09
7.38,9.49,13.96
7.39,9.43,13.22
5.65,9.77,13.13
6.02,12.49,13.82
6.52,8.92,13.97
5.35,10.12,12.82
6.14,8.87,13.12
6.79,12.23,13.7
6.47,11.19,13.82
5.7,9.05,12.61
7.28,10.2,13.87
6.16,8.17,13.45
6.1,12.38,13.56
7.37,11.13,12.95
6.85,9.85,13.32
7.37,12.39,12.61
7.25,11.78,14.17
6.73,7.83,13.68
5.47,10.63,13.34
5.88,9.84,13.73
5.5,7.66,12.57
5.44,11.19,12.57
5.61,11.98,13.13
7.36,9.59,12.86
5.02,12.49,14.48
6.94,12.03,12.92
7.42,9.23,14.05
5.23,9.48,13.4
6.92,9.85,13.58
5.4,11.69,14.46
7.41,11.92,14.96
5.49,10.52,13.5
6.37,12.23,14.8
5.14,8.18,13.09
5.12,9.84,15
7.2,9.37,14.44
6.82,8.44,14.95
5.54,11.2,13.74
5.12,10.88,13.98
5.78,7.91,13.04
6.14,11.08,12.53
6.85,7.88,13.47
5.89,8.78,14.45
7.38,7.65,12.74
5.94,11.5,14.11
6.43,7.96,14.18
5.57,11.18,13.76
7.4,10.85,14.64
7,9.89,14.59
6.39,10.29,13.73
5.27,8.71,13.49
5.96,11.02,13.44
5.42,9.08,14.88
6.41,8.67,13.19
6.35,11.3,13.75
5.57,9.27,13.16
6.99,9.87,12.65
6.96,11.61,14.45
6.63,7.56,13.6
7.39,11.59,13.41
5.02,10.05,13.18
5.69,9.47,13.23
5.6,8.21,12.68
5.18,10.84,14.45
6.11,12.12,12.99
7.45,8.72,12.78
6.3,9.48,14.26
6.46,10.81,12.58
6.99,8.22,14.74
6.7,10.65,13.42
7.03,9.17,13.34
5.45,7.72,14.43
6.95,10.36,13.13
6.46,11.05,13.79
6.66,12.02,14.16
7.09,11.02,14.8
7.41,11.19,14.11
5,7.54,13.85
6.04,7.63,14.47
7,9.16,14.47
5.86,9.94,13.12
6.81,11.78,14.92
7.37,7.54,12.77
5.85,12.25,12.71
5.44,12.09,13.76
6.67,12.26,13.1
7.05,12.38,13.82
5.66,10.08,12.53
6.66,11,14.71
6.17,11.27,14.42
5.36,9.36,14.87
7.3,11.16,12.94
5.8,12.41,13.07
7.3,9.89,14.71
5.41,11.91,13.89
6.54,10.65,14.75
6.36,11.33,12.6
6.56,11.77,13.58
5.57,9.83,13.02
6.39,12.09,13.43
5.06,11.88,13.69
7.45,9.19,14.98
5.98,9.39,13.09
6.75,9.72,13.95
5.37,9.46,14.86
5.29,8.49,12.54
6.88,10.42,14.62
7.48,8.15,12.67
7.22,11.11,14.92
6.29,9.58,13.74
6.42,10.52,13.5
5.15,12.08,12.66
6.31,8.53,14.59
5.26,8.23,13.49
7.04,10.91,13.09
6.37,9.5,12.68
5.61,8.94,12.94
6.44,7.76,13.44
6.2,11.78,13.86
5.21,8.01,13.06
7.34,7.87,13.19
6.56,11.13,14.49
5.82,7.76,12.98
5.42,12.03,14.15
5.48,10.3,12.96
6.69,8.3,13.14
7.06,12.24,14.95
6.01,11.67,13.27
6.13,9.86,14.45
6.71,8.35,12.67
6.11,9.42,13.61
6.71,9.73,14.37
7.2,11.72,13.97
6.45,9.69,13.31
7.04,8.42,13.9
6.19,9.57,13.52
7,9.63,14.96
5.22,11.82,13.88
6.59,10.56,12.51
5.04,11.71,14.51
6.51,12.37,12.96
7.14,8.77,13.49
6.8,9.95,12.63
6.1,12.4,13.69
5.04,9.3,14.2
5.77,8.85,13.18
5.49,10.83,12.87
7.49,10.79,13.49
6.21,11.76,12.54
6.85,11.26,12.58
5.32,12.11,13.29
5.97,12.36,13.4
7.19,8.6,12.73
5.13,12.48,13.44
5.63,7.64,12.72
5.59,8.91,13.66
7.22,7.94,12.64
6.31,9.69,12.72
7.29,10.94,14.24
5.55,11.92,14.56
5.87,8.56,12.99
5.02,9.96,12.83
5.91,8.45,13.81
6.42,9.69,13.27
5.62,8.86,13.5
5.82,9.04,13.3
5.84,8.6,12.65
6.82,8.19,12.53
5.11,9.99,13.43
6.82,11.69,14.71
6.62,8.75,13.03
6.34,7.81,14.46
5.52,8.31,14.77
6.11,9.78,13.8
5.1,8.99,13.92
7.35,10.62,14.56
6.48,7.66,12.71
7.19,12.2,14.66
6.07,9.37,14.03
5.76,11.35,13.8
6.11,11.16,13.25
5.71,11.48,13.45
5.01,8.28,14.46
6.15,12.48,13.72
6.83,7.74,14.04
5.44,12.19,13.91
6.26,11.8,12.65
5.61,10.31,12.75
5.18,10.26,13.67
7.31,11.36,13.89
5.92,9.44,13.53
5.07,8.39,13.63
6.81,9.27,14.87
6.31,12.39,13.02
5.85,12.04,14.54
5.02,8.76,13.24
5.33,10.52,12.6
5.32,10.27,12.55
5.37,11.01,13.6
5.5,11.57,14.02
7.44,7.54,13.4
6.99,7.94,13.47
6.93,9.28,12.57
5.93,11.76,14
6.94,10.67,13.57
7.22,11.95,13.38
6.43,10.61,13.97
5.26,10.04,12.53
6.7,12.26,14.29
6.51,10.45,13.69
6.3,10.99,14.78
6.78,12.19,13.91
6.85,9.49,12.62
7.05,8.55,13.49
7.49,9.02,13.28
7.03,8.6,14.23
5.82,12.34,14.27
7.06,10.16,13.96
6.47,12.42,14.07
6.88,8.54,13.77
5.89,12.26,13.32
6.42,11.65,13.05
6.61,7.8,13.32
5.56,11.76,13.87
6.16,10.97,14.23
5.49,8.92,14.45
6.28,11.69,12.98
6.4,8.03,13.95
6.21,11,12.95
6.25,11.38,14.87
5.68,10.14,14.55
6.94,9.34,13.91
5.3,8.46,14.27
5.73,9.39,13.46
6.5,9.68,14.69
6.84,11.31,13.9
5.06,10.68,14.47
5.99,8.54,14.42
6.69,11.15,12.83
5.1,10.36,13.54
5.08,10.42,14.08
5.36,10.12,12.55
7.16,8.72,14.84
6.52,9.92,13.81
7.33,7.5,14.79
5.01,10.17,13.83
6.32,12,14.97
5.23,8.74,14.13
6.8,12.46,13.44
7.06,8.66,14.86
6.46,7.91,13.07
5.57,8.99,13.79
7.45,7.79,13.3
5.82,9.75,12.89
6.87,9.68,13.33
7.17,10.95,14.78
5.1,8.03,12.92
7.46,7.93,14.72
5.94,11.11,13.19
5.26,9.14,14.58
5.16,8.05,15
5.68,7.91,13.05
5.99,8.18,13.38
5.52,12.09,14.22
5.01,11.8,13.73
5.86,8.23,13.16
6.52,8.01,12.79
5.39,8.9,12.64
6.15,7.81,14.76
6.51,12.01,14.92
6.44,9.11,12.8
7.48,8.03,14.29
5.64,7.8,12.84
6.55,10.83,12.68
6.03,7.73,14.53
5.96,11.88,14.62
7.49,11.34,14.34
6.41,8.13,13.93
5.9,8.11,13.6
5.4,7.89,14.24
5.99,11.5,14.61
5.47,10.84,14.02
6.24,12.01,13.52
5.17,12.13,13.79
6.4,7.96,13.69
6.62,8.11,14.96
5.21,9.66,14.35
5.43,7.73,14.28
6.53,9.15,12.53
6.01,7.59,12.73
5.61,10.1,12.78
6.54,8.55,12.59
6.24,11.92,13.63
6.08,11.32,14.22
7.39,10.4,14.34
7.19,10.55,14.46
6.28,8.99,13.18
6.24,9.4,13.92
5.23,8.75,12.92
6.7,8.69,14.93
7.22,9.78,14.85
5.01,9.35,12.59
5.45,9.81,12.52
7.33,11.04,14.28
5.72,8.84,14.79
5.24,9.23,12.7
6.93,8.92,14.05
5.05,10.6,14.2
5.59,10.35,14.09
6.59,8.57,14.92
5.39,8.11,12.51
6.19,8.22,14.83
5.8,9.9,13.75
6.82,8.18,12.92
6.79,9.67,12.92
6.67,12.32,12.62
5.52,7.78,13.36
6.16,10.91,12.53
5.58,8.95,13.58
6.2,9.09,13.3
6.75,12.05,13.65
5.59,8.27,14.21
6.08,8.49,13.76
6.97,10.16,13.34
5.14,12.47,14.18
6.47,8.75,13.2
6.82,8.88,13.23
6.48,9.11,13.44
6.56,8.44,14.61
7.24,9.1,14.4
6.74,7.87,13.95
6.32,8.49,14.06
7.11,11.31,14.31
5.65,9.61,14.25
7.27,7.68,14.34
7.37,7.69,15
5.31,10.3,13.24
7.25,7.6,13.69
5.38,8.6,14.56
6.05,12.36,13.05
7.31,7.67,13.06
5.75,10.62,13.7
6.14,11.08,13.17
5.14,9.3,13.26
7.33,11.11,13.21
5.27,7.98,14.97
7.05,11.68,13.24
6.23,11.15,13.62
7.25,12.27,13.1
6.58,8.39,14.96
6.75,8.69,13.02
5.33,12.31,14.08
6.46,10.37,13.33
5.78,9.44,14.25
6.32,9.67,13.41
7.25,11.83,14.47
5.11,12.16,14.76
6.06,9.31,13.03
5.55,8.96,12.81
5.01,9.4,13.34
6.09,12.09,13.17
5.25,9.15,14.55
6.15,7.82,13.92
5.57,8.29,14.65
7.07,7.97,13.12
7.42,12.04,13.87
5.45,10.42,14.89
7.11,11.21,14.3
5.64,8.35,14.44
6.08,11.19,14.91
5.52,11.02,14.24
6.89,7.71,14.78
6.87,7.97,12.82
5.78,9.11,14.54
5.41,7.8,13.96
6.41,10.76,14.59
6.18,8.14,13.61
6.87,11.77,14.29
5.75,12.36,14.88
6.94,10.15,14.12
5.51,10.66,14.22
6.58,11.99,13.6
6.36,11.52,12.74
6.36,12.11,13.34
6.24,9.45,12.93
5.01,8.69,14.03
6.64,10,15
6.56,9.98,13.93
5.23,8.64,13.26
7.13,8.89,13.35
6.31,8.15,12.84
5.58,11.29,13.52
6.17,10.37,13.6
6.46,7.92,13.39
5.18,10,12.78
5.16,8.65,14
5.36,8.05,14
6.82,9.7,14.78
5.16,11.16,14.62
6.11,9.69,12.57
6.14,8.32,14.05
6.48,10.06,14.72
5.75,12.45,13.87
6.16,8.75,14.25
6.73,10.3,12.92
7.33,12.2,12.69
7.46,10.55,13.4
5.15,9.65,13.77
5.97,10.61,14.49
6.11,8.63,13.42
5.78,9.37,13.21
6.44,10.62,14.12
5.07,10.76,12.99
5.26,12.16,14.62
5.21,9.3,14.66
6.81,11.92,13.52
5.49,10.01,12.92
7.13,11.15,12.79
5.54,9.55,14.74
6.82,7.73,14.31
6.56,8.54,13.66
7,12.03,14.68
5.3,10.25,13.88
5.14,11.26,12.5
7.08,8.44,12.86
5.03,7.71,13.54
5.83,9.46,12.89
5.34,7.88,12.92
5.57,11.35,14.97
5.08,8.51,12.87
6.83,8.58,13.51
5,10.12,13.34
5.73,7.64,12.71
7.2,8.74,13.08
5.2,9.92,12.76
5.47,11.67,13.54
6.91,10.02,12.93
5.98,8.21,14.49
6.57,10.35,13.24
5.27,8.24,12.7
7.45,10.7,14.44
6.98,12.46,14.99
6.58,9.39,13.95
6.25,10.24,13.91
6.82,11.86,14.07
5.13,10.04,14.75
5.02,9.61,13.1
7.02,8.65,14.58
7.08,8.18,13.24
5.26,9.99,13.71
6.88,7.67,14.23
6.08,7.65,12.63
7.19,11.42,13.93
5.08,8.09,14.63
7.19,9.84,12.68
6.16,8.66,14.04
6.24,8.33,12.86
5.12,8.24,12.9
6.3,8.52,13.45
5.61,10.82,14.79
6.06,8.4,13.34
7.45,8.03,14.32
6.77,11.56,14.86
5.09,11.96,13.68
6.37,12.16,14.84
5.2,9.34,14.22
6.13,10.02,14.13
6.58,10.95,13.93
6.54,8.86,13.72
7.23,12.39,13.03
5.79,8.46,12.99
5.49,11.89,12.86
6.89,8.67,13.34
7.43,9.98,13.53
6.57,9.87,13.94
5.98,10.63,13.76
5.68,10.25,13.28
5.99,8.37,12.53
6.06,11.63,13.03
5.73,11.96,13.64
5.83,12.07,13.94
5.82,10.07,14.83
5.49,11.93,14.41
5.66,9.08,12.71
6.36,8.72,12.85
5.98,8.95,13.76
6.69,11.2,13.56
5.61,12.13,13.39
6.07,8.95,13.12
5.03,9.63,14.58
5.27,11.27,13.67
5.29,9.7,12.92
5.77,11.51,12.9
6.21,12.15,14.42
5.31,11.82,12.82
5.91,8.51,12.87
6.48,11.1,12.64
6.57,11.91,13.04
6.89,7.68,12.95
5.32,8.36,14.75
7.36,9.25,13.15
5.17,11.14,12.62
6.18,9.56,13.24
7.15,10.48,13.77
5.62,8.52,13.99
5.44,9.7,13.77
5.63,10.89,13.43
5.01,7.8,14.36
7.18,8.1,13.33
6.48,11,14.73
5.98,8.89,13.32
5.09,7.92,13.69
5.26,7.66,14.76
5.04,8.66,13.03
6.95,12.49,12.5
6.11,11.41,13.96
5.58,9.21,13.78
7.38,9.01,14.74
7.33,11.79,14.07
6.49,9.25,14.03
6.87,10.15,12.61
7.29,10.38,13.98
5.56,10.88,13.39
6.78,12.03,12.97
5.54,7.56,13.54
6.94,11.35,14.02
6.06,10.91,12.78
6.92,8.17,14.87
5.54,11,13.64
5.98,12.14,12.87
7.01,11.82,14.28
6.96,9.18,14.86
6.12,11.22,13.87
6.43,10.28,14.62
7.26,7.67,13.56
5.99,10.77,13.83
7.42,12.32,14.68
5.91,12.49,14.21
5.82,11.34,14.24
6.6,11.24,13.93
6.79,8.21,13.94
5.32,8.9,13.61
6.18,11.82,14.2
7.38,9.07,13.32
6.64,11.27,12.9
6.09,9.52,12.59
6.8,8.77,14.26
6.77,11.66,14.6
6.67,9.01,13.05
6.83,10.93,14.18
6.86,11.75,13.48
5.4,8.87,13.96
6.63,8.78,14.43
6,9.66,12.7
6.39,8.59,14.74
5.61,10.93,13.35
5.25,8.81,13.59
6.63,8.43,14.02
6.39,11.92,13.83
6.53,8.33,13.33
7.28,12.47,14.36
5.95,12.44,13.56
5.87,8.86,12.5
7.34,10.75,13.37
7.34,10.84,13.51
5.97,9.12,14.19
5.66,11.12,12.85
6.19,10.32,14.25
6.06,7.73,12.7
5.98,10.44,12.92
6.64,11.19,14.54
5.93,10.58,13.51
6.76,11.89,12.67
6.64,10.33,14.98
6.92,11.88,14.59
6.93,7.89,13.44
5.22,10.65,14.53
6.32,7.92,13.62
5.88,10.74,13.09
5.58,10.45,12.82
7.19,12.12,14.6
6.11,8.13,14.1
6.79,12.08,13.17
7.2,7.83,12.6
6.66,11.28,14.28
6.47,10.35,12.5
6.17,12.37,12.58
6.19,11.94,13.14
5.11,10.93,14.72
6.62,11.82,12.82
7.28,8.17,14.35
6.8,8.29,14.88
5.17,12.15,14.7
6.81,7.85,13.19
5.4,8.36,12.73
6.83,9.56,14.55
7.32,9.4,13.66
5.02,12.06,13.17
7.36,10.26,13.96
6.03,8.51,13.22
7.09,11.44,14.81
5.82,12.38,13.48
6.82,9.88,13.38
5.18,11.22,14.96
5.71,11.77,12.84
6.22,7.67,12.63
5.64,11.58,14.09
6.38,7.94,13.14
5.31,8.08,14.77
5.25,12.29,12.76
5.23,9.66,12.87
6.74,10.43,14.74
5.23,12.04,13.86
7.45,7.6,14.52
7.34,9.52,12.51
6.26,8.37,12.57
6.23,10.05,13.91
7.09,8.39,13.63
5.88,10.89,14.7
6.61,9.25,14.92
5.51,10.21,13.46
6,8.96,12.63
6.09,7.78,13.51
7.4,12.04,12.79
6.41,11.23,13.14
5.47,9.01,13.9
7.05,11.84,14.62
6.87,8.24,13.15
7.01,8.08,12.64
5.64,8.33,12.83
6.97,9.71,14.42
6.97,11.86,13.87
5.73,8.88,14.11
7.44,8.52,14.6
6.53,11.5,12.88
6.94,11.91,13.94
5.13,10.07,14.24
7.15,11.48,14.34
5.95,8.86,14.07
7.18,10.39,14.24
5.99,11.11,13.7
6.88,7.99,12.93
5.02,9.05,14.25
5.77,8.79,14.26
5.62,8.82,13.54
6.3,8.95,12.88
6.56,11.62,13.07
5.46,10.14,13.65
5.47,8.56,12.53
5.55,9.49,14.97
6.04,10.22,13.13
6.36,10.79,13.12
7.07,12.36,13.45
6.66,9.23,12.95
7.07,11.12,14.11
7.26,11.33,13.77
6.03,8,14.09
6.41,9.89,14.57
6.54,7.93,14.25
5.56,8.85,13.42
6.43,10.49,14.45
5.41,9.07,13.9
5.86,8.62,12.75
7.09,8.17,14.19
7.42,8.53,14.86
5.83,8.97,14.92
7.21,11.71,14.87
6.03,9.97,12.84
6.29,10.09,13.69
6.52,9.18,13.79
6.13,10.74,14.52
6.99,11.93,12.88
6.41,10.45,13.36
5.14,7.78,14.04
5.13,7.67,12.74
6.64,10.86,13.83
5.38,10.66,14.33
6.98,11.16,14.38
6.57,11.28,14.68
5.27,8.99,14.66
5.52,10.58,14.85
6.94,12.08,14.49
6.43,11.07,13.86
7.38,10.06,13.05
6.48,9.71,14.63
6.89,9.88,13.52
5.06,9.92,15
5.59,11.37,13.84
7.38,9.96,13.24
5.3,7.88,12.58
6.79,12.09,13.32
5.94,10.33,14.65
6.67,9.7,14.54
5.28,10.45,13.39
7.43,9.52,14.99
6.04,10.07,14.22
6.79,9.87,13.42
6.72,11.65,14.9
6.83,8.06,12.72
5.17,8.82,14.67
6.15,11.29,13.69
5.47,8.58,14.53
6.8,12.27,14.91
6.79,8.32,13.51
6.65,10.52,13.87
5.52,7.95,14.33
5.98,7.85,13.91
7.17,9.61,14.59
6.91,9.65,13.23
7.19,8.26,13.06
6.37,10.99,14.25
5.84,12.24,13.96
7.38,8.37,14.26
6.47,11.07,14.41
7.34,11.45,13.92
7.41,8.51,13.98
5.11,8.21,13.06
6.51,9.19,13.05
7.13,8.04,14.44
5.49,9.79,14.07
7.17,9.88,13.25
6.18,11.83,13.22
6.64,11.36,14.83
5.72,11.21,13.5
7.07,9.53,14.55
6.82,9,14.09
5.97,9.19,14.56
5.03,9.74,14.41
7,8.04,13.01
6.46,10.85,12.94
5.22,8.41,13.89
6.07,7.87,13.04
5.95,10.97,14.53
6.73,8.56,14.19
6.38,12.26,13.26
6.24,9.71,12.85
6.71,11.28,12.57
5.09,8.48,14.18
7.22,10.19,14.59
5.37,10.73,13.03
5.19,9.7,14.55
6.32,8.68,12.73
6.95,8.04,14.52
7.25,8.65,12.74
7.1,8.81,12.92
7.08,8.19,12.73
5.9,10.09,13.39
6.39,9.91,12.76
5.15,10.75,13.89
6.43,9.55,14.03
7.08,11.57,13.75
5,10.02,12.76
6.81,9.05,13.14
5.86,12.24,14.29
6.82,11.67,13.01
5.61,12.35,12.76
5.24,8.31,13.51
7.11,7.51,14.66
6.88,10.44,14.08
5.3,12.33,13.66
6.75,9.28,13.97
6.81,8.56,13.1
5.48,11.61,14.93
6.45,8.04,12.68
5.04,11.67,13.14
7.12,10.5,13.49
6.94,7.93,14.01
7.47,9.99,13.63
6.96,9.44,12.96
5.45,11.25,14.32
7.32,8.97,13.87
6.76,10.56,14.04
7.31,7.85,13.72
7.04,12.03,14.02
6.02,9.21,14.51
6.89,10.99,13.71
6.77,8.57,15
5.18,9.86,14.27
6.2,8.34,14.87
5.49,8.62,13.48
5.29,11.3,13.46
5.05,8.36,12.6
5.78,9.33,14.4
5.34,9.97,12.56
7,10.13,14.41
5.52,9.81,13.59
5.61,11.2,14.56
6.1,7.75,14.9
5.57,9.72,12.71
5.28,10.26,13.59
7.11,8.02,12.71
5.77,7.57,13.37
6.77,8.05,14.05
5.91,9.75,13.04
7.07,7.96,13.34
6.88,11.75,13.85
6.3,10.61,14.81
6.32,11.04,13.31
7.28,11.1,14.34
5.42,9.88,13.8
5.26,10.6,14.58
6.97,11.79,13.78
6.9,8.59,12.86
5.39,10.18,13.18
5.63,9.01,13.2
5.6,12.24,13.04
5.27,10.37,14.27
5.46,9.22,14.29
7.45,8.41,14.88
6.86,10.49,13.54
6.3,7.58,13.48
7.16,8.35,12.96
7.17,10.32,14.87
6.6,8.06,14.87
5.6,10.34,14.02
7.4,12.48,13.52
7.08,11.61,14.01
6.72,10.68,14.75
6.32,12.19,14.99
7.13,12.17,14.08
6.51,10.13,14.92
5,12.07,12.73
5.35,7.96,12.97
6.97,10.46,12.97
5,9.65,13.7
5.72,11.53,14.67
6.51,10.68,14.29
6.29,8.39,14.22
5.26,9.35,13.47
5.43,10.14,14.86
5.44,7.54,14.53
7.18,10.09,13.2
6.66,12.33,12.76
6.34,11.49,13.08
6.24,10.38,12.58
5.65,10.51,12.63
6.67,8.64,14.16
5.11,9.73,13.65
5.54,8.86,14.81
5.92,8.44,13.74
7.14,9.84,13.84
5.39,11.92,13.79
7.11,12.01,14.69
6.74,9.01,14.33
7.35,11.46,13.99
5.94,8.09,14.64
7.07,10.12,13.4
7.2,8.09,13.45
7.29,11.58,14.4
7.34,10.87,13.43
6.76,9.38,13.49
7.32,8.64,12.55
6.52,9.98,13.91
5.72,12.33,13.85
6,11.58,14.33
5.62,7.65,13.08
6.05,12.4,13.4
5.6,11.15,13.77
5.21,9.66,14.61
6.1,7.74,13.36
5.18,8.79,13.72
7.39,9.08,13.21
7.29,10.72,12.52
6.93,8.59,13.73
6.47,9.54,14.9
6.12,9.17,14.45
5.66,12.35,14.51
5.4,11.61,13.14
5.46,9.14,13.57
5.99,7.82,14.07
7.05,11.85,13.6
5.03,9.28,12.56
7.38,11.57,14.15
6.6,7.83,14.96
6.13,11.25,13.14
6.41,11.31,13.82
5.45,12,14.9
7.19,11.74,13.22
7,9.18,12.96
5.34,9.13,14.64
5.77,12.39,13.12
7.33,9.11,13.85
5.74,10.46,13.04
5.91,7.52,13.89
5.25,10.39,13.08
6.26,7.78,13.81
5.66,10.82,12.97
7.25,11.02,14.32
6.07,9.09,14.07
7.01,9.05,12.71
6.78,9.06,14.54
5.91,11.83,12.71
5.75,11.52,12.52
7.38,8.5,13.31
6.67,10.52,14.54
6.33,12.43,12.93
5.31,9.63,12.73
5.94,11.68,14.58
7.23,9.24,13.52
6.3,12.49,13.55
7.3,11.69,14.9
5.08,9.61,12.9
5.69,9.47,13.32
5.46,9.66,12.57
6.99,11.55,14.76
6.47,11.76,12.87
5.49,8.87,14.38
6.75,9.74,13.3
6.56,12.45,14.74
5.04,7.65,14.09
6.67,11.32,12.62
6.6,7.99,13.2
5.91,11.04,12.63
5.93,8.16,14.86
6.93,11.89,13.88
6.71,9.09,15
6.18,9.72,14.72
6.55,12.19,12.86
5.42,10.97,12.56
6,11.97,12.75
5.93,12.39,12.75
6.11,9.92,14.77
7.45,10.46,13.14
5.91,9.77,13.15
7.39,12.14,14.21
7.22,11.44,14.68
6.3,7.73,13.45
5.26,10.63,13.38
6.96,8.01,12.51
5.91,9.93,13.26
5.25,10.85,12.86
6.68,10.46,15
6.1,11.22,13.56
6.45,7.64,13.76
6.71,9.99,14.1
6.54,10.04,14.06
7.46,7.97,14.72
6.09,9.93,14.8
5.99,11.13,13.92
7.11,8.62,13.19
5.73,11.8,13.24
7.49,10.26,13.35
6.98,9.43,14.36
5.67,9.9,13.54
6.54,7.88,13.7
6.47,12.15,14.32
7.3,10.58,13.64
5.68,7.97,14
7.05,8.48,14.18
5.56,7.59,12.55
6.86,8.27,13.98
5.51,12.12,13.72
5.07,9.65,12.75
7.32,10.5,13.98
6.72,10.54,12.93
5.42,11.28,14.39
6.98,11.37,12.54
5.32,12.1,13.39
7.4,11.24,13.38
6.28,8.05,14.62
7.05,7.91,14.56
6.58,8.54,12.89
5.47,8.27,13.25
5.02,8.86,13.55
6.95,10.7,13.67
7.09,8.15,14.97
6.23,11.79,12.8
5.19,10.59,14.13
7.42,9.72,12.83
7.29,10.92,13.04
5.32,7.51,13.96
6.67,11.39,14.7
5.94,8.06,13.25
6.09,10.6,14.54
5.86,7.73,13.99
5.78,8.7,14.31
6.11,10.85,14.91
7.49,9.28,13.52
5.72,11.68,13.26
5.1,11.46,13.63
5.87,11.55,14.55
7.37,8.55,12.8
6.64,10.68,14.22
5.3,9.86,14.04
7.48,8.75,14.87
6.67,11.82,13.48
7.28,10.15,14.14
5.47,10.8,12.88
5.24,10.69,14.32
5.98,12.1,12.9
6.26,8.27,14.19
7.26,8.13,14.67
6.08,10.47,13.39
6,10.52,14.43
6.21,9.51,12.75
6.54,7.74,12.62
5.99,11.27,13.25
7.05,7.84,13.31
6.71,10.75,14.35
5.1,10.95,13.52
7.47,9.43,14.76
7.13,11.94,13.5
6.68,9.96,13.46
6.86,12.14,14.05
6.8,11.13,14.85
6.24,11.53,12.99
6.67,9.27,12.75
6.87,7.74,13.38
5.82,11.63,14.06
5.35,9.98,12.54
7.22,11.96,13.06
6.73,11.33,13.93
5.18,8.77,13.5
5.83,7.62,13.22
5.17,12.39,12.57
5.18,9.78,13.9
6.53,9.24,13.42
6.63,9.91,14.93
5.44,9.4,14.96
7.43,9.97,13.39
6.05,11.57,13.74
6.39,8.85,13.73
7.09,12.09,14.14
7.48,11.52,14.08
6.65,8.46,14.23
6.82,8.31,14.4
7.46,7.97,13.07
6.59,10.7,12.5
5.38,11.49,13.12
5.46,11.88,14.73
5.22,8.71,14.48
5.65,11.71,13.1
7.12,9.58,13.55
6.15,11.82,14.23
7.47,10.22,13.93
5.57,7.78,13.21
6.97,8.29,13.04
6.68,11.24,14.57
7.23,10.12,14.74
6.8,11.33,13.68
6.83,11.19,14.33
6.2,7.95,13.86
5.21,12.14,13.29
5.51,8.91,14.48
7.14,10.05,14.37
6.75,8.5,13.88
6.55,11.61,14.74
6.31,11.84,13.29
6.97,11.12,14.3
5.65,7.72,14.74
6.93,8.89,13.33
7.16,10.39,14.62
6.22,11.64,14.38
7.01,11.06,13.1
5.58,8.53,14.92
5.68,9.27,13.8
5.74,8.05,14.76
5.1,8.73,14.43
7.18,11.56,13.26
5.77,11.53,12.56
7.22,12.2,13.91
6.13,7.59,13.41
5.45,9.34,14.73
5.59,9.03,14.43
6.45,9.42,13.26
5.22,12.17,13.31
7,10.34,14.85
6.02,11.9,13.89
5.42,9.32,14.57
6.83,9.02,14.46
5.85,9.89,12.5
5.63,10.85,14.04
7.26,9.88,14.99
6.06,8.23,13.18
5.89,9.73,12.68
5.86,11.64,14.51
7.3,8.58,14.08
5.79,8.54,12.63
5.29,10.61,13.75
7.04,8.14,14.34
7.48,12.28,13.35
5.96,12.26,12.59
5.93,11.98,14.7
5.45,8.18,14.32
5.2,12.25,14.36
7.1,9.92,13.08
5.43,11.67,13.28
7.14,10.15,13.44
6.97,10.6,12.78
7.25,11.57,14.51
7.33,11.66,13.13
5.23,10.38,14.18
7.24,11.87,14.85
6.51,11.03,12.92
7.09,12.14,13.44
5.04,12.23,13.13
6.01,7.97,14.3
5.58,11.8,13.77
6.29,10.61,14.52
6.2,9.54,12.91
5.92,8.11,13.77
6.83,10.11,12.76
7.26,10.72,14.32
5.07,7.87,13.19
6.87,11.65,13.02
7.44,7.85,13.14
5.42,10.04,14.62
6.33,9.45,13.64
7.12,7.59,14.61
5.04,10.83,13.21
5.46,10.74,12.74
6.28,9.23,13.01
6.98,11.38,13.11
5.81,12.49,13.3
5.1,11.67,12.94
6.16,10.37,12.82
6.6,12.44,14.89
7.09,9.02,12.51
6.88,10.88,14.03
5.14,12.29,13.2
5.36,8.17,12.79
5.79,10.75,14.97
5.46,8.72,13.29
5.19,10.82,14.4
5.07,9.62,12.59
5.45,10.33,14.51
5.26,11.88,13.81
6.58,11.36,14.15
5.39,9.98,14.35
5.99,12.11,12.99
6.13,12.21,14.59
5.95,11.15,13.94
5.3,7.87,13.45
5.46,12.32,12.83
5.5,8.01,13.01
7.38,10.66,13.84
6.24,10.07,14.82
6.14,10.62,15
6.97,10.03,13.89
5.58,8.04,14.34
7,10.51,13.53
6.58,9.66,12.6
5.7,8.85,13.24
7.13,8.86,14.07
6.39,11.4,13.4
5.99,11.49,14.45
5.12,8.37,13.52
5.5,10.61,13.63
5.39,9.85,13.45
5.61,7.77,14.82
6.43,8.77,12.85
5.26,8.07,14.74
7.06,7.85,12.74
6.03,9.36,13.59
5.64,10.06,15
7.46,12.28,14.5
5.36,8.76,12.94
6.05,9.78,13.02
5.9,9.37,12.91
5.03,11.05,13.77
7.15,12.26,14.47
5.23,11.45,14.36
6.32,11.48,13.31
7.33,11.33,12.79
6.7,11.09,13.51
6.5,11.7,13.46
6.22,8.98,13.97
6.35,12.06,14.23
6.6,12.36,12.64
7.18,10.37,12.98
5.33,8.01,14.49
6.01,8.94,12.58
6.09,8.01,14.54
5.83,11.34,13.45
5.17,9.47,14.37
6.63,8.41,12.59
6.6,9.04,14.81
5.29,10.89,13.29
5.49,10.05,13.63
7.19,12.42,13.31
5.52,9.27,14
5.43,10.42,14.23
6.22,9.99,14.76
6.82,9.82,14.67
6.77,7.84,13.55
6.43,10.55,13.12
7,11.42,14.43
7.28,10.87,14.26
5.95,8.6,12.55
5.72,8.69,14.44
5.99,8.2,14.08
6.79,7.53,14.51
7.05,12.44,12.51
5.69,11.39,13.16
6.14,12.08,13.23
7.47,11.81,14.72
6.39,8.26,14.14
7.08,8.48,13.36
5.68,8.65,13.64
6.5,7.99,14.02
5.99,11.32,12.75
5.68,11.69,13.4
6.41,11.79,13.08
5.32,11.69,13.28
5.26,9.35,12.55
7,12.18,12.81
6.47,9.23,13.83
7.18,8.28,13.19
5.04,10.17,14.37
6.7,11.23,14.36
5.95,8.26,14.95
6.91,8.02,13.16
5.05,11.35,14.62
5.98,7.6,12.98
6.3,7.66,13.42
6.16,9.99,13.07
5.52,7.64,13.94
6.89,8.29,12.52
5.11,8.17,14.63
7.35,11.31,14.42
5.15,7.52,14.11
5.46,10.59,14.86
7.11,9.8,13.14
5,9.95,14.92
6.94,9.68,13.07
5.76,11.49,14.18
5.6,8.94,14.51
6.67,11.36,13.82
7.04,7.82,12.66
5.84,10.2,13.81
5.59,10.58,14.02
6.19,11.71,12.9
6.85,11.88,14.73
7.16,12.33,14.78
6.88,10.54,14.71
6.31,11.72,14.39
6.92,10.53,14.44
6.27,11.47,12.8
6.92,8.09,14.52
6.06,7.5,13.76
7.17,10.68,12.61
6.48,12.42,14.87
6.05,8.73,12.71
5.14,11.92,13.1
6.23,9.66,12.9
7.39,10.26,14.11
5.39,10.72,12.9
6.26,9.17,13.36
7.06,8.74,14.69
5.81,12.15,14.23
6.23,10.78,12.99
5.67,8.03,14.88
5.59,12.19,13.83
6.07,11.16,14.66
6.81,10.83,13.27
5.63,8.22,14.32
6.98,11.66,13.01
6.11,9.68,13.37
7.23,8.28,14.58
5.28,10.73,13.37
6.75,11.52,12.88
7.02,10.29,14.69
6.76,11.91,14.09
5.48,12.12,12.52
5.13,8.11,12.7
5.94,11.57,14.47
6.1,10.08,13.18
7.01,9.34,14.21
6.91,8.87,13.37
5.09,7.7,14.81
6.06,8.22,13.43
5.07,12.12,14.28
5.04,9.42,13.11
5.91,9.41,12.76
6.01,11.56,14.76
5.77,7.69,13.3
7.17,8.6,13.44
6.07,8.64,14.29
7.06,10.36,14.95
5.94,12.49,13.03
5.57,11.99,12.9
5.32,10.92,14.73
5.33,12.37,13.18
5.03,10.95,13.48
7.29,9.49,13.45
6.79,10.3,13.32
5.37,10.91,13.96
5.74,11.64,14.96
6.6,10.45,14.51
6.86,8.1,13.51
6.82,7.68,12.8
5.44,8.56,13.27
7.26,9.13,14.82
7.29,10.4,13.45
6.78,11.27,13.14
5.51,7.87,12.7
5.11,11.33,13.35
5.12,8.98,13.06
5.16,8.66,14.31
6.31,11.55,14.47
6.42,9.38,12.95
7.29,9.75,12.67
5.02,9.25,14.89
5.82,9.66,14.53
7.3,7.78,13.17
5.48,9.76,13.53
7.02,9.47,14.77
5.48,11.36,12.82
6.61,11.79,12.63
5.44,11.74,14.14
5.59,10.58,14.27
6.4,12.04,14.85
6.37,11.48,12.56
5.41,11.31,14.1
6.69,11.11,13.4
7.41,9.06,14.81
5.53,7.69,13.94
5.07,12.49,14.74
7.3,7.6,13.47
7.37,8.2,14.85
7.42,8.94,13.95
6.04,12.49,14.5
7.49,11.75,13.13
6.41,10.19,14.06
6.59,10.37,14.22
6.17,11.89,14.98
7.07,11.09,14.24
5.56,12.15,13.31
5.38,10.53,13.23
5.36,9.09,14.66
6.3,8.74,14.03
6.94,9.72,13.04
7.08,12.33,14.19
5.76,9.46,14.57
5.11,9.15,13.75
7.29,10.08,12.56
5.02,7.95,13.99
6.81,10.59,12.95
5.82,11.98,13.3
6.31,10.18,14.18
7.25,11.63,13.58
5.09,12.36,14.18
5.3,8.9,14.13
6.18,11.94,14.68
5.72,9.36,12.8
6.69,7.84,13.28
7.3,10.32,14.11
7.44,10.13,13.66
5.21,11.82,14.55
6.94,8.77,14.57
7.26,8.5,14.48
6.65,7.76,14.87
6.93,10.74,14.54
6.76,9.29,13.55
5.24,9.85,14.42
5.53,8,14.21
7.11,10.35,14.38
6.67,10.52,14.1
6.01,10.19,13.41
6.04,12.22,13.33
6.36,12.19,14.41
5.7,7.52,14.29
7.33,8.66,14.64
6.74,12.1,14.98
6.22,12,13.63
6.13,8.74,12.64
5.08,9.14,13.39
6.96,11.06,14.69
5.9,8.63,14.9
6.24,11.04,13.09
5.79,10.75,12.66
5.09,12,13.93
7.26,11.91,13.95
5.88,11.13,12.8
6.19,12.32,13.77
6.42,12.38,14.34
5.8,9.39,14.79
7.33,10.42,14.88
5.79,10.44,14.48
5.59,9.72,13.01
5.51,8.21,14.63
5.5,12.01,14.52
5.57,9.92,14.38
6.45,7.5,12.57
5.68,10.64,13.09
6.36,11.97,12.92
7.47,8.34,14.69
5.6,8.19,14.46
5,10.12,14.49
7.11,7.99,14.58
5.7,9.53,12.9
5.58,8.87,12.51
6.09,10.65,14.85
6.49,9.92,13.37
7.16,7.88,12.85
5.67,11.49,13.88
7.26,8.74,14.97
5.44,10.32,13.03
6.46,7.85,14.48
6.97,12.35,13.41
6.1,11.44,13.22
6.32,7.9,14.2
6.92,12.39,14.28
7.11,12.42,13.91
6.08,11,13.79
7.08,10.75,13.47
6.57,12.32,14.23
6.46,12.25,13.27
5.12,8.29,13.76
5,8.89,14.5
5.74,10.44,12.76
6.24,10.32,12.79
5.59,7.65,13.98
5.28,7.7,13.26
7.15,9.7,14.09
7.33,12.47,12.82
5.1,9.37,14.46
6.26,11.81,13.89
6.16,8.13,13.14
5.99,9.58,14.95
5.35,10.38,13
7.15,9.69,14.22
6.19,10.82,14.17
7.01,10.74,14.79
5.96,11.03,13.48
7.11,10.63,14.92
6.24,8.84,13.85
7.2,9.9,13.68
7.05,10.78,13.03
5.61,8.63,13.21
6.39,9.56,12.75
6.24,8.57,12.67
6.83,11.72,14.72
6.9,9.42,13.54
6.6,10.22,13.44
6.74,7.51,13.82
6.27,7.53,14.86
6.12,10.94,12.79
5.18,12.01,14.97
7.1,8.06,12.95
6.01,8.08,13.25
5.17,9.66,14.91
7.28,10.73,13.22
6.19,11.78,13.6
7.14,8.44,14.63
6.4,7.51,14.54
6.79,8.64,14.94
7.15,8.82,13.45
7.41,10.6,14.91
5.85,12.42,13.45
