7.41,9.83,13.25
7.45,11.75,14.06
6.04,7.65,13.36
6.59,11.71,14.44
6.06,9.36,14.25
5.14,9.46,14.52
5.92,8.51,14.93
6.5,11.97,13.7
6.36,9.23,14.36
5.43,11.05,13.63
5.74,7.95,14.35
6.53,10.04,13.88
5.11,9.32,14.41
6.71,8.76,14.63
6.51,11.14,14.93
6.44,11.82,13.16
6.52,10.34,14.95
6.58,9.82,14.35
5.63,9.56,14.82
5.43,8.66,14.9
6.38,9.32,12.7
5.65,12.01,14.67
7.04,10.23,13.19
6.57,8.25,13.05
6.68,9.62,13.45
5.03,11.29,14.3
7.19,11.82,13.23
7.27,8.3,14.62
7.24,9.08,13.77
6.36,8.23,13.35
6.73,11.35,14.23
5.21,12.08,14.93
5.76,11.14,13.56
7.3,11.76,14.51
6.14,11.3,13.27
5.95,11.03,13.12
6.55,8.47,14.75
6.86,9.11,13.5
5.79,12.33,14.59
6.18,8.96,14.21
5.4,11.2,14.11
6.91,8.01,14.03
5.44,10.42,13.12
6.26,8.21,14.18
5.39,12.49,12.75
6.66,9,12.9
7,10.72,14.94
5.1,9.07,14.18
5.95,11.25,14.11
5.39,8.41,13.89
6.59,7.84,13.21
6.94,9.02,14.13
5.99,9.09,14.91
5.76,9.51,13.83
6.94,9.65,13.23
6.12,9.5,12.79
5.85,8.84,12.79
6.59,8.61,14.81
6.97,9.11,14.9
7.23,8.74,13.29
7.47,12.05,14.76
7.42,11.89,13.39
5.4,10.55,13.76
5.72,10.35,14.82
5.25,9.56,13.02
6.11,7.86,14
5.97,10.64,13.36
7.27,11.71,14.69
5.1,9.84,14.71
7.42,7.5,14.37
6.28,11.22,14.83
6.49,8.52,14.27
7.21,10.92,13.2
5.06,9.05,12.91
7.49,10.67,12.88
6.12,9.34,12.79
6.15,11.27,13.38
6.18,8.77,14.93
6.4,9.68,13.3
5.79,7.78,13.21
5.83,7.68,13.8
5.14,11.2,12.77
5.19,10.98,14.53
5.17,8.48,14.46
5.64,12.37,14.06
5.94,8.49,12.74
6.39,11.64,13.29
7.23,7.76,13.25
6.82,9.81,14.28
5.93,9.42,14.24
7.36,10.75,13.44
6.58,8.35,14.22
6.06,10.15,13.93
7.08,12.26,14.3
6.74,10.67,13.5
7.35,10.96,13
7.24,11.26,13.14
7.39,7.99,13.28
5.86,8.6,14.68
6.45,9.94,14.42
6.24,12.44,14.6
6.74,11.38,13.33
6.84,11.88,12.84
7.09,9.62,13.49
6.66,10.1,14.99
6.3,7.65,13.24
7.36,10.79,12.82
5.91,11.19,13.63
7.4,12.1,13.33
5.89,8.52,13.72
6.92,9.81,14.43
6.36,8.64,12.98
6.86,11.8,14.63
5.25,8.19,14.94
5.53,7.71,13.13
6.49,8.69,14.43
6.01,12.49,13.3
6.65,7.51,14.07
5.02,7.56,13.62
5.8,7.9,13.43
6.24,9.26,13.19
5.32,10.7,14.32
5.29,9.75,14.84
7.11,8.4,13.66
5.84,9.51,14.42
7.12,9.38,12.7
5.12,10.32,14.63
6,10.1,13.41
5.89,10.21,14.88
7.07,11.24,13.44
5.55,11.93,12.7
5.51,11.91,13.12
6.15,9.08,13.17
6.9,12.28,13.61
5.51,8.18,13.85
6.44,8.73,13.5
5.58,12.39,14.19
7.49,10.06,14.78
5.71,9.12,13.04
6.62,9.08,13.72
6.47,8.93,14.77
6.81,11.32,14.79
5.98,10.68,12.8
5.58,7.89,14.51
5.12,9.54,14.55
6.92,7.66,12.97
6.82,10.78,14.42
7.42,9.47,14.66
5.47,11.26,13.74
6.45,11.48,13.06
6.51,10.94,13.87
5.97,12.24,13.86
5.91,9.24,14.17
7.31,10.28,13.16
6.19,8.76,13.9
6.13,8.58,14.46
6.06,9.9,13.71
5.46,8.18,14.22
6.7,7.67,13
6.87,10.59,13.16
6.27,9.63,14.25
6.36,7.64,13.22
7.19,9.67,12.88
6.31,8.07,13.51
6.22,8.68,13.42
5.21,12.13,13.68
5.93,10.37,13.06
5.54,10.64,14.81
5.78,9.14,14.84
6.22,9.65,13.88
6.05,9.02,13.14
6.17,9.99,14.15
6.67,10.33,12.53
6.53,11.51,13.65
6.13,9.62,13.15
5.5,9.27,12.9
6.14,8.12,14.53
6.19,8.51,13.71
6.06,10.86,14.85
6.09,11.73,14.16
6.7,12.46,14.78
7.19,8.2,14.6
6.06,8.37,14.32
5.08,11.29,12.64
5.99,8,14.57
6.38,11.94,12.54
6.91,9.02,13.67
6.68,8.12,13.06
7.07,11.94,14.54
5.5,8.72,12.87
5.87,7.69,14.62
5.95,7.99,12.59
5.47,8.78,12.72
6.48,11.8,14.86
5.15,8.91,14.26
6.07,10.68,15
6.41,11.33,14.53
5.95,12.11,13.61
6.73,7.87,14.02
6.25,11.01,12.82
6.33,12.19,12.75
5.66,10.03,12.62
6.5,9.88,13.04
5.56,10.87,14.4
7.18,11.49,14.79
6.75,11.39,14.39
5.48,7.67,14.32
6.6,9.08,13.12
5.83,11.81,12.58
5.4,7.64,14.83
5.56,11.4,12.51
5.24,11.84,13.71
6.52,9.26,12.85
5.87,11.43,12.65
7.26,10.05,14.5
7.13,10.81,15
7.2,12.49,14.72
7.32,8.42,14.38
7.08,9.34,14
5.17,8.1,13.18
6.94,9.96,14.12
5.01,8.16,14.75
5.59,9.36,13.09
5.03,8.11,13.41
5.06,11.09,12.99
5.27,8.39,14.96
5.41,12,14.94
6.34,8.33,14.49
7.26,8.68,14.35
5.58,10.72,12.63
6.04,10.13,14.26
6.49,7.52,13.45
5.87,10.62,12.83
6.88,7.97,13.3
5.22,11.97,14.96
5.24,10.69,14.89
6.34,9.86,13.95
5.03,7.55,12.71
6.79,12.14,12.79
7.34,11.12,14.22
7.43,10.81,14.25
5.08,10.19,13.59
5.08,10.04,14.87
7.34,8.91,13.28
5.59,8.14,13.55
6.07,10.66,12.96
5,8.57,14.02
5.98,9.55,12.59
6.17,10.49,14.36
5.07,9.58,14.79
5.03,7.68,12.68
7.27,10.59,14.73
6.91,11.28,13.75
6.97,12.39,14.2
5,11.15,15
6.73,12.01,12.68
7.25,8.96,13.05
5.02,8.14,12.82
6.73,9.09,13.34
5.94,9.71,13.89
6.67,8.53,14.61
5.99,10.86,12.96
6.32,11.65,14
5.65,9.19,13.66
5.21,12.3,13.6
7.21,8.19,13.36
6.67,9.9,13.87
5.85,9.93,14.3
5.38,9.23,13.02
5.24,10.82,13
5.86,12.36,14.3
7.13,9.87,14.75
5.73,10.56,14.47
6.89,7.75,12.86
7.14,10.48,13.24
6.26,10.06,13.01
6.18,8.3,12.79
5.87,12.06,13.83
5.89,11.64,13.01
5.9,8.76,13.06
7.31,10.18,14.27
6.25,10.78,13.78
7.42,8.33,12.96
5,7.77,13.61
5.47,11.93,14.48
7.2,10.58,12.82
6.67,10.08,12.97
5.78,7.7,14.09
5.73,10.48,13.85
6.75,9.05,14.88
7.16,12.12,12.99
6.19,9.18,14.74
6.89,12.34,14.3
7.23,8.98,14.37
7.46,11.18,14.33
6.87,10.88,14.55
5.13,8.14,13.55
5.99,9.48,14.1
6.52,9.37,12.83
5.42,8.39,14.15
6.54,10.92,12.74
6.23,8.06,14.24
6.18,9.91,13.05
6.5,9.11,12.61
6.17,10.26,14.54
6.06,9.12,13.71
6.18,10.18,14.72
5.32,12.2,14.01
7.04,10.27,12.86
6.21,9,14.78
7.41,8.42,13.46
6.6,11,13.78
5.91,10.86,13.91
6.65,8.72,14.49
6.21,7.92,14.38
6.57,8.2,13.73
7.37,9.57,12.75
7.08,10.06,14.84
6.91,10.8,13.86
6.81,10.8,14.31
6.36,10.02,14.39
6.37,8.91,13.67
6.26,8.96,14.27
7.26,9.26,14.44
5.85,11.88,12.54
7.38,9.73,14.78
5.12,8.18,13.45
6.87,11.15,14.97
6.75,10.65,13.04
6.4,11.28,12.56
7.24,8.53,14.1
6.63,9.69,12.78
5.83,11.12,14.53
7.28,9.12,12.94
5.78,7.94,14.73
6.38,12.47,12.74
6.33,11.23,12.86
7.49,10.23,13.12
6.91,10.66,14.31
5.66,10.12,12.95
5.37,11.42,13.88
7.24,7.84,13.7
5.82,11.08,12.67
7.14,11.46,14.17
6.62,12.41,13.61
6.25,12.42,12.93
6.51,8.35,13.31
6.19,11.59,13.58
7.3,8.34,13.58
6.71,7.93,14.93
6.18,10.53,12.92
6.06,8.06,14.1
5.5,12.31,13.41
6.92,9.74,13.13
6.79,10.6,13.66
6.24,9.72,13.43
5.51,9.93,13.97
5.91,7.84,14.38
7.11,9.61,12.99
5.82,12.33,13.34
7.08,11.39,14.45
6.33,9.86,13.18
6.37,12.25,14.11
6.61,7.93,14.95
6.88,12.01,12.96
5.61,9.14,14.87
6,11.97,14.72
5.13,11.23,13.81
6.09,8.79,12.52
5.18,11.07,12.65
6.49,9.56,13.42
7.29,7.73,13.69
6.3,10.44,13.31
7.37,12.14,14.22
7.15,9.07,14.92
5.39,7.68,14.05
5.62,9.03,13.44
7.34,12.36,14.44
6.16,9.93,14.31
6.73,9.14,12.83
7.26,9.99,14.51
5.07,9,13.85
6.01,10,13.19
6.57,10.03,14.37
5.15,10.14,13.22
6.37,11.87,12.84
6.16,11.02,12.55
6.11,7.51,12.61
5.63,10.07,14.96
5.22,11.31,13.72
6.4,8.39,13.96
5.22,8.16,13.44
5.44,9.06,14.5
6.79,8.67,13
6.48,11.63,13.35
7.41,7.73,13.25
7.05,8.67,14.33
7.11,7.5,14.29
6.36,8.86,14.39
5.82,9.76,13.74
7.28,10.44,14.94
6.25,11.62,14.12
5.49,9.17,13.28
6.38,10.35,13.41
6.07,8.55,14.83
6.83,9.68,14.04
6.52,9.31,14.98
6.08,7.6,14.29
5.36,9.1,12.69
7.2,10.02,13.98
6.53,9.97,14.2
5.2,9.13,14.47
7.44,7.72,14.35
5.34,12.3,13.42
7.05,10.98,13.73
6.67,9.51,12.5
6.63,8.14,14.77
5.31,7.63,12.85
6.2,8.25,13.99
6.9,12.25,12.83
7.04,8.17,13.11
5.73,12.08,14.53
5.29,7.87,13.59
6.06,11.83,13.74
7.43,11.02,12.68
5.94,12.49,14.82
5.35,10.36,13.04
5.04,11.09,14.53
5.48,11.41,12.78
6.49,9.74,12.51
6.96,11.81,14.92
7.29,8.67,13.89
5.13,12.18,13.15
6.8,10.95,13.86
6.02,10.27,14.38
7.47,9.81,14.06
7.34,11.74,14.1
5.81,12.32,14.62
7.13,7.51,13.01
6.34,11.31,13.11
7.44,9.82,14.65
6.67,10.24,12.65
6.45,9.27,14.57
6.65,8.67,12.99
6.63,10.01,13
7.04,11.32,12.64
7.43,9.3,13.41
6.27,12.36,14.67
7.49,11.13,14.44
5.04,10.36,14.55
6.34,10.81,14.47
5.49,8.4,14.18
6.9,10.08,13.26
6.93,11.03,13.69
7.23,9.82,12.61
6.83,9.65,14.82
7.11,10.84,14.16
5.67,7.58,14.95
5.75,9.28,13.64
6.07,10.77,12.56
6.68,10.76,14.82
6.62,7.71,13.03
6.16,11.01,13.87
5.69,10.41,14.9
7.41,8.8,12.86
6.21,8.41,14.6
7.04,11.68,14.79
6.61,12.03,14.98
5.73,8.1,13.29
6.16,12.34,14.75
7.46,11.98,14.43
6.54,10.48,13.13
6.81,10.8,12.66
5.43,11.23,14.99
5.63,8.84,12.77
6.52,9.96,14.82
5.51,11.12,14.04
5.45,11.96,14.92
5,9.49,13.5
6.13,10.08,13.48
6.05,9.46,14.75
6.98,8.95,12.8
7.23,8.17,13.77
5.03,10.48,13.4
7.41,9.53,13.21
6.26,11.92,14.29
7.21,10.09,14.02
6.46,9.95,12.74
5.61,9.97,13.33
6.3,8.39,12.86
5.62,12.44,12.8
6.8,10.37,13.65
5.13,8.94,13.52
5.03,9.57,13.61
5.08,10.62,12.84
6.42,8.87,12.85
5.59,9.85,12.85
6.41,9.94,13.73
6.64,10.61,14.88
7.46,10.69,12.74
5.98,9.06,13.19
7.36,8.36,13.5
7.37,7.69,14.23
6.8,8.99,13.04
7.31,8.37,12.8
6.1,9.29,14.53
7.36,10.77,14.59
5.62,7.75,14.98
7.49,11.63,14.67
5.38,9.3,13.39
6.71,9.91,14.01
6.21,11.6,14.23
6.92,8.35,14.46
6.02,7.95,14.31
6.62,9.83,14.63
7.02,10.35,14.99
5.43,9.48,13.79
6.41,8.84,12.91
6.52,7.61,13.58
6.57,9.84,12.76
6.74,9.58,14.71
6.49,8.13,14.27
6.28,8.28,13.22
5.55,11.03,14.78
7.24,8.29,13.61
7.03,12.43,13.51
6.83,8.05,14.97
6.88,11.48,14.55
7.46,11.37,13.78
7.48,12.2,14.91
5.37,8.9,14.5
5.62,9,13.93
5.02,8.44,12.77
5.28,11.83,13.6
5.93,12.14,14
5,7.93,13.98
7.2,9.69,14
6.52,9.07,13.7
5.7,11.84,14.52
6.02,7.77,14.15
6.02,8.09,14.9
5.82,8.45,13.12
6.23,10.31,13.03
6.47,10.6,14.13
5.41,9.28,13.95
5.42,11.2,14.62
6.35,12.06,14.48
6.5,9.38,14.1
6.4,8.12,13.59
5.14,8.21,14.24
6.73,12.25,13.38
5.65,8.94,13.37
6.71,8.1,12.55
5.82,9.72,13.98
6.28,8.65,14.6
6.85,12.05,13.71
6.79,11.71,13.95
6.29,7.6,14.49
6.97,12.18,14.52
5.01,9.85,14.03
5.88,10.18,12.8
7.42,11.83,13.97
7.16,9.96,14.16
7.1,7.74,13.86
5.2,11.44,12.66
7.04,8.15,13.18
5.08,11.15,12.91
6.59,10.97,12.97
6.92,11.8,13.06
5.59,8.57,12.69
7.27,11.81,14.31
5.68,10.39,14.5
6.82,8.83,14.07
7.13,9.37,13.3
6.14,8.16,14.73
7.17,10.28,13.96
5.91,7.96,13.48
5.09,11.72,13.93
6.01,10.41,14.87
6.91,12.25,14.99
5.75,11.19,13.68
5.57,9.13,14.06
5.27,10.28,13.11
6.03,9.58,13.83
7.29,9.94,14.11
5.6,7.62,13.86
5.23,9.21,14.51
7.21,11.46,12.69
7.08,7.55,13.32
5,11.69,14.89
5.83,9.92,13.21
5.85,7.5,12.89
6.12,8.72,12.51
6.76,10.21,14.89
5.63,10.44,14.9
5.12,8.3,13.97
6.51,7.86,13.76
6.87,8.95,12.94
7.14,8.66,14.04
6.01,9.26,12.77
7.37,7.66,13.25
7,8.44,14.97
6.83,9.63,12.76
5.2,8.16,13.33
6.82,12.01,13.77
7.37,10.91,12.69
6.25,10.82,14.84
5.54,9.83,12.58
5.03,11.21,14.06
7.19,9.24,14.46
7.33,7.57,12.55
7.46,10.12,14.16
6.69,9.62,13.07
5.53,9.35,14.53
6.53,10.89,13.34
5.72,10.62,13.32
6.13,12.08,14.61
6.17,9.53,14.97
5.62,8,14.1
7.16,10.58,13.54
7.44,11.87,13.24
6.89,12.18,12.61
6.05,9.06,14.31
5.9,7.8,14.67
5.68,7.81,14.47
7.11,7.83,13.44
6.95,8.81,12.54
5.94,7.74,12.87
6.46,9.68,12.76
5.48,8.17,14.38
6.57,10.22,14.96
5.36,8.29,13.27
7.48,11.75,13.78
5.76,10.1,14.39
6.76,11.55,13.06
5.82,8.58,14.85
5.04,9.13,13.44
7.24,12.48,13.91
5.51,12.32,14.3
6.47,8.88,13.54
7.21,11.67,13.56
6.68,10.87,14
6.18,10.68,13.68
5.68,12.11,13.07
6.5,9.98,13.71
6.81,8.26,14.83
6.39,10.2,12.88
7.44,8.94,13.91
5.38,8.33,12.88
5.07,9.56,12.86
7.34,9.73,14.38
7.32,12.33,12.63
6.55,9.04,13.08
6.96,11.55,13.52
5.34,8.52,14.44
6.18,10.34,13.45
6.87,10.96,13.36
5.01,7.69,13.96
5.18,10.99,14.11
5.63,10.68,14.12
5.19,10,13.95
6.81,9.02,14.16
5.13,11.55,14.27
7.17,8.26,12.69
5.82,9.14,13.81
6.94,9.96,14.51
6.75,11.78,12.77
5,9.16,13.77
5.22,10.43,13.89
6.95,9.25,14.35
6.43,11.57,12.98
5.45,12.13,13.23
7.06,8.31,12.73
6.92,10.33,14.8
6.01,11.35,13.77
6.46,11.57,12.57
7.25,9.37,14.06
6.38,9.1,12.71
7.1,11.61,14.43
5.45,8.09,14.01
7.06,11.65,14.72
5.55,10.94,14.53
6.62,9.97,12.99
6.62,11.39,12.9
7.37,10.83,13.51
6.72,10.3,14.53
6.24,8.37,13.04
5.15,12.31,13.12
6.42,10.51,14.87
6.91,9.28,14.43
6.3,7.96,12.99
6.75,8.93,13.41
6.45,12.06,14.55
5.69,7.5,14.17
6.77,9.08,12.97
6.38,11.25,13.68
6.94,8.65,14.73
6.23,9.95,13.61
6.61,8.56,13.34
6.83,10.64,13.92
5.95,11.94,13.15
6.74,11.71,14.81
5.95,10.98,13.76
5.29,8.78,12.74
7.47,9,13.45
7.04,11.65,13.84
7.03,12.03,13.08
5.02,8.59,12.72
5.34,8.87,14.96
6.79,8.41,14.94
6.19,8.4,13.48
6.26,12.1,14.87
6.61,8.7,14
5.94,10.64,14.06
5.67,10.52,13.37
7.46,9.01,14.72
7.38,7.5,13.36
6.7,9.04,12.6
5.54,8.93,13.07
5.52,11.1,14.4
7.02,7.9,13.15
6.56,8.74,13.23
6.15,8.75,14.82
5.29,10.98,12.92
7.18,7.96,12.71
5.93,12.35,14.91
5.32,9.13,12.68
5.17,9.67,13.01
6.65,11.56,14.04
6.46,8.18,14
6.34,7.91,14.96
5.45,9.77,13.96
6.31,9.77,13.75
7.38,7.5,12.84
5.55,9.04,14.59
6.9,10.83,12.78
5.75,9.55,13.95
6.23,10.18,14.9
6.99,9.35,14.89
7.17,8.53,14.58
5.85,10.16,14.52
6.99,8.14,12.89
5.06,7.75,12.55
5.34,9.67,12.53
5.11,11.67,14.71
5.12,9.81,13.08
6.74,10.92,13.26
7.39,10.2,13.97
6.8,10.82,13.64
5.3,9.28,13.98
5.65,10.52,14.94
5.52,10.34,14.83
6.37,8.41,14.11
5.6,11.71,14.22
6.98,9.77,14.28
6.33,11.76,12.56
5.78,11.55,14.65
5.75,9.23,12.95
7.15,11.74,13.84
5.49,10.06,14.22
5.27,12.35,13.67
6.5,9.23,13.54
6.61,12.49,12.79
5.49,7.61,12.65
7.19,11.23,14.64
5.98,10.28,13.51
6.39,12.42,13.83
7.4,8.85,12.75
6.23,9.41,12.81
7.48,10.79,13.53
5.69,9.31,14.3
6.09,8.71,13.57
6.92,8.42,14.92
6.45,7.97,13.44
6.64,10.43,14.67
5.48,10.3,14.62
6.61,12.27,12.91
6.91,8.28,12.71
7.03,8.03,12.58
6.35,10.48,12.82
6.39,10.56,13.54
6.7,7.84,14.78
7.13,7.92,13.99
6.11,10.78,13.23
5.72,7.94,13.19
5.25,8.07,13.11
6.45,11.49,13.39
5.31,9.75,13.51
5.86,9.09,14.97
5.31,12.11,12.83
6.72,8.69,14.67
6.58,7.63,14.46
7.35,7.68,14.68
5.35,7.79,13.81
5.49,11.22,14.3
6.48,11.13,14.31
5.09,10.87,12.54
5.32,11.94,14.64
5.28,11.77,13.01
6.79,11.59,14.19
5.65,8,14.97
7.46,11.37,14.17
5.65,10.4,13.65
7.14,10.17,12.64
6.52,7.7,12.88
7.45,11.56,13.06
6.7,10.9,14.19
5.52,12.48,13.68
6.89,12.32,14.86
6.62,10.86,13.69
5.92,9.5,13.68
5.3,10.39,14.96
5.01,9.95,12.96
6.65,10.45,12.64
6.65,8.99,12.59
6.22,8.81,14.07
6.98,10.26,14.41
6.38,7.55,12.99
6.7,9.59,13.17
7.4,8.9,14.01
5.77,11.7,14.24
7.33,8.17,13.54
5.93,8.48,14.65
5.58,12.34,13.02
6.54,8.42,14.14
5.95,11.17,14.6
5.57,11.56,12.93
5.89,11.71,14.17
5.76,8.01,13.61
7,9.54,13.36
5.65,12.28,14.73
5.99,8.19,14.02
6.12,9.21,12.64
6.12,10.74,12.65
6.23,11.39,14.72
5.22,12.02,13.66
7.31,11.15,12.79
5.6,8.8,14.21
6.26,11.37,14.77
5.59,12.37,14.03
6.08,11.44,13.98
5.05,11.08,13.59
6.22,7.96,12.94
5.23,11.6,12.51
7.18,11.36,14.55
6.25,8.96,13.8
6.21,8.86,13.95
5.55,7.91,13.56
6.72,7.72,14.39
7.4,9.04,12.84
6.68,12.38,14.95
7.16,9.94,13.75
7.27,11.19,12.68
7.49,11.62,14.04
7.14,10.2,13.63
6.59,8.96,12.86
6.87,8.2,14.4
6.82,10.36,12.69
5.56,7.91,14.27
5.25,10.78,13.86
7.41,12.42,12.53
6.72,11.39,13.74
6.65,11.66,13.35
7.39,10.05,14.52
7.3,12.03,13.25
5.61,9.25,12.67
5.13,12.25,14.32
5,7.56,14.71
5.35,10.71,12.88
6.14,9.52,13.46
6.55,11.92,13.04
5.75,12.38,13.26
5.85,8.93,12.81
6.24,7.53,12.92
5.46,8.79,13.2
6.12,9.98,13.59
6.9,7.77,12.77
6.47,8.91,13.12
7.1,7.54,12.73
5.12,7.87,12.82
6.03,9.16,14.5
6.2,9.39,14.08
5.52,10.11,13.59
6.02,9.49,14.04
7.44,9.93,13.62
6.11,11.49,14.03
6.31,10.23,14.43
6.08,10.33,14.3
5.46,11.31,14.01
6.07,9.05,13.2
6.93,8.28,13.25
5.13,8.14,14.03
7.24,9.6,13.54
7.42,8.94,13.92
7.27,11.44,14.96
7.41,8.34,14.62
7.4,10.56,13.68
6.96,9.9,13.87
6.82,9.07,13.25
5.47,9.81,14.53
6.14,10.29,14.55
7.07,10.25,14.96
7.49,11.72,12.94
5.84,11.98,13.82
5.18,12.1,12.55
6.09,7.7,12.72
5.09,11.82,14.52
7.2,10.15,14.12
7.29,10.38,13.15
5.29,12.26,14.15
5.63,11.13,12.78
5.75,10.18,12.59
6.2,8.51,13.88
6.44,11.24,13.8
5.39,9.79,14.45
7.29,9.26,13.31
5.22,8,13.53
5.04,7.72,14.6
6.64,10.07,14.88
6.18,8.1,14.63
5.46,10.93,13.07
5.67,9.42,13.91
5.36,9.56,13.72
5.7,7.65,14.28
5.22,12.13,13.8
7.1,10.07,15
6.16,8.47,13.55
7.23,9.09,12.52
7.31,11.05,14.35
7.27,9.01,12.65
7.21,10.51,14.54
6.68,11.19,14.4
6.2,10.02,13.53
7.32,9.85,12.71
5.8,9.59,14.9
6.44,11.6,12.7
7.37,9.8,13.24
5.76,12.01,13.06
5.5,11.71,14.31
6.73,9.72,14.56
7.1,9.14,14.66
7.07,8.93,13.06
5.63,10.88,13.33
6.43,8.92,13.56
7.08,12.05,14.39
6.65,8.05,14.72
5.26,8.97,12.75
7.08,12.11,14.92
6.58,8.27,13.53
5.66,10.1,14.27
5.25,9.12,13.55
5.29,8.3,13.03
6.73,9.37,14.17
5.78,11.97,12.69
5.6,7.84,12.77
5.16,8.45,13.82
6.7,11.96,14.5
5.66,11.39,12.95
6.59,10.44,12.72
7.42,8.22,14.93
5.61,10.06,13.38
6.36,7.53,13
7.43,8.65,13.72
5.62,11.33,13.69
5.1,11.05,14.22
6.01,9.61,13.9
5.36,10.31,12.91
6.57,9.64,14.58
7,7.74,13.85
5.58,12.06,13.62
6.02,9.52,13.7
6.15,11.01,13.22
6.76,7.63,13.98
6.16,9.96,13.46
5.85,11.59,14.58
6.03,8.79,12.83
7.35,7.92,12.65
5.5,8.07,12.8
7.48,10.91,14.42
6.23,9.21,14.36
6.9,9.99,14.05
6.82,11.97,14.13
7,12.38,14.14
5.72,8.69,14.92
5.65,8.14,13.94
7.16,12.18,14.65
6.5,10.2,13.42
7.26,9.22,13.45
6.37,8.4,14.43
6.66,11.86,14.17
5.89,8.82,12.67
5.33,7.93,13.3
5.82,8.46,13.98
5.87,11.31,14.63
5.14,10.95,13.22
5.15,9.82,14.48
7.38,9.37,13.19
5.25,11.81,13.22
5.98,7.74,13.51
6,12.28,14.54
5.67,7.97,13.15
5.81,9.39,14.54
7.34,8.06,14.87
7.02,8.9,14.11
6.06,7.72,13.71
7.01,8.45,13.67
6.6,8.88,12.8
5.88,9.23,13.93
7.13,10.07,13.36
6.16,10.74,13.41
6.09,7.7,14.79
5.33,8.39,14.52
6.42,9.36,14.01
6.81,7.59,13.43
5.1,10.63,13.31
5.98,11.52,13.05
6.7,11.16,14.66
5.25,9.27,14.26
6.76,9.87,14.7
6.96,8.87,13.88
5.45,10.92,14.64
5.43,10.08,14.49
6.63,8.36,13.84
5.08,11.72,14.74
5.25,8.9,14.31
6.39,9.14,13.23
6.19,8.15,14.94
6.2,10.15,13.98
6.69,7.91,14.64
5.05,10.61,14.13
5.59,11.3,14.41
6.46,9.74,13.36
6.37,11.87,13.3
6.06,11.14,13.73
5.88,11.28,13.89
5.75,10.6,14.35
7.22,8.72,14.49
5.84,11.03,13.51
5.39,11.81,13.21
6.06,11.97,12.63
6.84,12.39,14.38
6.33,7.87,13.68
6.77,11.89,13.36
5.27,9.79,13.07
6.31,7.59,13.6
7.06,7.85,13.8
7.47,11.02,13.52
6.76,12.1,14.78
5.31,8.13,14.77
6.64,8.33,12.71
6.61,9.07,13.98
6.69,7.66,13.12
5.61,8.06,12.7
5.69,11.69,14.3
5.28,10.81,14.87
5.4,10.57,14.73
5.77,9,13.13
6.95,11.15,13.26
6.01,7.96,13.31
5.54,11.22,12.63
6.62,9.17,14
5.2,9.21,13.06
5.84,10.95,14.73
6.59,8.88,13.07
6.31,8.86,12.72
6.59,11.32,12.53
7.39,8.09,14
5.65,12.08,13.15
7.13,12.32,14.13
7.38,9.64,14.92
7.19,9.39,13.54
6.76,12.06,13.25
7.41,12.39,12.78
5.43,12.01,13.69
6.94,10.23,14.68
5.95,9.86,13.19
7.39,11.07,12.86
5.53,10.92,14.73
5.53,9.1,13.17
5.52,9.85,13.87
5.71,9.33,12.69
6.92,12.03,13.66
7.49,8.75,13.85
6.29,8.72,14.38
7.1,9.99,14.82
6.94,12.16,14.95
6.39,9.47,13.35
6.14,10.78,14.98
5.94,9.41,12.99
5.14,11.74,12.75
5.62,11.17,13.57
5.92,8.81,13.59
5.31,10.07,14.52
5.22,7.66,13.06
5.09,8.24,12.55
7.11,10.51,13.31
6.77,12.35,12.88
7.04,7.98,12.67
6.82,9.29,14.73
6.47,9.69,13.75
6.52,10.16,13.59
5.4,8.59,13.03
7.37,11.53,12.95
6.94,10.21,14.86
6.41,8.49,13.83
7.16,10.76,14.77
5.7,11.04,13.08
5.64,10.13,13.9
5.31,7.63,14.29
6.01,8.49,12.95
6.37,9.39,12.76
5.26,12.49,14.76
6.22,12.45,14.89
5.36,7.59,12.81
5.95,8.25,12.63
6.68,10.25,13.09
5.55,7.66,13.94
5.26,11.78,14.15
6.59,12.02,14.29
6.7,11.91,12.86
7.37,9.42,12.83
5.96,10.89,14.24
6.73,12.05,13.21
5.96,11.4,14.75
6.65,11.18,13.65
7.32,12.22,13.77
5.82,8.89,13.59
6.36,10.98,14
5.99,9.63,12.56
5.97,11.19,14.22
5.47,11.4,13.22
7.33,8.48,13.07
6.9,8.99,14.43
6.18,11.48,13.35
5.12,12.25,13.4
5.48,8.57,14.54
7.14,9.99,14.83
6.56,7.51,14.45
7.05,12.04,13.72
6.5,7.84,12.66
6.68,10.69,12.9
5.47,11.01,14.19
6.36,10.58,13.39
7.11,12.48,14.54
5.05,12.21,13.15
5.32,10.83,14.24
7.11,11.39,13.44
7.02,9.61,13.51
7.04,7.62,13.06
5.01,9.61,14.56
6.54,8.12,12.86
6.33,10.42,13.48
6.13,12.29,14.57
6.31,7.82,12.76
6.88,9.12,12.73
5.38,12.39,13.03
5.14,11.49,13.4
7.3,8.53,13.07
5.35,9.46,13.73
7.17,11.93,13.46
5.86,7.67,14.3
5.13,8.13,12.79
6.17,9.56,14.18
6.81,8.64,14.96
6.71,7.69,12.67
5.55,9.94,13.65
6.74,12.24,14.84
5.59,9.95,14.77
7.28,10.4,12.86
7.42,7.61,13.13
5.32,11.72,12.65
7.3,7.82,14.49
7.02,11.47,13.41
5.03,9.11,14.15
7.48,9.39,14.39
5.98,10.63,14.14
6.07,9.32,14.2
5.5,9.2,14.13
6.74,12.41,14.94
5.92,8.46,13.62
6.84,12.18,13.12
5.41,7.76,14.26
5.93,8.81,14.27
6.46,9.3,13.41
7.39,8.21,12.93
6.44,11.31,13.19
6.33,11.84,13.04
6.72,9.24,12.77
7.35,11.51,12.67
5.27,8.27,13.31
5.43,10.08,14.52
7.13,9.54,12.61
7.11,9.52,14.92
6.59,7.7,13.39
7.32,8.27,14.78
5.63,8.71,14.79
5.59,10.4,12.63
6.44,8.66,12.72
6.3,9.97,13.18
5.56,8.38,13.45
5.38,8.95,13.72
5.15,9.98,12.77
5.93,10.49,14.68
6.49,11.85,14.22
5.07,11.92,14.32
5.55,8.95,13.48
6.53,11.22,14
6.47,10.29,14.12
6.44,11.77,14.94
6.49,12.06,13.06
5.22,11.61,14.85
6.94,10.3,13.67
6.54,9.7,13.51
6.26,10.74,13.02
5.97,7.67,14.99
7.18,10.7,13.59
7.33,9.1,12.53
5.78,11.46,13.88
6.54,12.33,14.65
5.89,9.36,15
7.33,11.85,14.11
5.61,9.77,13.93
5.07,11.89,14.15
5.32,8.52,14.89
6.41,9.19,13.27
6.19,8.84,14.28
6.62,10.35,12.78
7,12.38,14.29
6.82,12.21,14.26
6.52,9.51,13.86
5.15,11.11,14.38
5.11,7.63,14.4
6.9,11.58,12.68
7.05,9.59,12.51
6.49,9.87,13.08
5.26,11.67,12.95
6.33,8.55,13.35
7.34,9.26,14.41
7.22,11.17,14.86
5.2,11.64,13.25
6.46,10.52,14.85
6.51,10.95,14.02
6.95,11.79,13.23
6.46,9.04,14.13
5.76,10.77,13.92
5.95,7.52,12.65
6.53,10.82,12.7
7.31,12.14,13.15
6.39,9.04,14.16
7.17,8.58,14.07
5.43,10.65,12.74
5.17,12.02,13.55
6.53,11.55,14.53
5.23,12.14,14.27
5.29,9.03,13.11
5.41,8.01,13.87
5.63,8.21,14.05
5.62,11.9,12.62
5.1,8.59,12.83
5.33,9.75,13.19
5.53,11.53,13.34
6.15,12.39,13.85
7.4,10.65,12.95
5.25,8.03,14.58
7.22,9.31,14.65
7.19,12.37,13.46
7.18,12.09,14.66
5.57,11.11,14.51
5.26,11.26,13.94
5.94,8.49,13.78
5.97,10.11,13.69
6.61,9.26,14.91
7.08,12.32,13.41
5.87,10.98,14.28
6.42,12.32,12.52
6.45,12.4,14.18
5.09,11,12.84
5.97,9.64,14.19
5.77,9.53,14.14
7.08,9.98,14.18
7.09,8.76,12.63
7.2,11.53,14.82
5.4,8.95,12.98
5.99,10.3,14.78
6.54,9.91,14.84
7.09,8.82,13.15
5.73,11.83,13.28
6.23,9.53,14.36
5.86,9.44,13.45
6.56,9.53,14.6
6.44,9.65,14.23
5.43,11.28,14.04
5.82,8.31,13.03
7.2,9.12,13.65
5.7,8.18,14.23
5.84,8.77,12.66
5.07,8.96,12.84
6.42,12.42,14.29
6.25,10.63,14.74
6.48,11.29,14.12
7.34,10.28,13.38
6.08,8.24,13.15
5.67,10.99,13.73
5.08,12.46,14.06
5.4,11.6,14.02
6.85,10.82,13.98
5.31,9.74,14.04
6.12,9.72,12.92
7.44,11.91,14.31
6.22,11.75,13.21
5.56,11.94,12.89
5.49,7.83,13.29
5.69,7.83,12.98
6.88,8.37,12.73
6.49,8.33,13.27
5.01,9.64,14.35
5.92,12.21,13.81
6.94,10.66,14.94
6.14,10.81,13.7
5.74,7.8,12.53
5.97,9.93,13.35
7.27,8.44,13.23
6.74,10.3,13.57
7.46,8.77,12.87
6.79,11.82,14.11
6.83,7.83,13.71
6.51,10.2,12.69
5.95,8.92,14.33
5.07,11.57,13.44
6.09,10.05,13.26
6.78,9.08,12.85
6.66,10.81,12.55
6.58,9.06,14.17
5.04,9.63,13.04
6.06,8.08,13.78
7.01,11.02,12.97
6.61,9.17,13.24
6.52,8.85,14.33
5.51,10.03,13.23
5.64,9.73,13.85
6.87,8.45,14.48
5.45,8.45,14.56
5.68,10.72,13.85
5.09,7.94,14.15
6.79,11.34,14.81
6.4,10.95,13.52
6.17,10.43,14.45
5.62,8.64,14.87
7.34,9.26,14.31
5.51,11.06,13.69
6.12,8.53,13.75
6.02,10.43,14.69
6.49,11.71,14.1
5.81,10.92,14.11
7.22,12.23,13.54
7.07,11.75,12.53
5.84,7.72,12.91
6.23,10.18,14.06
6.44,7.67,13.95
7.49,8.27,14.8
7.08,11.53,12.6
6.03,8.45,13.93
6.12,11.8,13.3
6.39,9.73,13.6
7.33,11.26,13.3
6.92,12.41,12.9
5.76,11.13,14.84
6.49,9.48,14.8
5.16,9.14,12.56
5.47,11.88,14.06
5.02,7.7,12.72
5.75,11.68,13.09
6.26,11.18,12.71
5.99,9.22,12.83
6.55,10.28,12.78
5.59,9.35,13.55
5.58,10.79,14.33
7.46,10.53,14.65
5.62,11.59,14.92
6.42,8.87,14.33
5.12,7.57,12.76
6.18,7.69,13.04
5.87,8.54,14.68
5.56,8.01,14.09
6.24,7.55,14.51
7.41,12.47,14.82
7.03,8.28,13.91
5.57,10.98,13.62
6.07,8.47,12.57
7.35,11.69,14.27
5.12,11.41,14.83
5.65,10.76,14.61
6.18,11.37,13.81
7.02,10.18,14.37
5.8,10.07,14.74
6.07,10.99,13.08
6.68,9.98,14.45
6.3,8.67,12.75
6.88,10.85,12.78
6.89,9.13,12.65
6.73,12.15,13.61
6.78,9.31,14.25
6.89,7.84,14.92
7.44,7.56,14.11
6.5,11.1,12.78
7.05,7.74,14.13
7.36,9.73,14.86
7.18,9.79,13.59
7.45,12.38,13.5
6.35,10.57,13.22
6.24,9.3,13.2
5.02,8.96,13.07
7.43,12.16,13.97
6.76,10.16,14.39
6.83,10.65,14.98
6.52,10.82,14.58
5.69,8.1,13.88
5.21,8.33,14.93
6.43,11.88,13.49
5.57,9.69,12.76
6.51,7.92,14.53
5.85,10.86,14.14
5.82,12.39,14.7
5.52,8.7,13.16
6.76,9.89,13.45
7.35,8.06,13.8
7.24,11.38,14.44
5.03,9.02,13.63
6.81,10.59,13.81
5.43,8.37,12.93
7.37,7.8,12.59
7.23,9.73,14.73
6.41,10.55,14.18
7.09,8.81,14.55
5.64,12.28,14.42
7.46,7.62,13.43
7.08,7.68,13.29
6.21,9.87,12.62
5.11,12.13,12.68
7.42,11.48,12.77
5.28,11.75,14.02
6.74,10.06,14.19
7.05,8.6,13.15
7.39,9.7,14.88
5.35,10.97,13.08
6.51,8.93,12.59
5.53,10.41,14.19
5.28,10.65,14.31
6.87,10.3,14.93
6.5,7.78,13.4
7.15,8.24,13.48
7.13,11.46,13.65
7.28,8.92,14.64
6.98,7.99,12.93
5.05,10.66,13.7
7.08,7.82,13.63
5.69,10.35,13.06
5.93,12.33,13.53
5.58,10.73,13.29
5.53,10.95,13.55
5.83,10.83,14.25
7.37,7.58,14.14
5.19,10.54,12.55
7.45,9.47,12.73
6.59,8.61,13.63
5.63,9.17,14.28
5.67,7.79,13.21
7.4,11.66,13.56
6.81,8.99,14.63
7.29,12.21,13.37
5.13,7.71,13.89
5.67,7.54,14.22
5.19,11.23,12.54
5.67,8.24,14.71
6.42,8.22,13.95
5.35,8.94,14.67
7.34,9.08,13.72
6.08,9.63,14.84
6.51,9.66,15
6.76,11.81,14.77
5.71,10.47,13.4
7.14,11.61,12.81
5.36,8.98,14.22
7.28,10.91,14.46
5.22,10.19,13.28
6.26,12.28,12.53
6.87,7.57,14.47
6.15,7.56,14.64
7.41,9.27,12.99
5.46,10.28,13.59
6,9.41,14.51
7.47,8.57,13.16
5.31,8.65,13.41
6.82,10.17,14.1
6.73,11.94,12.62
5.21,7.88,14.59
7.18,11.06,13.76
6.86,11.93,13.78
5.25,11.12,12.8
5.75,10.89,13.35
5.02,12.17,13.03
6.24,9.93,13.54
6.27,9.6,14.69
5.24,11.58,13.75
6.96,11.39,14.52
5.51,9.89,13.31
6.87,11.31,13.19
6.67,11.03,14.76
5.89,11.24,14.87
5.49,10.51,14.99
5.17,12.26,12.61
6.93,11.8,13.63
6.25,9.17,12.51
5.29,11.83,13.24
6.68,11.13,13.6
7.41,10.32,12.75
5.79,8.58,14.59
6,7.79,13.2
5.72,11.67,14.09
5.84,8.25,14.97
6.89,10.74,13.64
6.24,7.87,13.41
5.17,12.21,13.12
6.48,11.33,13.05
5.29,11.99,13.17
5.52,8.85,13.94
5.5,10.82,13.15
7.49,11.37,12.93
7.17,11.66,12.54
7.07,7.9,13.93
5.15,7.76,14.04
7.31,8.75,12.74
7.35,7.56,13.56
7.45,8.88,12.88
5.85,9.52,13.45
5.55,10.69,13.95
7.04,9.6,14.76
5,8.11,14.54
6.2,10.51,14.82
6.7,12.01,12.68
6.12,12.27,14.18
6.31,8.16,14.72
6.21,11.78,13.2
5.88,9.08,13.66
7.21,9.19,14.79
6.15,10.95,12.88
5.27,8.85,14.07
6.84,10.41,14.87
7.12,11.61,12.88
5.45,11.83,14.91
5.44,10.05,14.48
5.01,11.68,14.22
5.91,7.94,14.43
6.92,12.45,14.05
6.58,11.43,13.51
6.98,7.66,13.89
6.16,8.53,14.39
6.9,7.55,12.84
5.59,12.2,14.59
5.28,9.19,14.75
7,8.16,13.97
7.15,11.05,12.64
5.73,7.62,14.7
6.63,8.18,13.71
7.26,11.42,14.3
5.79,8.47,13.77
5.37,11.17,13.39
5.69,12.41,14.14
6.53,10.1,14.01
5.39,8.9,13.69
6.4,7.64,13.14
7.43,9.29,14.79
7.3,11.82,14.99
5.71,11.06,13.32
7.48,10.64,12.6
6.31,12.49,13.57
7.37,9.39,14.67
7.44,7.99,12.59
6.66,10.84,12.98
7.06,10.87,14.28
5.6,8.34,14.71
5.97,10.92,12.56
5.68,11.01,13.91
5.16,8.23,12.71
7.12,11.06,12.85
5.38,8.05,12.9
5.03,8.74,14.72
7.3,8.48,13.1
5.91,9.77,12.75
6.31,9.58,14.97
5.31,11.26,14.22
6.36,9.39,13.18
5.35,10.28,14.72
6.5,10.37,14.29
6.75,9.93,13.5
5.18,10.69,14.74
6.09,8.93,13.34
7.06,8.38,13.66
5.95,12.08,12.85
6.36,9.81,13.65
6.49,9,13.48
6.77,12.44,14.23
6.62,8.65,13.84
6.99,9.24,12.64
7.03,9.39,13.3
5.12,9.31,12.73
6.41,9.53,13.78
5.77,7.51,14.42
6.44,11.46,13.85
6.92,8.14,14.37
7.33,8.01,13.8
5.07,12.01,13.12
6.76,11.55,13.27
5.96,11.7,13.98
6.01,10.03,14.84
6.91,10.83,13.72
6.53,12.1,13.06
5.09,8.09,13.79
5.73,9.52,12.7
5.62,8.11,14.75
6,9.65,14.92
6.76,9.13,13.36
6.27,8.98,14.71
6.85,11.52,14.07
6.28,7.86,14.45
6.78,9.49,14.04
6.6,10.36,13.39
5.49,11.4,14.6
7.3,10.56,13.23
5.38,10.62,13.32
7.21,8.62,14.44
5.53,9.89,13.09
5.9,9.39,12.67
6.54,9.94,12.83
5.41,9.21,12.63
7.14,11.43,14.71
7.08,10.6,12.54
7.19,7.57,13.53
6.18,8.89,14.66
7.3,9.87,14.53
7.24,8.86,13.04
5.27,12.17,13.02
7.11,8.35,14.43
7.37,8.03,13.43
5.82,10.05,14.51
6.85,10.03,13.43
5.76,8.81,15
6.56,11.75,14.26
6.57,10.13,13.96
5.33,10,12.75
6.01,7.99,14.57
7.44,7.71,13.6
6.21,8.8,13.46
5.1,8.02,14.07
5.82,11.4,14.8
5.56,11.7,13.54
5.18,8.1,13.2
6.13,11.08,12.9
5.67,11.99,12.68
5.21,10.36,12.8
6.39,8.74,14.38
6.58,11.34,13.61
7.27,11.1,14.53
6.35,8.35,14.69
6.48,11.28,12.59
5.8,7.99,13.8
6.81,11.4,14.26
7.01,11.48,13.68
7.23,8.74,13.84
7.49,11.01,13.35
6.97,8.44,14.79
5.64,8.09,12.64
6.63,10.55,14.99
6.57,10.16,14.37
7.09,9.48,12.69
7.26,11.56,13.3
6.87,11.1,14.29
7.3,9.66,13.77
5.1,11.27,12.86
7.2,8.62,12.83
6.62,10.44,13.67
5.88,9.06,12.99
6.9,9.91,14.94
5.98,8.14,12.68
5.9,9.84,13.34
5.14,7.93,13.32
5.69,8.48,12.79
6.97,9.82,13.5
5.33,11.56,12.87
6.52,9.44,13.2
5.47,11.04,12.56
5.41,10.17,13.78
6.36,7.59,14.81
6.39,12.3,14.54
5.11,8.48,13.57
5.48,9.78,12.91
5.5,8.25,14.16
5.93,10.77,12.79
5.47,10.12,14.33
5.56,7.74,13.24
6.41,10.88,14.42
7.26,8.68,13.52
7.27,11.75,13.45
5.95,9.17,13.28
6.42,10.53,13.05
5.47,8.28,13.6
5.49,12.45,14.19
6,10.16,13.15
5.82,12.13,12.96
5.53,10.49,13.31
7.48,8.43,13.04
6.35,10.52,14.25
6.46,8.04,14.95
6.59,8.09,13.44
5.87,11.07,12.56
5.81,7.57,13.15
6.14,8.92,13.06
6.89,8.84,14.64
5.6,8.68,13.53
5.46,12.16,12.87
6.15,11.22,12.9
6.23,7.93,14.44
5.13,12.07,12.71
6.96,12.18,13.97
6.67,8.74,14.66
5.03,8.61,12.82
6.34,8.28,14.79
6.18,12.04,13.2
7.26,9.19,13.89
6.82,11.33,14.24
6.47,10.94,14.87
5.82,8.01,14.37
6.43,7.99,12.62
5.12,10.48,13.62
5.93,7.75,14.24
5.25,11.07,13.29
5.38,7.99,14.17
6.44,9.33,12.5
7.16,7.88,13.33
5.16,8.5,12.76
5.92,10.15,12.82
6.53,11.88,12.68
7.48,8.69,12.72
6.7,10.94,14.27
5.81,8.84,13.96
6.31,11.12,13.76
6.55,11.62,14.28
6.4,8.42,14.58
7.44,11.83,14.15
5.94,11.5,13.48
6.8,12.21,13.01
5.8,10.25,13.36
5.35,7.77,12.71
5.63,10.34,13.91
6.21,10.56,13.78
5.79,10.94,13.35
6.28,11.83,13.82
7.44,11.79,13.53
5.46,9.63,12.92
5.72,11.02,14.26
6.69,9.32,13.24
5.72,9.15,14.43
7.23,11.85,14.5
6.68,9.51,14.31
6.42,8.83,14.6
6.8,10.17,14.51
6.51,12.41,14.86
6.93,12.03,13.63
6.66,8.73,13.36
7.11,7.73,13.07
5.33,9.77,12.6
6.74,12.35,13.18
6.55,8.69,12.53
5.23,12.38,13.42
6.29,11.49,12.86
6.71,11.61,14.8
5.18,8.66,12.95
7.22,9.04,14.63
5.12,12.1,13.09
7.46,12.46,13.36
6.32,10.79,14.29
5.68,9.99,13.48
7.45,12.42,14.33
6.46,11.85,13.35
5.58,9.48,14.68
5.87,9.75,14.58
7.16,9.96,12.89
5.53,9.99,13.51
7.42,11.74,12.78
5.44,12.02,12.81
6.87,10.59,13.75
5.56,8.06,14.18
6.66,9.84,12.86
7.39,7.65,13.95
5.39,11.41,14.57
6.84,8.75,12.62
5.76,11.74,12.89
6.87,8.28,12.88
5.83,11.24,14.71
7.03,9.29,13.72
6.51,11.96,14.79
6.73,11.09,14.62
5.06,11.06,12.57
5.04,10.31,13.04
5.71,9.38,12.53
6.89,8.64,13.17
7.19,10.26,14.75
6.75,9.02,13.7
5.77,8.41,12.81
6.38,9.52,14.53
5.01,10.2,12.95
7.01,9.92,13.91
5.27,8.2,13.61
5,8.43,14.02
6.96,9.97,14.08
6.18,8.4,14.97
6.09,10.07,14.08
7.01,10.27,14.66
5.87,10.09,14.33
6.83,7.64,12.87
6.29,11.04,13.1
5.76,7.56,13.57
5.89,11.62,14.32
5.9,8.1,13.12
6.48,9.82,14.8
5.91,9.97,12.53
6.81,8.72,13.28
5.78,11.57,13.63
6.83,7.59,14.6
5.07,10.49,14.57
5.01,8.43,14.94
5.16,9.88,14.27
5.2,8.62,13.75
6.18,10.48,13.95
5.07,8.14,14.21
5.18,8.14,14.83
6.55,9.86,12.92
5.13,10.42,13.58
5.81,11.95,13.57
5.56,9.72,14.47
5.86,10.44,12.66
6.9,11.52,14.02
6.89,8.72,13.95
5.98,9.17,14.73
5.11,8.69,13.62
6.03,8.02,14.3
7.17,8.48,13.94
7.16,7.74,14.03
7.33,8.15,14.46
6.27,7.88,13.19
6.76,10.92,13.17
7.21,11.32,13.21
6.04,8.45,13.72
5.81,9.08,14.56
7.23,8.26,13
6.98,8.26,14.53
6.04,11.7,14.43
6.21,10.98,12.89
7.33,11.39,14.33
5.79,11.07,14.76
6.61,10.35,12.66
7.47,10.88,13.53
6.21,10.07,14.56
5.79,12.24,14.35
5.64,12.38,14.21
7.19,7.62,13.47
5.83,11.31,14.03
7.44,8.99,14.16
6.12,7.93,13.74
6.91,10.29,14.62
7.49,8.11,14.92
5.56,8.37,14.77
5.16,12.2,14.42
6.31,11.66,13.86
7.17,11.83,14.81
7.14,11.59,14.22
7.1,9.98,13.47
7.26,11.67,13.06
7.06,10.7,13.02
6.72,9.61,14.74
5.64,7.68,13.92
5.92,10.65,13.09
5.37,9.02,14.45
6.28,9.28,13.92
5.74,8.73,14.37
5.22,8.96,14.75
5.95,10.6,14.6
5.62,9.93,13.51
7.19,12.25,13.84
5.39,11.55,13.09
6.28,9.82,14.84
6.46,11.38,14.3
5.85,11.39,13.59
5.18,10.63,12.78
6.37,10.46,14.75
5.91,7.64,12.93
5.9,12.29,12.75
7.06,7.58,13.91
5.69,8.13,14.43
5.48,8.6,13.08
7.32,9.95,14.44
7.38,10.74,13.87
5.68,10.83,13.62
5.56,11.19,12.57
6.51,8.45,13.86
7.09,11.84,14.61
5.33,10.63,14.57
5.71,11.15,12.75
5.21,11.04,14.03
5.36,11.79,13.88
5.79,9.98,13.25
5.26,9.74,14.44
5.69,9.86,13.76
6.92,11.48,12.59
7.42,10.69,12.85
6.5,11.99,15
5.79,12.17,13.22
7.37,11.8,14.37
7.09,8.57,14.55
5.14,9.41,14.85
6.81,7.66,13.77
6.64,8.86,14.32
7.42,9.09,13.14
6.85,11.46,14.14
5.08,9.3,14.97
7.32,11.22,13.33
6.93,12,14.43
6.23,11.89,14.56
7.15,10.6,14.99
5.94,11.48,14.02
5.36,8.61,14.1
5.62,8.2,13.34
5.93,10.19,14.24
6.63,7.96,13.7
5.08,11.78,13.7
6.91,11.52,14.67
5.79,11.59,13.06
6.74,11.13,13.04
6.89,7.72,13.43
6.38,9.95,13.98
7.31,8.25,13.04
5.19,10.9,14.8
5.54,7.75,14.41
7.34,10.69,14.78
5.98,8.55,13.79
5.94,9.18,12.84
6.21,11.06,12.77
6.55,10.13,14.28
6.26,11.93,12.54
5.79,9.26,14.56
5.47,8.76,13.15
7.01,7.61,14.09
6.81,10.37,14.66
6.54,8.06,13.44
6.35,11.42,13.06
5.35,11.35,13.73
5.8,7.78,13.21
5.17,11.96,12.56
7.05,10.08,14.22
6.07,10.95,12.66
7.1,8.92,13.32
5.94,9.42,14.78
6.35,7.88,13.48
7.46,10.38,13.73
6.65,8.16,12.9
7.3,11.32,13.69
6.51,9.31,13.4
6.01,10.94,13.65
7.28,11.31,13.48
7.44,12.31,13.7
6.36,8.42,13.93
6.83,7.57,12.68
5.92,8.26,12.84
5.08,7.9,14.01
5.01,7.57,12.57
6.17,10.09,13.79
6.32,8.11,14.67
6.75,10.61,13.71
6.97,8,14.16
6.36,8.08,13.74
7.04,8.56,13.3
7.05,11.79,13.42
5.98,8.6,14.65
5.12,9.64,14.77
5.76,10.63,12.51
5.03,9.85,14.86
7.25,10.97,14.89
5.99,10.94,14.96
5.9,11.41,12.56
5.1,12.29,14.06
6,11.98,12.85
7.47,7.95,13.78
5.55,9.19,14.71
7.02,12,12.58
7.29,12.48,12.9
6.85,9.01,13.49
6.96,7.82,12.85
7.16,10.16,12.66
5.16,12.13,13.15
5.04,11.27,14.57
5.32,7.51,14.17
5.24,10.86,12.59
6.81,7.55,13.27
7.43,8.28,13.29
6.36,9.01,13.36
6.09,8.93,13.07
7.32,9.22,14.1
5.08,8.96,13.95
5.22,9.84,12.69
5.75,10.23,13.3
5.61,7.98,13.4
5.34,8.37,14.9
6.57,11.83,13.19
5.69,9.68,14.58
5.15,12.33,13.23
6.87,8.62,13.76
7.22,11.84,12.73
5.39,8.69,14.13
5.66,11.86,14.87
6.82,10.08,13.16
5.97,11.37,13.69
5.43,7.85,13.79
5.01,10.64,12.87
5.54,12.44,12.65
6.11,8.92,12.5
5.72,10.25,13.39
7.36,9.91,12.61
6.28,9.82,13.88
7.42,12.27,13.93
5.3,10.17,13.11
5.4,10.43,13.27
5.72,8.81,14.15
5.92,9.49,14.84
5.42,10.79,14.79
5.05,7.96,12.96
7.4,8.2,12.54
7.31,11.21,14.95
5.66,11.32,12.53
5.65,8.19,13.27
5.53,10.44,12.74
7.42,10.47,13.28
6.37,11.44,12.53
5.4,10.59,14.76
5.13,9.86,14.58
5.81,8.99,12.99
6.97,10.8,13.6
5.41,7.98,12.8
5.19,10.18,12.91
5.65,9.93,14.09
5.56,10.13,14.02
7.06,12.31,14.93
6.27,8.72,13.86
7.41,8.32,13.31
5.98,11.05,14.52
7.34,10.35,14.17
5.41,8.54,13.54
5.65,7.62,14.42
5.63,9.59,14.47
7.1,10.32,12.94
5.31,9.84,13.09
7.26,10.93,12.97
6.72,12.2,12.86
5.33,12.48,13.43
7.41,10.21,13.43
6.02,10.53,13.21
6.49,10.27,14.96
6.19,7.62,14.53
6.98,11.38,14.64
6.35,8.96,14.95
6.63,8.23,13.39
5.51,9.44,14.64
5.47,12.16,14.01
6.28,10.25,14.14
5.51,9.5,12.78
6.81,11.51,14.27
6.95,9.49,14.7
6.87,10.86,13.81
5.19,12.29,14.41
5.96,11.56,12.93
7.31,11.22,14.52
6.74,11.59,14.84
7.3,11.59,14.42
5.27,11.02,14.92
5.3,10.9,13.34
5.09,8.72,12.94
5.39,8,14.04
6.83,9.3,14.83
5.2,7.59,14.83
6.56,7.67,14.2
6.99,7.74,12.81
5.6,7.5,14.86
5.61,12,13.53
6.04,11.52,13.46
6.66,11.41,14.03
7.41,8.67,13.43
5.17,10.79,13.26
5.4,10.14,13.3
6.69,8.18,13.06
5.84,11.64,15
5.84,10.93,13.15
5.41,8.09,14.56
5.03,11.08,12.66
6.12,8.53,13.43
6.39,10.4,13.6
6.23,11.09,12.7
6.41,7.58,14.44
6.29,8.93,13.77
6.03,11.33,12.99
6.17,9.66,12.6
5.99,11.4,13.33
5.14,10.55,14.36
5.91,12.05,12.57
6.86,11.47,12.75
6.42,10.87,14.44
6.56,7.51,14.28
7.47,8.37,13.46
7.27,10.09,14.02
6.19,9.6,12.88
6.1,7.59,14.98
7.39,10.53,14.67
6.84,11.5,14.62
5.24,10.75,14.1
5.09,9.55,12.73
6.41,8.35,14.96
5.47,9.89,13.87
5.23,12.25,14.78
6.28,9.09,14.68
6.49,10.14,13.99
5.25,8.19,13.83
5.07,10.77,12.61
6.82,10.71,13.16
6.6,8.99,14.67
5.07,10.15,14.11
6.66,10.17,13.25
7.01,11.02,12.6
7.15,8.49,13.86
7.13,8.6,14.98
5.82,10.33,12.69
7.48,7.79,13.83
7.17,9.92,13.61
5.22,10.39,13.07
6.09,7.98,14.57
7.18,11.59,14.6
5.33,7.75,14
5.1,10.37,13.12
6.58,9.93,13.08
6.57,10.71,13.44
5.7,7.66,14.62
7.39,8.44,13.88
5.38,11.55,14.53
5.49,9.42,14.3
5.42,10.29,13.69
6.07,9.8,12.52
7.14,9.41,13.47
6.47,8.35,14.91
6.94,11.96,13.2
6.28,9.78,13.45
6.75,10.51,14.32
7,11.09,12.92
5.84,7.52,13.52
5.98,10.49,13.84
5.99,10.43,14.19
6.97,10.81,12.67
6.37,10.53,13.84
7.45,9.05,12.57
6.49,8.51,12.5
7.05,8.81,14.37
5.56,8.54,14.26
7.37,8,13.03
5.03,10.7,14.47
5.51,12.47,14.61
5.65,12.33,14.68
5.25,11.77,12.56
6.71,8.11,13.1
5.11,9.19,14.34
6.84,8.51,14.52
5.96,9.93,13.9
5.22,9.78,14.12
6.92,7.73,14.32
6.76,9.65,13.74
7.04,7.97,12.67
5.15,8.5,13.28
7.33,8.94,12.75
5.67,8.42,14.68
6.66,8.29,12.89
5.01,8.45,13.14
6.79,10.83,13.18
6.89,8.52,13.19
6.05,12.17,13.03
6.93,8.03,12.54
5.19,10.86,13
6.05,8.3,13.97
7.31,10.43,12.63
6.13,11.38,12.58
5.72,11.76,14.37
6.6,9.66,12.67
6.37,9.81,14.88
5.13,8.49,13.59
6.92,11.93,12.8
5.61,11.95,13.72
7.22,11.84,14.53
5.73,12.15,14.72
7.31,9.99,13.88
7.06,8.83,14.09
5.56,11.63,14.36
6.9,12.32,13.23
6.57,8.76,14.17
6.83,7.6,12.79
7.04,7.68,14.64
5.23,10.31,14.5
6.91,9.99,13.56
7.22,11.58,14.65
7.15,10.94,14.87
6.72,11.12,14.02
5.06,11.22,14.44
7.07,10.13,13.84
6.23,8.73,13.61
5.46,11.63,13.89
6.75,9.63,14.77
5.53,8.72,12.5
5.32,8.99,13.96
6.26,9.04,14.74
5.81,9.68,14.86
7.01,11.22,12.56
7.23,9.04,12.52
6.4,10.07,13.78
6.61,8.36,14.79
5.71,8.15,12.66
5.54,8.1,13.72
5.92,11.55,13.72
5.67,11.41,13.11
6.93,11.26,14.49
5.89,10.7,14.03
5.35,10.05,13.28
7.1,7.5,13.49
6.46,7.62,14.35
6.11,9.07,13.94
6.37,10.5,13.34
6.77,11.9,14.03
6.76,8.79,14.25
6.06,9.57,14.55
5.76,10.36,14.08
6.4,11.98,14.36
6.46,12.03,13.66
5.02,8.11,12.55
7.44,10.5,13.72
6.8,7.99,14.22
5.87,11.65,14.72
5.41,10.93,12.99
7.39,11.44,13.64
6.71,11.69,12.7
6.98,8.27,12.59
7.23,10.85,13.54
5.66,11.4,13.94
6.56,12.29,14.71
5.65,9.19,12.67
5.38,7.67,12.83
7.46,9,12.95
5.86,10.41,12.98
5.71,8.11,14.32
5.38,10.02,14.24
5.18,9.84,14.25
6.35,8.23,14.75
6.66,11.62,13.39
7.45,11.34,13.54
6.77,11.62,12.62
6.1,9.9,14.24
6.32,11.49,14.96
6.91,8.62,13.97
5.13,7.63,13.23
5.24,8.54,14.49
5.98,7.87,13.27
7.45,10.26,14.84
6.97,11.56,14.09
7.38,10.87,14.48
5.44,10.99,14.95
6.04,12.39,14.82
5.1,12.07,14.81
5.69,9.18,14.75
5.02,9.35,12.99
6.63,11.24,14.81
6.43,8.4,14.12
5.62,10.86,14.97
6.7,12.31,14.08
6.07,10.77,14.16
6.21,10.87,14.15
6.3,9.64,14.86
6.76,8.63,13.14
7.13,10.66,14.83
5.28,11.63,13.59
5.07,10.46,14.27
5.5,10.24,13.54
6.24,12.08,14.03
5.74,11.65,12.76
6.46,9.76,13.89
6.08,11.08,14.48
7.47,8.67,12.96
7.12,10.72,14.95
5.14,11.88,14.64
6.13,7.51,14.94
7.28,9.07,13.58
6.99,11.52,14.25
5.3,11.34,14.11
6.55,9.8,14.39
5.61,11.36,12.63
6.5,10.16,12.72
6.86,8.83,12.5
5.84,9.61,14.34
6.84,10.54,14.13
6.6,8.07,14.33
5.56,10.59,13.19
6.88,10.86,13.97
5.92,10.35,14.07
5.31,10.33,12.65
5.07,10.41,14.72
7.45,11.89,13.19
5.37,10.22,13.39
6.24,8.29,14.38
7.47,10.84,12.58
6.29,8.72,13
5.14,11.71,13.91
6.63,8.78,14.82
5.21,7.9,12.66
6.65,8.62,13.33
5.53,7.62,14
5.77,7.73,12.68
6.36,8.56,14.86
6.77,8.62,13.6
6.95,11.79,12.98
5.25,8.8,14.76
5.62,10.24,14.16
6.27,8.4,13.74
5.13,8.31,13.49
5.56,9.81,13.65
7.4,10.18,13.87
5.47,11.27,13.82
6.78,10.59,13.15
5.66,7.84,13.57
6.68,8.47,12.75
6.35,8.86,14.07
6.25,9.19,14.18
5.89,9.88,13.5
5.94,9.12,14.92
6.41,9.63,13.54
7.31,9.45,13.7
5.7,10.48,12.73
6.66,11.35,14.12
5.68,11.07,13.51
5.52,10.45,13.26
6.93,10.05,12.81
6.03,8.59,13.52
5.44,11.33,14.77
6.81,7.75,14.7
5.48,7.72,14.06
6.82,12.19,12.68
6.73,10.65,14.2
6.18,11.55,12.78
5.68,11.16,13.39
6.48,8.67,14.9
5.09,8.06,12.91
5.3,12.42,14.94
5.8,10.69,13.58
6.54,7.69,13.91
6.46,8.44,14.22
5.92,10.28,12.87
6.41,8.65,13.42
7.2,12.36,14.49
6.29,8.49,13.43
5.26,8.73,14.77
6.64,11.81,12.97
6.72,8.01,13.55
6,8.49,12.78
5.2,9.08,13.63
6.31,7.53,12.81
6.57,7.75,14.33
5.17,11.11,12.63
5.02,12.45,14.1
7.39,11.67,12.5
6.04,9.49,12.9
5.86,8.49,14.02
5.3,12.12,12.58
6,9.6,14.32
6.05,12.33,14.49
6.74,10.4,14.54
6.25,8.96,12.76
7.27,11.46,13.01
5.49,12.46,14.88
5.35,8.57,14.89
5.56,12.13,13.18
5.73,8.92,14.91
5,7.61,13.97
5.71,9.07,14.57
7.08,12.1,13.81
6.32,8.75,14.92
7.19,7.81,13.01
6.24,9.49,12.73
6.4,7.59,13.56
6.91,7.83,13.57
5.25,11.86,14.64
6.09,12.15,14.67
6.03,7.87,13.23
6.38,11.2,14.56
5.04,9.36,14.91
5.79,10.33,13.61
5.32,11.56,14.49
6.5,10.1,12.66
5.83,11.77,12.7
7.11,8.51,13.3
6.36,12.19,13.17
5.19,8.62,13.9
5.69,7.65,13.1
5.75,8.56,14.63
7.28,10.52,13.27
7.47,9.69,14.95
7.09,8.19,13.52
6.92,11.06,14.81
6.65,11.61,14.94
5.14,9.87,14.43
6.29,8.72,14.66
5.45,8.39,14.95
7.03,10.88,14.87
7.16,8.23,12.85
5.9,12.02,13.66
6.11,7.68,12.92
5.8,10.83,13.65
6,7.82,13.62
7.22,10.71,12.98
5.54,10.19,13.44
6.53,7.57,14.45
6.82,11.07,14.95
6.4,8.03,13.8
5.82,10.12,14.12
7.04,9.89,13.59
5.72,10.94,14.66
5.66,7.95,13.55
7.41,9.34,14.45
6.75,9.85,14.52
5.58,10.45,13.6
5.35,11.51,14.8
7.24,11.76,12.73
5.01,10.15,14.53
7.42,11.14,13.1
6.13,11.41,14.28
5.11,7.5,12.52
7.31,11.22,14.54
5.19,8.05,13.81
6.61,9.95,14.9
6.65,7.5,14.14
5.01,11.25,13.91
5.7,12.17,12.9
5.23,9.41,13.6
5.49,9.52,12.91
7.17,9.77,13.31
6.56,7.89,13.19
5.32,11.84,12.52
6.71,9.93,13.06
6.5,11.28,14.26
6.14,11.41,13.2
6.19,12.24,13.29
7.32,11.52,13.93
6.36,8.28,14.03
5.3,10.43,13.12
5.44,12.37,14.2
5.62,11.21,13.06
5.19,8.68,14.93
5.91,11.78,12.66
5.37,10.8,13.34
5.99,11.02,14.52
6.52,10.32,14.37
5.52,11.84,13.59
5.4,8.92,13.98
6.86,12.43,13.14
5.18,11.59,14.87
5.19,11.58,12.7
6.15,8.55,13.07
5.6,8.97,12.94
7.15,10.96,14.02
7.38,11.54,14.32
6.6,9.61,14.04
6.61,10.09,13.57
5.1,12.35,14.21
6.27,8.3,12.87
5.63,8.96,14.28
6.97,10.12,13.38
6.91,10.3,14.73
6.13,12.42,13.15
5.7,11.98,12.84
6.26,9.91,13.96
6.12,10.4,14.91
6.62,8.34,13.83
6.74,11.71,14.85
6.03,9.42,12.71
6.81,11.38,13.79
5.88,10.31,13.27
6.29,10.22,14.16
6.29,8.37,12.69
5.3,8.55,13.11
6.13,8.19,14.93
6.84,10.02,13.09
5.33,11.13,14.66
