6.25,8.92,14.78
6.6,9.36,15
6.69,12.43,14.9
6.34,10.63,13.84
5.55,11.91,13.91
7,12.28,14.93
6.57,11.31,14.39
6.49,7.91,12.98
7.4,11.17,13.4
7.45,11.19,12.95
5.93,10.13,13.83
6.68,8.66,12.72
6.85,11.56,12.81
7.48,12.15,14.95
7.03,9,12.66
6.01,8.3,14.29
5.12,11.28,14.77
7.49,7.83,13.86
6.72,10.66,13.8
6.32,8.31,14.11
6.27,11.05,14.93
6.53,8.6,14.61
6.67,8.37,14.41
5.34,8.98,13.5
6.18,12.17,13.36
6.93,10.8,12.85
5.42,9.46,14.1
7.21,8.37,14.66
5.19,10.51,12.8
5.54,7.92,13.29
6.56,10.86,13.84
7.09,11.43,12.81
6.7,11.57,13.78
6.51,8.41,13.09
6.18,9.21,13.65
7,10.81,14.05
6.4,7.67,14.45
5.99,10.71,13.47
5.17,9.12,13.41
5.82,8,12.51
6,10.27,12.94
7.24,8.94,12.83
7.11,9.05,12.81
6.2,7.55,13.33
5.66,8.27,12.89
7.26,11.21,14.54
5.36,8.02,14.21
6.37,10.42,13.92
7,10.78,14.41
6.6,10.89,13.72
6.73,7.62,13.33
6.25,10.95,12.93
5.65,8.34,13.67
5.14,8.18,13.78
6.98,11.45,14.7
7.15,10.1,12.59
6.55,11.86,12.73
6.37,11.49,13.36
7.35,11.75,14.4
5,9.24,12.75
6.2,8.91,14.95
6.96,9.77,12.99
6.47,11.26,13.49
5.43,9.97,13.46
6.15,9.73,13.84
6.63,11.95,13.51
6.81,10.89,13.68
5.18,9.85,14.89
5.54,8.17,13.73
6.52,8.64,14
5.92,8.5,13.23
6.38,10.94,13.33
5.28,9.21,14.65
5.69,9.95,14.04
6.72,11.84,14.79
6.15,7.71,14.32
5.36,10.24,14.9
6.34,9.08,13.79
5.54,9.94,13.72
5.44,8.37,13.66
5.83,10.61,13.45
6.54,11.91,13.45
6.93,11.63,13.05
5.19,9.43,15
5.9,9.92,13.61
6.1,10.6,14.31
6.19,11.36,13.13
5.23,8.66,13.23
5.35,8.78,14.55
5.47,11.07,14.58
5.28,8.97,14
5.59,10.11,14.53
5.77,10.35,12.94
7.09,10.65,13.55
6.49,10.54,14.68
5.97,10.88,13.1
5.77,9.04,13.72
6.43,10.88,12.58
6.53,8.97,14.93
6.52,10.72,13.81
7.34,7.75,13.41
7.05,9.57,12.76
7.48,11.89,13.27
6.63,9.76,14.45
7.03,9.31,13.43
5.61,8.14,13.01
5.13,11.73,14.16
6.9,12.02,14.12
7.12,10.46,13.84
5.05,10.15,14.78
6.49,11.15,13.33
7.06,11.99,14.61
5,11.27,13.48
6.8,10.82,14.9
6.02,10.88,13.55
5.08,8.61,13.03
6.52,10.72,14.01
6.67,8.48,12.98
6.47,8.64,14.41
5.44,9.07,14.67
6.44,9.78,13.56
6.21,7.73,13.24
6.26,9.66,12.81
5.54,8.23,13.96
7.45,11.38,14.83
7.1,10.91,13.47
5.95,11.92,13.05
5.72,9.59,12.5
7.36,10.63,12.96
6,9.23,13.15
5.62,9.52,14.6
7.21,7.73,12.52
6.97,9.66,13.75
5.28,9.27,14.1
7.17,10.97,12.74
6.19,8.84,14.9
6.73,10.13,13.79
5.81,8.72,12.59
5.87,12.39,12.72
6.05,9.56,14.18
5.82,8.24,12.63
6.38,8.16,13.39
5.36,12.15,14.9
5.63,10.62,14.1
5.6,12.12,14.25
5.23,10.57,14.79
5.58,10.47,14.64
7.03,8.24,14.36
7.23,8.94,12.58
6.42,11.26,13.26
5.31,8.39,13.46
6.19,10.54,13.35
6.07,11.61,13.1
5.73,10.07,13.41
7.21,7.85,13.72
5.18,8.32,12.64
7.07,9.84,13.31
6.69,7.81,14.3
5.93,7.59,14.12
5.32,10.44,14.07
6.2,7.85,14.6
5.13,7.52,14.45
6.04,11.32,14.66
6.68,7.5,12.69
5.44,9.53,14.7
6.32,11.9,14.26
7.34,10.35,12.53
6.92,7.95,12.96
6.93,10.75,14.26
6.6,11.64,13.27
6.1,10.63,13.99
5.41,10.96,12.81
6.47,8.93,13.39
7.43,7.54,12.99
7.31,11.2,14.31
5.2,8.94,13.13
5.78,7.93,13.61
6.38,12.26,13.83
6.19,11.93,13.8
6.11,8.02,13.89
6.52,8.43,13.77
5.86,12.34,13.49
7.33,10.97,13.78
6.71,10.19,14.05
6.31,12.21,13.44
6.18,11.39,13.43
6.82,9.53,13.7
6.72,7.74,13.12
7.21,12.33,12.98
5.43,9.71,13.59
6.93,9.45,14.81
7.19,9.79,13.97
6.43,11.92,14.92
7.39,11.23,14.45
5.07,8.59,14.58
6.43,10.14,14.05
5.47,9.61,14.03
6.11,9.83,14.5
6.55,10.04,13.21
5.51,9.24,14.21
6.49,8.62,13.12
7.32,8.28,14.34
6,12.01,14.96
6.81,8.87,12.64
7.38,9.69,14.86
6.04,10.25,13.26
5.34,12.26,14.64
6.07,8.56,13.15
6.19,10.01,13.71
7.42,9.46,13.98
6.76,9.99,13.8
7.41,7.54,14.66
7.04,11.4,13.97
7.24,11.81,14.74
5.97,8.94,14.97
6.88,10.7,14.79
6.54,10.15,12.83
5.1,11.35,12.91
6.36,10.63,14.7
6.9,11.49,14.25
5.78,10.83,14.23
7.28,11.39,12.53
5.25,11.26,13.59
6.02,12.45,14.41
7.4,9.6,13.93
6,8.39,14.16
6.93,8.78,12.53
6.24,10.68,13.79
5.37,7.67,13.83
5.74,10.15,14.76
6.84,9.15,12.63
7.02,10.41,14.58
5.94,7.85,14.03
5.76,12.07,13.12
5.82,11.22,14.86
5.71,12.15,14.69
7.03,11.61,13.93
6.81,9.09,13.69
6.96,8.73,14.29
7.28,9.44,13.3
5.81,10.06,13.11
6.27,10.78,13.38
5.34,11.51,14.28
5.92,10.59,13.47
5.47,10.97,14.2
6.68,10.84,13.73
6.94,12.28,13.9
5.55,9.1,13.24
6.29,9.6,13.64
5.41,12.31,14.1
6.85,10.04,13.32
6.7,11.41,12.87
7.18,11.03,13.67
6.45,10.06,14.25
7.06,12.41,14.22
6.83,8.37,14.69
5.11,12,12.91
6.31,8.76,13.23
5.14,11.24,14.04
6.89,12.21,14.95
6.2,9.95,14.14
6.2,8.92,14.98
6.14,11.79,12.54
5.36,9.59,14.35
5.46,10.45,12.83
6.22,8.8,13.4
6.21,12.01,12.89
6.44,9.76,13.05
5.69,9.4,13.27
5.78,9.05,14.06
7.23,8.03,14.11
5.7,7.54,13.26
5.38,8.15,14.65
7.47,7.52,12.66
5.63,11.72,14.31
6.43,11.08,13.87
5.45,11.65,14.47
6.15,10.94,13.82
7.14,10.53,13.77
6.89,9.97,13.31
5.13,11.02,13.91
7.43,7.8,13.1
7.46,8.45,13.75
5.63,11.27,13.45
5.31,10.02,14.71
5.57,11.32,13.35
6.16,10.03,13.61
6.54,7.96,13.17
7.04,8.34,14.31
6.76,10.22,13.1
7.07,11.34,13.96
6.17,8.85,13.53
6.97,10.57,14.27
5.62,12.23,13.58
5.1,10.1,14.97
5.01,8.4,14.56
6.48,11.72,14.59
7.47,9.29,14.69
5.95,10.46,13.26
7.23,10.19,13.55
6.25,9.3,14.79
5.81,11.2,13.32
5.06,9.94,13.15
6.63,10.17,13.68
5.09,11.79,14.65
5.98,11.92,13.17
5.74,10.12,14.48
5.93,9.37,14.4
5.33,8.97,14.31
6.44,11.16,14.28
5.8,9.08,14.33
7.07,10.75,12.66
5.42,9.43,14.84
6.01,10.02,13.74
7.38,8.1,14.55
5.54,7.58,12.95
5.74,11.48,14.38
5.7,11.65,13.1
5.73,9.36,13.88
5.9,11.89,14.62
7.19,10.09,12.59
5.1,10.32,14.87
5.18,10.04,13.11
6.87,10.12,14.39
6.28,10.82,14.24
6.22,7.77,14.07
5.02,8.09,12.64
7.39,10.28,14.91
7.11,12.31,13.83
6.82,7.56,13.81
5.49,8.92,14.78
7.34,9,13.14
5.51,11.09,14.93
6.23,9.63,14.31
7.2,7.95,14.36
6.47,10.79,12.67
5.39,12.26,12.61
6.67,10.15,12.5
6.18,12.33,12.57
6.57,11.09,14.45
6.2,8.96,13.48
5.93,7.94,14.54
6.93,10.81,13.03
5.89,10.42,13.88
6.94,7.68,13.39
6.53,9.23,12.93
6.1,11.24,13.7
6,9.04,13.03
6.76,12.21,14.85
6.41,7.87,13.47
5.61,9.22,15
5.7,9.89,14.16
6.39,11.18,14.81
5.9,11.29,13.04
5.88,10.69,14.69
7.32,8.49,14.76
5.18,9.68,12.96
6.96,11.85,13.64
5.62,8.69,14.16
6.32,9.18,14.79
6.57,11.86,13.68
5.73,9.62,14.07
6.91,11.15,13.94
5.2,11.37,14.44
7.11,7.9,12.66
7.07,11.98,12.76
6.38,12.33,12.77
6.92,8.84,13.36
5.5,10.35,14.8
5.2,8.61,14.02
7.08,12.03,13.89
6.41,8.1,14.9
5.71,7.93,12.96
6.49,9.46,13.51
5.89,8.01,12.53
6.26,10.22,14.28
5.46,10.98,14.27
5.12,11.11,13.41
6.64,9.81,14.66
5.05,12,14
6,11.72,14.01
6.21,11.96,14.29
5.34,7.84,14.87
5.26,8.76,13.86
5.95,11.15,14.12
6.06,11.58,12.88
5.1,10.89,13.94
6.26,11.41,14.31
6.74,10.11,14.88
7.46,7.86,14.22
5,8.19,14.15
6.16,7.59,14.16
6.83,10.73,14.32
5.99,10.44,13.33
5.08,8.64,14.5
5.81,12.45,12.71
5.37,7.72,14.07
6.75,7.81,14.78
5.16,9.18,13
5.54,10.64,15
5.86,10.92,13.78
5.45,9.04,13.63
6.95,8.74,12.89
5.82,10.72,14.24
5.33,9.53,13.23
7.11,10.04,14.98
6.57,8.88,12.54
7.37,8.32,13.94
5.22,8.2,14.32
6.8,10.87,14.25
6.87,9.71,13.91
6.09,12.48,12.58
6.11,8.31,14.81
5.27,8.56,12.95
6.14,10.74,14.16
6.46,7.93,12.76
7.1,8.64,14.03
5.05,12.13,12.97
5.09,7.67,13.96
7.34,8.47,14.16
5.99,7.7,13.08
6.7,11.29,13.73
5.31,9.53,13.68
5.77,9.42,13.53
5.13,8.21,13.36
6.65,12.13,14.83
5.98,7.53,13.89
7.33,9.47,14.14
5.3,12.03,12.76
5.21,10.34,14.21
7.14,10.78,13.95
6.84,10.15,14.04
7.27,9.47,12.93
5.98,10.32,12.57
5.35,12,13.25
5.52,11.61,14.93
6,12.18,14.95
7.04,10.32,12.77
7.47,11.54,13.83
6.93,10.84,12.72
5.77,8.84,12.74
6.92,7.92,13.64
7.14,7.98,12.85
5.06,9,14.38
6.5,8.29,14.66
7.29,11.5,13.11
5.82,11.54,14.39
7.48,11.88,14.07
5.47,9.99,13.47
5.48,9.17,14.31
6.58,12.22,13.45
6.48,7.51,13.78
5.27,11.9,14.64
7.24,11.12,14.63
6.1,8.83,14.69
5.35,11.8,13.99
6.45,11.14,12.59
7.36,7.85,12.54
7.28,11.99,14.32
7.13,7.72,13.12
5.91,11.57,13.1
7.1,11.02,12.92
7.16,8.5,14.76
5.95,11.57,12.75
5.84,9.7,12.88
5.72,11,14.93
5.14,11.35,13.03
5.21,12.33,14.13
6.56,12.42,14.17
6.84,9.29,13.43
5.65,10.68,12.8
5.56,8.56,13.79
6.17,9,12.69
5.66,9.16,14.81
6.04,9.07,14.74
5.65,10.37,13.85
6.53,8.52,13.34
6.08,8.46,14.01
5.94,12.06,14.57
6.39,8.96,13.51
5.98,9.45,14.78
6.16,10.43,12.55
5.32,8.55,14.81
6.5,9.61,14.66
6.28,7.52,14.32
5.47,10.25,14.63
6.19,9.13,12.96
6.52,10.33,13.58
7.24,7.95,12.5
5.22,11.98,13.56
5.55,7.65,13.44
5.87,8.23,14.58
5.35,8.04,13.44
6.79,12.24,13.36
6.02,9.86,14.32
6.2,11.49,13.45
6.3,9.71,12.67
5.05,10.61,14.3
5.05,11.08,13.3
6.27,11.11,14.56
5.77,12.22,14.47
5.86,9.52,13.54
5.39,11,13.18
5.58,9.83,13.39
7.15,10.1,12.8
6.61,8.56,14.07
5.94,8.43,12.51
7.4,8.43,13.35
5.98,8.15,13.95
7.36,11.2,14.13
6.66,9.32,12.71
5.93,8.33,14.89
5.7,8.56,12.9
6.87,10.87,13.34
5.86,11.02,12.76
5.49,11.12,14.79
6.86,8.51,14.19
5.87,9.29,12.6
7.07,9.15,13.14
7.3,11.8,13.77
5.53,8.96,14.97
6.41,11.82,14.65
5.24,10.49,14.01
6.02,10.26,13.67
6.99,8.51,14.07
5.05,7.86,13.01
7.11,11.17,14.55
6.22,12.34,13.02
6.08,7.68,12.96
5.4,10.5,13.84
5.09,7.75,13.21
6.1,10.96,14.05
5.98,7.82,14.25
6.69,12.45,12.62
5.78,11.59,14.54
7.24,10.56,14.69
5.07,9.47,13.33
5.44,10.33,13.84
5.97,9.99,13.31
6.19,9.14,13.48
7.36,11.34,13.89
6.22,8.6,12.8
6.45,10.33,12.7
5.58,9.95,14.95
7.47,12.4,14.21
7.42,7.74,13.07
5.43,11.1,12.84
6.03,8.27,14.89
6.79,9.39,14.24
6.18,12.46,14.54
6.63,10.91,14.44
6.12,11.79,13.17
7.05,8.25,13.78
5.03,11.09,12.9
6.36,12.19,14.55
7.21,9.42,12.94
5.24,10.84,12.56
6.39,8.32,14.2
6.77,10.68,12.58
7.08,7.73,13.11
7.2,10.82,12.7
5.98,11.31,13.9
5.36,9.89,12.65
5.32,9.51,13.06
5.93,12.24,14.94
5.61,11.51,14.29
5.26,10.16,12.61
7.3,12.17,13.89
5.22,9.67,13.61
5.6,11.64,13.66
7.09,11.74,13.33
7.45,9.52,12.82
6.92,10.47,13.28
5.55,11.19,14.23
6.59,10.08,13.92
5.22,8.72,14.84
5.94,11.89,13.81
5.56,8.72,12.96
6.64,8.1,12.95
5.49,9.14,12.81
7.3,11.54,13.37
6.98,12.04,14.58
6.3,8.4,14.81
7.32,10.2,13.04
5.43,9.54,12.66
7.11,9.52,13.69
6.79,10.67,13.59
6.89,8.12,12.68
6.92,8.67,12.8
5.95,11.96,13.91
6.75,9.27,13.4
7.24,8.43,14.37
5.67,7.57,14.13
6.26,9.06,14.01
5.38,9.83,14.33
5.99,11.42,14.64
6.98,9.11,14.4
6.06,11.53,13.84
6.88,11.8,13.01
6.16,10.91,14
7.18,8.66,13.1
6.3,11.28,14.33
6.69,7.84,13.21
7.04,11.59,13.36
6.56,8.63,14.36
5.31,8.64,14.12
7.47,12.29,12.93
6.02,11.34,12.74
5.62,7.85,14.92
6.7,12.1,14.52
7.35,9.96,14.33
5.1,9.5,13.25
5.48,9.6,14.1
7.13,10.12,13.25
5.82,9.3,13.35
5.4,9.46,13.94
5.17,8.69,14.2
6.07,9.75,13.32
6.33,11.13,12.78
7.09,9.75,13.44
6.47,11.85,12.57
7.14,11.47,13.43
6.13,11.73,12.98
6.68,8.71,12.82
7.34,11.48,14.84
5.21,12.1,14.24
5.33,8.5,14.74
6.92,10.03,12.9
6.95,9.16,14.17
5.23,7.57,14.65
5.08,8.81,12.78
5.94,9.56,13.91
5.45,8.66,13.93
7,9.12,14.18
6.41,8.8,13.74
5.8,8.73,13.72
6.38,8,12.98
5.55,10.13,13.84
5.31,9.52,13.62
6.86,7.79,13.81
6.14,12.01,13.72
5.2,9.36,13.95
5.83,10.4,13.01
5.81,9.26,14.15
5.25,11.14,14.65
5.97,11.06,13.68
5.18,8.53,14.71
7.19,11.55,13.99
6.89,8.42,13.76
7.28,9.29,14.4
7.16,10.69,13.02
6.62,8.06,14.02
6.49,8.51,14.52
7.18,9.26,13.04
7.33,10.97,13.28
5.55,10.38,14.53
5.08,10.16,13.48
6.8,7.86,14.84
5.89,12.15,14.04
5.53,7.8,12.97
5.82,11.09,14.09
5.12,11.23,14.98
7.18,11.76,13.73
5.86,10.44,14.95
6.82,8.83,13.67
7.12,11.35,13.08
6.42,12.32,12.87
6.64,9.25,13.68
6.03,8.99,13.38
5.39,9.23,14.13
7.28,11.52,13.81
5.87,12.23,13.89
6.73,8.17,13.35
6.68,10.01,14.81
6.72,12.49,12.75
6.83,11.75,13.45
6.19,10.52,13.08
7.42,11.64,13.39
5.45,11.05,13.32
6.58,12.12,13.37
6.31,8.69,13.66
7.11,8.87,13.38
5.63,8.85,14.15
7.32,7.68,13.35
5.29,7.5,13.36
6.86,9.4,14.02
7.16,8.89,12.86
5.4,9.26,13.78
5.21,8.34,14.05
7.38,9.09,13.45
7.45,10.63,14.14
6.92,11.64,14.58
6.2,12.47,13.99
6.79,9.42,14.59
6.75,7.56,13.74
7.34,7.64,14.44
5.93,8.01,13.3
6.39,9.79,12.86
5.22,8.94,13.02
6.8,11.11,13.68
5.1,12.34,12.79
6.67,11.94,13.37
5.82,10.38,14.77
6.24,9.22,14.42
5.17,8.23,13.16
6.62,8.09,13.65
6,8.89,14.27
5.2,12.44,13.94
6.48,11.12,13.62
7.35,8.29,14.55
6.62,12.06,12.69
5.68,11.08,13.97
5.29,9.9,13.86
6.7,9.04,13.75
7.19,10.88,13.8
5.29,7.51,13.94
7.15,10.83,14.22
6.05,9.4,13.31
5.6,11.78,14.9
7.36,11.81,14.07
6.62,12.33,13.95
7.45,11.9,13.62
6.76,9.04,12.66
5.08,7.75,13.31
5.9,7.98,13.83
5.52,8.78,14.26
6.47,11.4,13.22
5.2,12.4,14.37
5.42,9.08,14.59
5.22,8.35,14.91
5.22,11.81,13.42
6.15,9.54,14.41
5.52,9.46,14.14
6.02,11.62,14.32
5.29,10.44,14.07
5.17,11.35,12.68
6.8,7.65,13.49
5.04,11.19,13.03
6.35,7.64,12.73
5.89,11.2,14.08
5.06,12.28,14.99
5.34,11.88,12.87
6.85,9,14.88
5.47,9.94,14.38
6.08,9.94,13.72
5.06,9.05,13.47
5.72,7.53,13.17
5.6,12.06,13.07
7.06,11.93,13.6
5.4,11.62,12.75
5.72,7.89,13.25
6.47,11.1,12.67
6.14,11.4,13.22
7.25,9.56,14.46
6.36,11.8,13.01
5.04,11.22,14.43
6.07,8.78,12.86
5.34,11.19,14.79
7.12,9.55,14.67
6.73,11.09,13.49
5.36,9.62,13.46
5.56,7.96,13.11
5.78,10.9,13.61
7.39,7.79,14.58
6.55,10.87,13.22
6.41,8.05,12.99
7.2,9.06,14.84
7.31,8.76,13.84
5.09,10.67,12.6
6.46,10.38,13.8
5.62,8.43,13.78
5.43,9.22,13.05
5.04,11.94,13.5
5.33,9.9,14.23
6.72,10.07,14.25
6,9.48,14.03
6.71,8.2,14.34
6.33,11.42,14.96
5.31,10.88,12.9
6.36,9.56,13.92
5.39,7.68,13.9
5.65,9.29,12.68
7.3,11.49,13.81
6.33,9.42,14.21
7.02,9.04,12.72
6.01,9.57,12.53
5.73,7.8,12.67
5.4,7.66,14.52
6.94,8.73,13.52
7.31,11.37,12.68
6.4,11.83,13.44
5.59,9.41,14.34
5.6,10.3,13.94
5.44,12.49,14.83
7.29,10.32,14.91
5.59,9.85,14.64
5.22,11.01,14.61
7.2,11.28,13.31
6.79,7.83,14.07
5.53,8.74,14.22
6.24,7.68,12.79
5.78,12.15,13.56
5.18,9.55,12.91
6,9.14,12.7
5.85,9.1,13
6.91,11.7,14.28
5.59,12.46,13.36
6.64,7.73,13.98
7.18,11.83,14.4
5.23,8.29,14.74
6.52,9.86,12.76
6.22,10.02,13.73
5.13,9.91,14.94
5.43,11.27,14.61
5.46,11.71,13.26
5,7.86,14.87
5.02,9.87,14.4
5.5,9.88,14.63
6.59,8.99,14.2
7.29,8.47,13.99
5.67,10.55,13.69
6.23,10.97,12.86
7.42,9.06,13.53
5.53,10.26,13.45
5.67,8.37,13.18
7.29,10.83,12.65
7.31,8.55,13.36
5.55,7.92,14.4
6.06,9.34,14.2
6.21,8.34,13.15
5.86,11.89,12.65
6.96,10.81,13.77
7.08,9.65,14.49
5.13,8.73,13.3
5.97,9.47,14.32
6.25,10.48,13.14
5.47,9.78,14.69
7.15,11.89,14.74
6.01,11.72,12.96
5.02,8.26,12.55
5.41,10.46,13.34
6.5,11.79,14.49
6.58,10.93,13.48
5.36,9.55,14.92
7.12,9.21,12.77
6.8,11.56,13.25
6.6,10.18,13.36
7.12,10.92,13.87
7.29,11.99,12.55
7.26,9.95,14.35
5.26,9.75,12.58
5.81,10.11,14.1
5.76,10.42,14.95
5.07,8.72,13.12
7.37,10.42,14.71
5.44,9,14.68
5.15,7.97,13.12
7.36,12.42,14.95
5.18,10.83,14.76
5.38,9.57,13.08
5.89,11.48,14.81
5.13,9.36,13.4
5.35,9.32,13.55
6.74,9.08,12.59
5.74,11.6,13.88
5.94,11.86,12.64
6.29,10.35,14.58
6.27,8.22,14.68
6.04,10.84,12.63
7.22,9.03,14.94
6.2,11.54,15
7.16,9.14,14.79
5.44,7.51,13.3
5.75,9.16,13.08
6.24,8.04,14.78
5.23,10.19,12.85
5.37,10.42,12.55
5.85,12.08,14.15
5.25,10.06,14.22
5.23,9.71,14.91
5.46,8.38,14.66
7.29,9.52,14.17
7.01,10.69,14.42
6.6,8.9,14.5
6.78,8.14,13.58
6.35,11.78,14.97
6.34,9.41,12.82
7.16,9.36,14.2
6.83,7.54,13.72
6.43,8.97,12.59
5.03,9.51,13.71
5.21,12.42,12.59
7.19,7.63,14.83
6.24,10.93,12.5
6.96,11.67,13.42
5.66,12.16,14.46
6.25,9.07,14.05
6.28,9.21,14.24
5.06,11.18,13.06
5.81,11.03,13.07
5.22,10.73,14.27
5.5,8.25,14.53
7.25,7.91,12.7
7.19,9.8,14.95
5.75,8.37,14.37
6.85,10.75,13
7.26,9.52,12.65
5.57,12.2,14.46
5.11,9.79,14.73
5.99,7.56,13.43
5.99,11.05,14.2
5.26,12.11,14.42
6.41,7.56,12.67
6.16,8.08,14.34
5.05,12.45,13.2
6.43,9.89,13.31
5.91,10.28,14.12
7.36,8.55,14.58
5.43,10.05,13.32
6.41,10.49,12.91
6.53,11.37,13.04
5.11,11.95,14.99
6.13,8.18,13.7
7.03,10.61,13.33
5.89,9.97,14.23
5.86,7.89,14.87
6.24,8.72,12.64
6.74,9.48,14.58
5.11,8.85,12.73
5.88,11.26,13.1
5.96,10.74,14.45
7.38,12.45,14.48
6.27,8.13,13.45
6.82,12.43,13.1
6.63,9.83,14.2
7.08,11.6,13.1
5.6,8.57,14.36
7.1,10.98,14.51
6.21,12.39,13.28
6.35,11.27,14.63
5.23,8.51,13.4
7.16,9.73,14.62
5.9,12.33,14.04
5.95,8.02,14.21
6.5,9.13,14
6.38,10.37,14.54
7.3,11.79,13.65
7.01,8.82,14
5.59,7.83,14.55
6.44,8.74,12.76
7.06,7.6,14.16
6.57,10.9,12.96
5.55,7.73,14.25
7.04,12.47,14.03
7.15,9.87,14.41
7.16,11.64,13.77
6.65,12.21,14.74
5.02,7.61,14.45
5.41,9.73,13.85
7.37,9.61,14.98
6.17,8.92,14.67
7.05,9.22,14.84
5.76,12.24,14.78
5.93,8.2,13.94
6.13,11.22,14.44
5.97,10.75,13.94
7.02,9.58,14.46
6.44,11.15,14.85
6.24,10.41,13.87
5.25,7.99,13.32
6.32,7.7,13.28
6.76,7.67,13.73
7.41,10.01,14.28
6.92,10.39,13.89
7.22,10.65,13.42
5.02,9.95,12.63
6.35,9.22,13
5.41,11.6,14.92
6.33,9.48,12.75
5.61,9.19,12.65
5.13,10,13.27
6.48,12.38,12.8
5.87,11.06,13.13
6.2,9.58,13.73
6.19,10.46,13.6
7.15,9.58,14.28
5.44,10.76,12.78
6.22,12.24,13.47
5.52,8.85,13.96
5.32,11.9,14.42
6.18,12.11,14.52
6.83,10.84,13.72
5.7,10.98,14.98
7.3,11.59,13.38
5.08,10.47,14.53
6.11,9.68,14.88
5.64,9.16,14.49
7.21,11.15,13.46
5.25,10.43,13.51
7.4,7.59,13.43
6.03,8.69,13.16
6.68,10.37,12.88
6.84,7.72,12.85
6.52,12.27,13.61
6.13,11.89,14.15
5.57,8.97,12.74
5.79,9.8,13.61
7.38,10.28,13.19
6.4,9.1,12.87
5.73,11.21,14.42
6.72,8.36,13.15
6.5,11.86,14.24
6.72,8.26,14.26
5.75,11.88,14.66
5.89,8.19,13.44
6.72,9.8,14.93
6.61,11.95,13.1
6.57,11.46,13.96
5.14,7.9,13.74
6.61,9.99,14.58
7.25,11.06,13.65
5.16,10.15,14.55
6.85,8.79,14.57
5.62,8.15,14.19
5.6,10.24,12.54
6.94,11.82,14.38
6.42,11.19,13.6
6.53,9.19,13.59
5.34,8.54,13.73
5.79,8.38,13.36
5.66,11.95,14.77
6.35,9.58,14.83
6.87,7.68,14.59
7.1,11.59,13.32
5.34,10.21,13.61
5.56,10.08,13.44
5.07,11.35,14.61
7.36,11.81,14.23
5.89,8.56,13.83
5.15,10.56,12.81
6.24,7.68,13.21
7.01,9.75,14.3
6.47,8.03,14.9
7.33,9.73,13.31
6.17,7.55,13.54
7.43,10.04,13.64
5.41,12.22,14.41
7.49,10.02,14.84
6.96,7.91,13
5.36,7.89,12.5
7.35,11.73,12.68
5.36,11.71,14.01
6.12,11.53,13.83
6.75,8.54,13.67
7.19,9.26,13.45
6.05,9.23,12.99
5.02,7.92,14.3
5.18,10.55,13.92
7.09,10.75,13.69
5.6,11.02,13.41
7.42,9.89,12.86
5.05,11.6,12.86
6.92,12.03,12.97
6.84,10.59,14.35
6.22,10.78,14.94
7.12,9.81,14.72
6.79,10.91,13.69
5.59,8.87,13.28
5.39,9.85,14.99
6.52,9.32,14.77
6.81,10.15,15
6.66,10.31,14.42
7.35,10.19,13.24
7.11,10.11,13.31
7.11,10.48,13.14
5.81,12.16,13.78
6.54,10.21,13.5
7.24,10.31,13.86
5.76,7.68,13.89
7.03,11.87,12.62
5.43,9.63,12.89
6.57,11.23,14.59
5.57,10.44,13.07
6.46,12.35,14.96
5.2,9.93,13.79
6.89,10.39,14.24
6.55,11.21,14.61
5.49,11.59,14.37
5.46,8.8,14.43
6.94,12.13,14.98
7.11,11.01,13.72
7.16,7.69,14.68
5.37,7.95,14.08
5.21,7.59,14.98
6.5,10.43,14.63
5.94,8.72,13.63
5.52,9.16,13.86
5.28,9.28,12.98
6.64,9.94,14.25
7.22,7.85,14.26
6.41,9.22,12.73
5.57,9.65,12.9
5.02,7.93,14.11
6.84,8.64,14.3
7.06,10.43,14.63
7.02,9.44,14.17
5.27,11.41,14.81
7.29,9.06,13.69
6.47,12.26,13.81
5.25,11.15,13.39
5.09,8.22,12.81
5.77,10,14.48
5.05,10.06,14.27
5.56,7.65,14.94
5.48,11.7,13.87
5.93,8.6,13.86
5.67,12.48,13.81
6.41,8.95,14.13
7.34,12.1,14.26
5.98,7.68,13.2
6.66,7.79,12.64
6.02,9.06,13.33
5.39,7.52,13.35
6.4,11.56,14.12
6.77,10.86,14.75
5.67,11.25,12.8
7.22,12.22,13.63
6.51,11.21,13.14
6.69,11.35,14.66
5.1,7.93,14.01
6.54,12.48,13.17
5.15,10.43,14.58
5.76,8.94,13.26
7.45,9.48,12.79
7.02,11.08,14.36
6.39,12.48,13.25
6.7,8.06,13.37
6.89,10.73,14.82
6.3,11.98,13.99
5.5,8.78,13.91
5.11,9.22,13.14
5.07,10.73,14.79
5.58,10.46,14.29
5.29,7.88,14.89
6.95,9.55,13.46
5.35,11.59,12.67
5.47,12.36,13.54
5.81,8.75,13.88
5.66,10.62,12.8
5.18,9.96,13.85
7.15,8.9,13.7
6.27,9.74,12.66
7.11,11.47,14.75
5.76,10.63,12.64
5.27,11.76,13.88
5.97,11.32,14.15
5.26,10.76,12.55
6.12,8.66,14.17
5.3,11.82,12.52
5.52,10.84,12.65
5.4,7.52,14.02
6.68,10.25,13.57
6.11,11.34,13.06
5.4,10.46,13.77
6.22,9.87,14.7
5.47,8.96,13.64
6.67,9.49,12.89
5.94,9.5,12.66
6.33,8.59,14.23
6.56,11.01,14.88
6.98,9,14.35
7.49,10.22,14.11
5.83,11.27,13.87
6.05,9.1,14.43
6.03,8,13.27
7.13,11.76,13.52
6,8.09,13.59
6.69,8.48,12.65
5.42,10.96,12.73
6.19,10.4,14.07
5.3,8.32,14.49
5.81,11.64,12.55
7.31,7.66,14.7
7.48,10.83,12.62
6.36,7.67,14.45
5.98,12.42,14.2
5.99,11.28,13.88
7.46,11.62,14.13
6.06,9.37,13.58
7.18,9.01,13.05
5.94,10.99,12.96
6.37,9.17,13.26
6.83,12.08,13.66
5.33,11.14,14.56
6.43,10.4,14.94
5.53,7.64,13.41
5.62,10.55,13.66
5.22,9.6,14.98
6.23,7.9,14.6
5.36,10.87,13.66
6.79,7.59,14.63
7.42,11.53,13.03
5.03,10.07,13.52
6.82,11.56,13.08
6.1,12.24,13.18
5.22,12.43,14.88
5.79,11.67,12.69
5.46,12.49,14.53
7.42,9.55,14.46
5.98,11.81,12.79
6.81,8.29,14.16
5.61,12.11,13.64
7.38,8.27,12.88
5.58,8.41,14.81
7.09,10.34,14.52
6.6,10.46,14.89
5.65,9.55,13.42
6.75,9.41,13.43
6.55,7.51,12.7
7.32,9.38,14.57
7.31,9.58,12.81
5.93,8.61,13.46
6.31,10.66,14.07
5.57,7.65,13.14
7.16,11.43,13.28
6.73,7.97,12.88
5.08,9.52,14.1
5.86,12.1,14.25
5.48,9.39,14.08
5.82,7.77,13.15
6.51,9.49,13
7.25,9.67,14.63
6.81,10.28,13.97
5.11,9.6,13.85
5.56,9.52,14.91
5.08,7.65,12.72
5.76,8.25,14.5
5.6,11.07,14.37
6.64,11.94,14.65
6.24,10.07,14.29
6.3,8.52,13.26
5.84,10.51,13.16
5.66,8.5,12.64
6.97,7.74,14.55
5.47,12.37,13.96
5.64,11,12.82
5.96,11.13,14.79
6.96,12.11,14.69
5.23,7.64,14.18
5.63,8.56,13.43
6.85,10.4,14.61
6.55,11.97,13.8
6.27,12.49,13.25
5.54,8.55,14.71
6.78,10.23,14.03
5.03,8.67,12.6
6.31,11.56,13.29
5.6,9.41,13.93
5.17,12.08,13.33
6.62,9.88,13.88
5.42,8.3,13.14
5.12,8.77,13.97
5.43,9.36,12.74
5.06,9.02,13.22
6.8,11.27,13.95
7.49,11.19,14.75
6.79,9.85,14.25
6.39,7.98,12.59
5.85,9.53,13.52
6.56,9.11,13.12
5.85,8.72,13.91
7.19,11.78,12.7
5.18,11.49,13.02
5.43,10.77,14.86
5.81,8.52,14.36
5.58,10.07,13.51
5.97,8.98,14.3
5.94,10,14.89
7.08,11.34,12.95
5.28,11.58,12.95
5.85,12.11,12.93
5.93,12.17,13.07
5.97,11.56,13.05
7.42,9.79,13.19
5.59,11.38,13.37
7.16,12.2,14.58
6.06,10.85,13.68
6,9.55,12.6
5.82,11.77,14.34
6.64,11.32,13.33
7.15,11.89,12.84
7.34,10.92,13.85
5.24,10.92,14.15
6.88,9.14,14.36
7.16,9.02,13.05
7.35,7.8,14.63
7,12.13,13.82
5.76,10.69,14.09
6.81,11.67,14.57
7.19,7.85,14.9
7.48,8.58,12.89
7.18,9.27,14.42
6.46,8.08,14.57
5.35,8.53,14.89
5.51,7.98,13.78
6.35,10.74,12.63
5.67,10.78,14.66
6.8,10.38,13.29
6.03,10.94,14.63
7.33,8.33,13.16
5.73,8.07,13.88
7.17,10.99,13.68
5.13,10.87,13.03
6.96,11.83,12.71
6.56,12.22,14.62
7.45,9.55,13.96
6.06,8.31,14.33
7.02,7.99,13.55
6.06,10.15,14.1
6.63,8.89,14.52
5.92,10.7,14.25
5.5,9.42,12.84
7.47,12.02,14.75
7.47,7.72,13.84
5.41,11.27,14.55
6.54,11.49,14.33
5.89,8.62,13.97
5.61,11.82,14.35
6.19,11.73,14.68
6.09,8.44,12.54
6.54,10.95,14.59
7.21,11.38,13.8
5.29,8.74,13.98
7.19,12.42,14.18
5.29,10.21,14.83
5.94,7.91,12.6
7.18,7.98,14.17
6.05,12.21,14.39
5.13,7.85,12.54
5.61,12.29,13.18
5.95,11.85,12.64
7.25,10.91,12.59
6.23,10.02,12.63
5.03,10.24,12.89
5.28,8.39,13.34
6.81,12.25,14.34
5.07,8.52,13.5
6.42,9.02,13.55
6.13,10.46,12.61
5.7,7.63,13.28
6.13,10.73,12.61
5.8,9.23,12.6
6.78,10.82,14.6
6.79,8.04,13.16
6.52,9.51,14.19
7.36,7.52,13.36
5.48,11.33,13.74
7.23,11.44,14.56
6.64,10.48,13.54
5.91,9.61,13.65
7.38,11.8,13.2
7.34,9.12,14.75
5.44,11.13,14.68
5.43,9.82,13.13
6.21,10.38,14.82
6.59,8.83,13.31
7.2,8.19,13.25
6.18,9.96,12.76
5.43,8.45,12.92
5.73,11.32,13.71
5.14,11.35,12.73
5.57,11.7,13.19
6.24,11.03,13.35
7.48,7.57,14.01
5.7,11.37,13.19
6.26,10.92,12.77
5.65,8.82,14.33
6.4,9.61,12.71
6.23,10.81,13.86
5.29,10.92,13.1
6.1,7.9,12.89
5.52,11.87,13.85
5.48,11.57,13.01
6.72,12.08,14.06
7.12,7.95,13.94
7.31,10.54,12.55
6.29,9.26,13.21
6.5,10.59,12.54
6.2,8.69,13.02
5.28,8.85,14.97
6.07,11.5,13.69
6.68,9.06,12.95
6.24,8.57,12.84
5.82,9.33,12.97
6,12.44,14.46
6.97,10.85,13.74
7.35,10.91,14.21
7.37,11.34,13.59
7.09,10.22,13.72
5.91,11.42,13.45
5.45,9.09,14.43
6.91,12.3,14.58
5.22,8.96,14.26
6.84,11.9,12.56
5.31,7.74,12.67
5.98,11.75,13.12
5.24,7.87,13.83
5.82,11.07,13.85
6.34,9.29,13.02
5.7,10.93,12.79
7.23,8.15,12.67
5.81,7.85,14.39
6.98,11.11,14.35
7.15,8.73,13.07
6.36,11.52,13.45
5.75,10.57,14.89
5.86,7.6,14.39
5.96,8.29,14.5
6.98,11.37,13.46
6.24,7.53,14.32
6.88,11.57,13.01
7.46,10.09,12.76
7.45,12.28,13.15
5.38,9.65,13.26
6.26,12.07,13.57
7.41,7.81,13.45
6.04,8.54,14.36
7.14,9.81,13.95
5.64,11.49,12.74
6.77,10.19,13.55
5.42,11.33,13.09
6.58,11.19,13.79
6.05,9.46,13.56
6.92,10.17,14.55
5.23,10.66,13.48
5.78,10.52,14.1
5.99,7.5,14.54
5.69,9.98,12.92
6.79,7.98,14.57
7.46,11.63,13.95
5.89,7.84,13.92
6.02,10.22,14.42
5.66,10.02,14.75
7.18,10.47,14.05
6.9,8.08,13.81
5.8,12.31,13.6
5.64,8.84,14.24
5.93,11.03,13.68
5.26,7.65,12.99
7.05,9.78,13.99
7.41,8.39,13.14
7.3,10.35,12.8
5.41,9.86,13.56
6.52,10.38,12.83
6.23,10.22,14.88
6.16,12.11,12.88
6.43,11.83,14.74
6.35,9.33,13.28
5.9,10.6,12.89
5.46,9.1,13.86
7.33,7.62,14.38
6.44,7.87,13.55
6.91,10.33,14.09
5.69,8.06,13.64
6.11,10.07,14
5.52,9.98,12.83
6.55,12.48,14.99
6.32,9.54,14.52
6.38,8.89,12.68
6.05,11.62,14.37
5.2,9.46,14.11
6.93,9.25,12.91
6.95,7.71,14.09
5.2,10.01,13.6
5.32,7.72,14.64
5.22,11.74,14.61
5.36,8.53,14.55
5.59,8.12,13.35
7.38,11.27,14.76
7.38,9.18,14.42
6.3,10.48,14.48
5.65,12.23,12.92
5.31,9.36,13.35
7.33,12.3,13.77
5.05,9.59,14.35
5.86,10.04,13.77
5.78,7.96,12.74
6.11,9.42,14.79
6.49,10.49,12.55
5.54,8.28,14.51
7.2,8.02,14.81
6.64,10.59,13.72
6.48,8.29,13.42
7.23,11,13.1
5.2,10.09,14.37
6.77,7.72,14.73
5.09,11.75,13.44
6.54,7.62,13.43
5.9,7.52,13.78
5.11,11.09,13.2
5.48,8.14,14.85
7.12,9.21,14.72
7.13,11.5,13.56
7.47,9.61,14.6
6.74,10.98,12.96
6.82,10.81,13.12
5.54,9.74,12.82
5.56,11.67,12.51
6.41,7.5,13.83
6.37,12.24,13.82
5.39,7.66,14.26
6.98,9.2,12.52
5.33,11.82,13.91
6.73,8.98,14.85
6,9.03,12.61
6.35,8.75,14.23
6.59,10.69,12.76
5.84,10.02,14.3
6,11.04,14.97
7.29,8.21,15
6.72,11.12,13.46
5.87,11.02,12.99
5.75,12.38,14.6
5.68,9.68,14.3
5.05,11.99,14.79
7.46,10.87,14.95
5.95,10.44,14.79
5.09,11.15,14.39
5.52,9.26,13.41
7.42,10.7,13.44
5.12,7.57,13.88
6.07,9.75,14.04
5.47,8.88,14.63
5.97,7.74,12.8
6.37,10.13,14.64
5.66,8.16,13
6.05,8.39,12.59
5.57,9.12,14.3
7.29,10.87,13.32
6.14,11.5,13.32
6.38,7.93,14.34
5.11,8.25,12.6
5.05,10.97,14.61
5.09,10.95,14.45
5.87,10.07,12.8
7.07,12.41,12.75
5.17,7.56,13.22
6.51,11.4,14.27
6.68,7.58,14.65
7.49,8.55,13.19
5.86,10.04,12.73
5.93,9.57,12.99
6.72,10.93,13.55
5.77,7.74,12.79
7.3,9.87,13.95
5.11,10.01,15
6.87,9.17,12.88
7.48,11.16,12.79
6.97,9.04,13.4
7.09,9.13,14.95
6.55,12.37,12.75
6.26,12.22,12.95
6.14,7.56,14.74
6.66,7.9,12.92
6.93,9.26,13.1
6.12,12.36,14.03
6.99,7.9,13.72
7.45,8.7,13.38
6.42,8.28,13.14
6.49,10.92,12.65
7.47,8.22,14.47
5.47,8.85,12.79
5.74,11.35,14.09
5.7,11.49,14.82
6.75,9.45,13.57
6.25,10.41,12.59
7.47,8.14,13.76
6.36,10.92,12.93
6.77,11.8,13.19
5.53,9.65,14.83
7.22,8.3,13.98
6.67,12.1,13.99
7.42,10.19,13.08
7.28,10.82,14.51
7.09,11.85,12.6
5.92,9.71,14.64
5.96,10.39,14.23
5.16,9.72,13.36
5.23,11.26,14.97
5.64,8.71,14.54
5.43,11.54,12.91
5.37,9.72,14.67
6.51,9.56,12.74
5.91,9.43,14.69
7.32,11.05,12.65
6.62,8.87,14.67
6.73,10.43,13.66
5.47,10.92,13.91
6.83,10.54,14.65
5.62,8.6,14.67
5.67,8.58,14.87
5.37,12.16,13.05
6.75,11.46,13.81
6.2,7.78,13.39
6.02,7.53,14.96
6.52,8.23,13.66
6.78,9.54,14.36
5.88,11.91,14.59
7.33,8.16,13.24
5.12,11.52,13.54
6.29,9.95,13.98
5.47,11.92,13.84
5.18,10.47,14.29
7.29,12.25,13.95
5.6,7.83,14.6
5.56,9.97,13.69
6.53,11.53,14.64
7.43,8.32,14.48
6.93,7.99,14.57
6.6,9.81,14.84
6.28,12.31,12.74
5.52,10.44,14.24
6.82,12.11,12.51
7.24,11.59,13.17
6.54,9.47,13.19
6.28,10.9,14.86
6.4,8.04,14.32
6.42,8.26,14.57
7.33,7.96,14.29
6.46,10.16,14.28
7.13,10.15,13.06
5.59,9.42,14.68
5.67,9.48,13.52
5.05,9.44,12.94
6.84,8.85,14.71
5.76,12.32,12.9
6.13,7.55,14
6.16,8.92,14.15
5.43,9.01,14.39
5.73,7.53,13.25
5.55,11.22,14.8
5.2,12.37,13.04
5.25,9.08,14.13
6.52,7.57,14.08
6.25,10.16,14.14
5.83,9.84,14.57
5.68,8.06,13.67
6.94,11.92,12.65
6.03,10.35,14.01
5.61,9.44,13.39
6.63,12.21,13.74
7.04,8.25,14.95
5.22,12.32,12.82
6.34,10.04,14.95
7.12,10.37,13.45
5.33,9.52,14.46
5.85,10.94,12.77
6.76,11.63,13.59
7.04,11.81,15
7.45,10.63,14.78
5.08,12.06,14.13
6.1,12.03,13.39
6.61,10.31,13.93
6.3,9.17,14.6
7.35,12.16,14.21
5.8,11.43,12.73
6.31,9.52,12.66
5.3,9.02,14.91
5.65,10.31,14.07
7.29,11.14,13.15
6.63,10.98,13.93
7.43,12.19,12.56
6.96,8.33,13.31
6.59,8.53,12.52
5.28,8.65,12.94
5.29,8.16,14.31
5.81,11.45,13.08
5.69,11.99,14.24
5.62,8.48,13.88
6.23,11.02,13.81
5.36,8.34,13.73
6.6,10.72,13.19
6.57,10.64,13.28
5.72,10.47,13.48
7.37,9.63,14.24
5.65,7.57,14.55
5.32,8.08,14.83
5.59,8.68,13.91
6.88,11.76,13.21
6.18,11.57,14.06
5.77,9.39,13.83
6.78,9.93,13.61
6.55,8.49,14.16
6.21,12.3,13.05
5.72,11.74,13.23
5.62,8.03,13.96
5.62,12.09,12.5
5.79,10.09,13.89
5.67,11.03,14.21
6.21,11.72,14.27
5.31,7.8,12.54
6.57,7.51,14.15
6.57,11.65,14.26
7.46,11.52,13.55
6.58,9.65,13.05
5.29,9.29,14.23
7.34,10.65,13.38
5.38,8.54,13.82
7.36,8.9,14.69
5.06,10.99,14.1
6.24,10.94,13.17
7.16,8.68,13.9
7.27,10.68,13.47
7.4,8.93,14.36
6.8,10.55,14.3
6.42,9.28,14.87
5.11,11.57,13.87
6.65,8.34,14.96
5.03,7.57,14.98
7,12.02,12.87
5.05,8.14,14.76
5.24,11.8,13.49
5.23,8.42,12.66
5.64,8.85,14.53
5.11,11.17,13.67
6.81,11.66,13.89
7.08,8.82,14.38
6.31,8.2,13.16
6.35,10.13,12.66
6.58,10.48,12.62
7.22,10.56,13.6
6.71,8.89,13.02
6,7.81,12.74
5.58,8.46,12.98
5.58,10.86,13
7.22,11.61,12.51
7.05,8.02,14.05
7.03,11.25,12.81
5.54,11.95,14.87
6.9,11.74,14.83
7.37,10.48,13.96
5.39,11.33,12.53
6.86,9.34,13.93
5.48,11.85,13.24
7.32,7.68,13.17
5.62,7.53,12.55
6.35,11.13,14.4
6.45,9.99,13.01
6.91,11.02,14.89
5.11,7.88,13.46
7.29,11.61,14.29
6.8,8.63,13.17
5.85,10.82,13.61
6.02,10.25,13.91
5.08,9.26,13.36
7.11,12.35,13.11
6.13,10.05,14.65
5.68,10.82,14.29
5.23,11.58,12.8
6.55,8.24,14.85
5.89,8.31,14.36
5.64,11.56,14.08
5.36,11.72,14.26
6.2,8.42,14.83
6.06,11.33,14.49
5.48,11.28,13.68
7.45,10.12,13.24
5.25,8.75,13.43
5.96,11.96,12.88
5.31,11.48,12.75
7,7.6,13.93
6.24,8.17,13.85
6.13,11.74,13.96
5.03,10.17,14.08
6.25,7.88,12.72
5.73,11.7,12.82
7.14,9.06,13.78
7.2,12.33,12.58
6.41,9.87,14.38
5.49,7.72,13.4
6.65,9.72,14.31
5.14,11.13,13.62
5.89,8.04,14.61
6.82,11.92,13.32
5.71,10.77,14.56
5.52,10.1,14.83
5.19,10.96,14.06
7.35,10.95,14.49
6.71,11.31,14.88
7.18,9.45,13.44
7.22,9.03,13.6
6.48,8.14,13.18
6.56,8.66,12.98
5.67,9.28,14.74
5.69,10.02,14.29
5.02,10.76,14.07
5.04,11.95,14.57
5.58,7.52,12.65
6.35,9.7,12.88
7.15,11.15,12.78
6.28,12.43,13.21
6.12,8.24,13.34
6.47,11.01,13.5
7,11.05,14.45
7.33,10.33,12.84
7.34,10.97,14.83
5.49,8.56,13.79
6.87,7.53,14.22
7,8.35,14.37
7.26,10.15,12.68
6.92,7.7,12.79
5.49,9.61,12.63
7.47,8.28,13.85
6.12,9.52,14.34
6.65,10.72,14.33
5.93,12.08,13.28
5.39,9.27,14.2
6,10.68,13.97
7.14,8.97,14.75
5.45,12.23,14.59
5.13,7.84,14.39
6.28,9.37,12.87
7.28,8.98,14.66
7.11,12.24,14.98
6.15,9.6,12.81
5.01,9.48,14.47
6.35,11.26,13.03
7.24,8.68,14.33
6.97,8.69,13.5
5.21,12.04,14.96
6.63,8.52,13.69
6.82,11.39,13.99
5.63,8.6,13.38
7.49,9.67,14.19
5,11.76,14.47
6.14,12.06,13.93
6.02,8.17,14.16
5.27,8.65,14.96
5.89,8.51,14.39
7.26,9.9,13.54
7.35,8.22,13.62
7.43,7.67,12.71
7,12.31,13.45
6.33,11.82,14.94
7.29,10.47,13.53
7.32,12.09,14.48
5.48,7.84,14.56
7.22,8.37,13.78
5.2,9.16,14.82
5.29,8.8,14.08
6.94,7.96,14.96
7.34,10.62,13.45
6.61,11.16,13.76
6.1,11.97,14.93
7.38,10.69,13.93
7.07,9.33,13.52
6.3,9.23,12.86
6.32,12.4,13.3
7.21,9.29,12.86
5.94,8.28,14.7
5.28,9.02,13.9
7.13,9,14.83
5.35,9.79,12.62
7.42,7.72,12.8
6.67,12.26,12.6
5.08,10.59,12.86
6.79,9.79,13.25
5.84,9.36,13.98
5.58,11.98,14.08
5.89,9.1,14.81
5.77,12.14,14.78
6.54,11.87,14.95
6.55,10.75,12.62
6.96,9.12,12.6
5.41,12.38,13.17
6.26,9.11,14.05
6.03,11.69,13.69
5.63,11.9,12.86
5.91,8.97,13.1
6.12,7.89,14.16
7.11,10.52,12.97
5.04,12.24,13.02
6.63,12.16,13.86
5.4,11.15,12.96
6.6,11.45,14.22
7.29,12.15,14.42
6.84,11.7,12.5
5.65,10.97,13.99
5.26,12.28,14.45
5.03,9.64,14.12
7.15,9.29,14.9
6.02,11.31,13.47
6.4,10.81,14.13
5.33,7.5,14.59
5.14,10.36,14.91
5.92,9.66,12.96
7.23,8.28,13.36
7.08,8.06,14.34
6.32,8.88,12.82
6.51,12.09,13.37
6.07,8.43,13.88
6.53,11.24,13.12
6.38,8,14.61
6.56,9.82,14.87
6.31,8.53,12.85
5.19,10.36,14.96
6.89,12,14.59
5.89,9.69,12.53
5.26,7.79,12.63
6.45,9.62,13
6.78,8.19,14.67
5.35,11.42,12.66
5.93,12.03,14.7
6,7.57,14
5.25,8.25,12.94
7.03,9.92,13.27
5.16,11.53,13.79
5.96,10.32,12.75
5.02,11.36,13
5.35,12.05,13.15
5.1,9.71,13.81
5.2,10.56,13.97
5.3,12.37,14.33
6.34,11.28,14.25
6.97,9.04,13.95
7.11,9.96,13.5
6.69,8.51,14.07
5.99,11.92,13.92
7.39,10.38,12.88
6.05,8.78,14.25
7.28,7.98,14.87
5.3,8.16,13.35
6.23,9.46,13.95
5.91,10.14,14.39
7.4,9.56,14.98
5.96,11.89,13.85
6.17,9.97,12.6
6.98,9.85,14.85
6.42,11.24,14.83
7.09,8.62,14.79
6.18,12.47,13.39
6.76,8.34,12.93
5.25,10.11,14.81
7.04,7.5,14.62
7.38,10.26,12.94
6.11,10.45,13.06
6,9.62,12.54
5.62,8.35,13.98
6.2,8.19,14.93
5.78,9.9,13.79
7.3,8.74,14.36
6.78,8.69,14.85
6.79,12.08,14.33
7.41,9.87,13.86
6.35,9.91,12.57
6.86,10.61,13.39
6.99,11.57,13.38
6.86,7.56,14.4
6.6,8.75,14.71
5.52,10.77,14.71
7.1,9.85,13.4
7.34,11.39,13.93
6.59,9.77,13.57
5.27,12.05,12.98
5.66,9.37,13.51
6.53,9.32,13.8
5.2,7.79,13.99
6.15,8.11,13.96
5.29,8.32,14.75
6.05,8.43,13.67
5.49,11.83,14.11
7.39,7.86,12.55
5.66,9.26,12.85
7.32,7.62,13.79
5.89,10.73,14.54
6.22,11.69,13.29
7.19,11.12,12.64
5.59,11.28,14.92
6.87,12.46,14.74
5.77,8.72,12.84
7.25,9.8,13.52
5.01,9.54,14.82
5.73,11.72,14.5
5.72,7.6,13.12
5.27,10.24,14.94
5.98,11.6,14.4
6.21,10.72,12.82
6.53,11.52,14.61
6.77,9.55,12.53
7.25,11.1,14.52
7.03,9.26,13.63
6.38,9.72,13.84
7.31,9.77,12.7
5.62,7.65,13.92
5.35,8.71,14.95
6.85,10.07,14.73
6.19,11.63,12.96
6.26,11.62,15
5.29,8.18,14.22
7.44,9.96,14.82
6.46,9.79,12.61
7.47,7.94,12.66
5.1,11.86,13.59
7.02,11.7,14.38
6.83,10.48,13.96
6.48,7.95,14.52
6.23,11.4,12.8
5.48,10.4,14.22
6.39,11.26,14.64
6.93,10.49,13.54
7.37,9.32,13.66
5.92,8.9,13.28
6.32,8.33,13.06
5.4,8.41,12.76
6.06,10.84,13.22
6.35,10.94,14.47
5.45,12.07,14.84
5.83,8.64,14.4
5.28,10.79,14.86
5.39,9.44,13.43
6.77,8.96,13.64
5.4,10.26,14.1
6.95,10.91,13.08
5.85,11.06,14.32
7.46,10.49,13.95
5.96,11.73,14.35
5.2,10.54,13.37
6.92,9.08,14.42
6.83,8.13,14.44
6.08,7.76,12.94
5.21,11.13,13.15
6.81,7.84,14.1
7.11,9.51,13.61
5.04,10.68,12.94
6.68,9.03,13.95
5.74,9.1,14.86
7.36,9.51,14.31
7.2,9.75,14.41
6.26,8.74,12.56
6.29,8.58,14.73
6.2,12.13,14.16
7.36,8.29,13.82
5.4,9.46,12.96
6.58,11.77,13.42
6.8,8.96,14.57
7.4,11.19,12.86
5.82,10.94,14.75
5.89,11.03,13.06
6.58,11.33,13.43
5.36,9.66,13.7
5.84,8.17,14.07
6.17,12.05,12.5
7.46,12.12,14.28
6.91,7.69,13.96
6.41,11.14,14
5.65,9.34,13.5
5.08,11.8,12.88
6.59,8.67,12.91
5.43,11.41,12.96
5.21,10.72,14.54
6.8,10.42,13.09
6.07,11.77,12.93
5.52,9.28,14.89
5.98,8.61,13.94
5.98,11.31,14.24
6.4,11.46,14.67
6.71,8.62,14.49
5.49,8.47,14.68
7.48,7.77,12.5
5.83,8.2,12.68
6.1,12.41,13.29
6.86,11.64,13.02
5.98,10.54,13.81
5.5,9.31,14.35
5.87,9.85,14.85
7.35,9.97,14.59
7.16,10.27,14.35
7.39,7.5,13.61
6.22,7.9,13.43
6.52,8.1,13.56
6.37,10.79,12.63
6.3,12.02,12.5
6.47,8.33,13.03
6.79,9.31,13.47
5.65,12.44,14.59
5.12,11,13.37
6.26,8.28,13.34
7.35,8.55,14.84
6.75,7.84,14.91
6.62,10.29,13.95
5.46,10.06,14.77
6.45,7.98,12.73
7.49,9.57,14.05
7.11,8.29,14.24
5.7,8.23,12.8
6.38,10.43,14.82
6.5,7.79,12.87
5.43,12.45,13.2
5.72,11.94,13.37
5.67,12.42,12.51
5.28,12.32,12.91
5.93,10.26,13.78
5.46,12.4,13.74
6.18,11.1,12.98
6.13,9.94,14.5
7.16,10.43,14.35
6.08,8.55,14.32
6.18,11.28,14.78
6.35,11.85,13.39
6.43,8.62,13.25
7.16,11.68,13.77
6.67,12.12,14.11
7.14,12.47,13.03
5.11,7.52,13.17
6.71,7.57,14.19
5.36,7.89,13.41
5.94,11.16,13.64
6.07,11.67,14.07
5.33,9.83,14.05
5.8,9.53,12.6
5.72,8.04,14.66
6.21,10.19,14.18
7,10.32,12.91
7.46,9.39,14.63
5.37,7.55,13.88
6.89,10.69,14.64
5.85,8.25,12.78
6.98,8.42,13.73
7.01,7.59,14.81
7.44,9.02,13.87
6.47,11.2,13.9
5.73,10.65,14.63
6.38,10.01,14.27
6.16,12.04,14.01
5.72,8.82,14.77
6.57,10.83,14.2
6.26,8.13,13.76
5.2,11.32,13.28
5.81,9.45,12.88
7.48,8.8,13.48
7.09,11.54,14.88
6.84,10.87,13.25
7.29,9.55,12.53
7.08,12.07,13.3
6.33,9.46,13.27
5.09,10.94,14.97
6.97,12.45,14.99
5.31,11.16,13.19
6.43,11.95,14.57
7.4,10.17,13.46
5.72,9.37,13.22
5.98,10.18,13.55
5.29,8.39,13.55
5.38,11.61,14.92
5.77,9.2,13.08
5.03,7.94,14.99
6.42,12,14.3
5.05,8.33,14.6
7.45,12.3,13.28
5.1,10.65,13.26
5.57,8.5,13.97
6.24,8.12,12.59
6.38,11.87,13.75
5.16,11.97,13.39
7.38,10.59,12.8
7.05,8.95,12.94
6.61,10.5,13.57
7.14,9.69,12.57
5.85,11.01,14.6
6.38,11.58,13.92
5.79,11.56,14.88
6.51,8.03,14.08
6.66,7.72,14.74
6.28,11.73,12.98
6.64,8.91,13.82
5.22,11.16,13
5.01,9.74,14.35
6.17,11.46,13.19
6.82,8.32,13.7
5.19,8.17,14.15
7.4,10.85,14.29
6.5,11.74,14.33
5.02,11.95,14.18
6.78,10.11,12.82
5.89,8.1,13.55
6.05,10.63,14.63
6.05,8.22,13.91
5.95,11.12,13.3
5.55,11.56,13.4
5.01,11.13,14.04
6.74,10.47,12.99
7.21,10.23,13.21
7.23,9.33,14.55
5.41,11.19,14.54
5.22,7.62,12.8
6.87,9.27,13.79
7.16,8.56,13.82
6.22,11.68,13.26
6.97,7.83,13.95
5.73,9.94,14.11
5.45,9.72,13.74
7.03,12.21,12.58
6.52,9.93,14
7.13,7.78,12.63
6.8,10.16,14.22
5.27,7.51,14.08
5.3,11.73,14.46
5.46,8.15,13.52
6.46,12.48,14.61
7.06,10.93,14.65
6.28,8.93,13.57
7.23,9.13,14.27
7.03,11.78,12.68
7.17,7.89,14.12
7.4,7.9,14.5
5.44,7.91,13.69
6.1,9.18,14.26
5.1,9.17,12.63
5.7,9.56,14.9
7.03,10.41,13.65
5.36,8.41,14.54
5.67,10.53,14.13
5.36,8.14,14.61
5.03,10.93,13.6
5.16,11.61,14.64
6.07,8.29,12.88
6.4,9.55,14.44
6.92,9.87,13.67
5.17,12.27,12.86
6.21,12.32,13.56
6.23,10.45,14.93
5.36,8.41,12.92
6.23,11.23,14.15
6,11.37,12.63
5.87,11.39,14.16
6.42,9.85,13.06
5.16,10.84,13.35
5.42,11.33,12.94
5.41,8.49,14.94
7.14,10.33,14.36
5.26,10.7,14.36
7.18,9.53,13.86
6.51,9.58,13.25
7.01,11.81,13.01
5.35,8.24,14.41
5.79,9.46,13.22
5.81,9.88,13.26
6.09,8.45,14.6
6.54,12.13,14
6.22,11.76,14.91
6.2,9.46,12.95
6.54,10.18,14.14
7.09,9.9,14.51
5.27,9.9,13.6
7.27,12.18,13.23
5.6,10.26,14.72
6.78,10.1,12.72
7.15,7.67,13.05
6.46,10.83,14.86
6.17,12.2,12.73
5.9,8.21,13.34
5.63,7.69,12.65
5.14,9.12,14.15
6.41,7.85,14.72
6.53,8.72,12.72
6.13,11.9,14.53
7.28,11.77,12.86
5.24,9.28,13.36
6.31,11.82,12.57
5.35,11.44,13.94
6.98,11.08,14.04
5.07,11.93,14.46
6.95,9.63,13.15
5.01,10.42,14.48
5.74,8.98,13.7
6.21,8.22,14.42
6.97,7.62,13.42
6.34,9.56,14.48
5.33,11.27,13.37
5.24,8.6,14.95
6.93,8.01,14.15
5.94,10.65,13.06
5.27,9.57,12.65
6.37,8.89,14.02
5.04,7.94,13.27
5.77,11.11,13.26
6.97,10.33,12.5
6.34,9.49,14.14
5.65,9.8,13.91
6.42,11.04,13.79
6.81,11.17,12.9
5.73,8.11,14.87
7.11,9.55,13.73
6.55,7.61,13.44
7.31,9.31,15
7.14,8.61,13.22
6.41,7.74,14.33
6.86,9.61,13.79
6.49,9.86,14.77
6.98,8.98,13.15
5.09,11.24,14.67
6.95,7.85,14.27
7.37,10.69,14.74
6.94,8.09,14.38
7.44,11.38,14.11
6.42,10.29,14.29
7.4,8.63,14.47
6.21,11.93,13.31
6.11,7.99,12.88
5.4,7.56,13.14
7.19,10.58,14.66
5.5,8.12,13.02
5.68,10.44,14.59
6.58,12.4,13.13
5.93,9.95,14.48
5.45,11.15,13.72
7.36,10.28,12.65
6.15,11.65,12.82
5.95,9.3,13.22
7.42,10.59,13.23
5.44,11.99,14.26
6.79,8.85,14.58
6.59,8.48,13.55
7.48,10.76,13.08
5.22,11.37,12.61
5.85,10.96,14.87
6.99,10.53,13.43
6.72,8.17,12.55
7.21,9.6,13.23
5.13,9.4,12.62
7.03,9.01,14.9
5.02,10.24,14.62
7.02,8.23,12.67
6.16,8.73,13.17
7.17,11.02,12.68
6.64,8.8,13.83
5.14,11.57,14.63
6.48,9.82,14.31
6.26,11.36,13.2
6.13,10.6,14.13
7.26,11.78,12.65
6.87,7.83,14.42
7.37,10.12,12.8
5.58,9.58,13.67
6.29,11.35,12.94
7.06,8.44,14.97
7.06,11.82,12.9
5.26,11.84,13.6
6,10.05,13.69
6.2,11.29,14.59
6.88,8.47,13.4
6.92,7.58,14.3
6.25,7.62,13.56
5.87,9.1,13.76
5.46,8.19,14.45
5.72,12.03,14.4
5.76,8.55,13.36
5.8,8.09,14.29
7.04,10.68,14.42
6.5,11.92,12.87
5.11,10.68,14.37
6.88,10.35,13.67
6.97,8.52,12.55
6.79,12.19,12.89
7.34,8.19,14.91
6.42,7.5,14.5
6.96,11.96,13.51
5.42,10.28,12.53
5.31,9.24,13.6
7.48,11.54,12.83
7.28,8.07,12.53
7.01,9.59,13.23
6.66,11.08,12.79
6.51,11.89,14.15
6.68,11.99,12.97
7.32,10.58,14.64
5.64,9.83,13.28
5.78,9.26,12.73
5.74,10.18,14.35
6.24,11.11,13.71
6.37,8.54,14.81
5.84,10.25,13.42
6.02,12.21,14.44
6.66,10.3,13.69
5.04,8.67,13.35
5.26,11.19,13.9
6.76,9.86,12.85
7.11,8.9,13.7
5.79,8.75,13.18
5.48,11.98,14.26
5.78,9.72,12.85
6.27,12.37,12.96
7.24,11.13,14.72
7.14,11.54,14.85
7.36,11.21,14.7
5.39,9.07,13.91
5.1,10.46,13.58
5.54,9.86,12.54
5.6,7.66,14.68
6.83,12.43,14.4
6.51,11.96,14.51
5.53,9.32,13.5
6.46,9.87,13.59
5.8,11.23,13.91
6.86,8.51,14.71
6.02,11.98,12.73
6.04,7.82,13.86
5.18,9.83,12.93
5.98,11.35,14.79
5.93,10.49,14.37
5.38,10.07,13.61
7.4,9.74,14.87
5.13,8.24,13.04
5.91,9.51,12.77
6.39,12.42,13.28
6.14,8.42,14.84
6.35,11.15,14.52
5.65,11.73,13.64
5.25,8.18,13.15
7.07,8.51,14.03
5.55,10.05,14.38
7.36,11.76,13.57
5.77,7.67,14.38
7.3,9.24,14.94
5.16,10.59,12.73
5.32,10.45,12.55
5.84,8.69,13.28
7,11.29,12.67
6.59,11.74,14.99
6.4,11.16,13.88
6.41,8.25,13.78
6.49,9.98,14.63
7.21,7.64,14.35
6.24,12.28,13.73
5.02,12.39,14.7
5.28,10.85,14.47
5.59,12.11,12.54
5.05,9.91,13.33
6.93,11.12,14.07
5.02,8.88,13.63
5.97,11.63,14.35
6.67,11.06,14.71
6.54,8.92,14.63
5.02,9.45,12.91
5.41,9.17,14.73
5.05,8.76,14.47
7.06,10.28,12.84
5.14,11.11,12.75
5.07,8.09,12.73
7.46,10.75,13.83
5.52,9.33,12.79
6.57,12.17,13.61
6.77,9.33,13.39
7.11,11.13,14.23
6.63,11.98,14.88
6.37,10.22,14.07
6.08,8.78,13.91
6.48,7.68,14.33
5.11,10.71,12.64
5.96,8.7,14.75
7.19,9.58,14.64
6.32,9.57,14.71
5.2,7.58,13.69
5.71,8.67,12.62
5.43,10.93,13.84
6.9,10.93,13.73
5.03,11.98,12.58
7.1,11.21,14.22
7.29,10.51,13.3
5.62,7.93,13.96
6.93,8.87,14.73
5.17,9.99,14.33
6.08,12.39,13.43
6.51,11.19,14.01
7.24,10.88,12.88
6.97,9.91,12.69
5.72,10.97,14.71
7.23,11.63,13.12
6.23,8.26,14.99
7.31,8.73,12.68
6.5,8.74,13.76
7.47,11.82,12.56
5.23,11.29,13.01
7.31,10.4,12.98
5.51,10.76,12.53
5.42,9.06,13.35
6.82,10.38,13.78
5.96,7.62,14.24
5.56,11.2,14.47
5.74,11.39,13.07
6.8,10.88,12.82
7.06,11.71,13.37
5.41,10.78,14.92
6.61,11.71,13.12
6.85,12.15,14.41
5.18,8.28,13.84
6.06,10.02,13.78
6.26,8.92,13.63
7.03,11,14.93
6.11,11.67,13.25
