6.06,8.65,14.58
7.19,8.39,14.1
6.24,7.96,14.59
7.39,11.62,12.87
6.84,8.8,13.62
6.65,8.11,14.22
7,12.16,14.97
5.09,8.93,14.24
7.01,11.43,14.6
6.4,11.54,14.03
5.06,10.87,14.76
5.24,11.39,13.15
6.74,11.04,13.7
5.89,12.05,14.58
6.79,8.18,14.39
6.86,10.79,12.77
5.23,9.18,12.73
6.61,8.68,14.19
6.49,8.73,14.97
6.89,11.36,14.35
6.88,7.98,12.63
5.85,8.34,13.85
5.76,7.78,13.7
6.1,9.77,14.03
6.54,11.79,14.43
7.43,11.56,13.84
5.25,10.16,12.71
5.53,10.37,12.55
5.82,8.69,14.48
5.12,8.55,13.41
6.1,11.97,14.35
6.64,12.14,14.36
5.41,8.09,13.04
5.11,10.6,13.24
5.42,10.08,13.52
5.75,11.08,12.91
5.44,9.24,13
7.33,8.43,14.09
5.62,12.13,12.5
6.64,10.85,13.45
5.6,9.55,13.6
6.87,8.43,13.73
6.04,11.72,12.5
6.57,12.2,13.59
5.21,7.86,14.83
7.19,12.46,14.87
6.37,9.25,14.98
5.59,8.47,13.52
7.11,9.69,14.93
7.42,12.35,13.34
5.44,12.35,14.14
6.86,11.69,14.57
6.94,12.38,14.11
5.42,10.15,14.81
6.06,9.37,13.73
5.83,11.21,13.69
6.42,7.87,12.72
5.5,11.18,13.97
7.39,10.41,14.35
6.87,12.31,12.9
5.32,12.02,12.59
5.44,9.75,13.19
6.47,8.18,12.62
5.52,11.05,14.09
5.88,8.13,13.37
6.71,9.77,14.94
6.79,9.27,12.62
5.76,10.21,14.85
6.66,8.22,12.53
5.96,7.75,14.84
7.2,12.15,13.39
5.41,8.95,12.55
6.52,10.52,13.2
6.59,12.12,13.63
6.21,11.06,14.5
5.79,9.19,14.83
6.39,7.99,12.87
5.45,11.54,12.7
5.65,8.06,14.61
7.11,9.51,12.74
7.08,10.58,13.13
7.12,9.07,12.86
6.81,11.97,14.94
6.36,9.52,12.92
5.87,11.9,12.85
6.48,9.04,14.47
6.72,10.93,12.63
6.42,10.07,14.91
7.36,9.95,13.67
6.78,11.64,13.44
5.69,11.74,14.77
6.42,11.18,14.04
5.67,12.38,14.13
5.6,7.62,12.52
5.15,8.27,13.42
6.4,12.06,14.89
6.55,9.12,14.68
7.36,10.36,12.97
6.01,7.62,13.83
6.5,10.48,14.48
6.1,8.28,12.54
5.31,10.81,13.3
7.31,9.2,14
6.17,10.97,12.76
6.57,10.84,13.99
5,7.84,13.79
7.49,11.66,13.77
5.82,11.48,14.99
6.31,8.78,13.37
7.29,11.93,14.12
6.28,9.73,14.4
6.08,11.76,14.58
5.69,9.01,13.33
5.87,12.24,14.21
6.75,11.01,13.34
7.44,10.47,12.65
5.31,10.07,13.07
5.86,12.28,14.2
6.7,9.5,12.5
5.17,9.68,13.82
6.66,10.79,13.62
6.02,9.79,14.72
6.34,9.17,14.2
6.02,10.21,14.7
5.57,9.29,13.96
5.35,7.72,13.16
5.26,10.29,13.93
7.14,9.52,14.11
6.85,10.58,14.54
7.1,9.08,12.5
7.06,9.06,13.5
6.08,11.96,13.33
5.16,8.91,14.26
5.29,8.87,12.66
6.35,10.41,14.83
6.14,7.89,14.1
7.33,9.55,12.52
7.24,11.46,14.83
6.51,8.08,14.77
5.1,8.99,13.74
7.11,10.6,13.31
7.37,10.03,12.62
6.4,11.61,13.93
6.65,11.68,13.36
5.47,11.6,12.76
6.63,8.32,12.51
7.1,8.58,14.84
6.31,7.68,14.36
6.99,8.47,12.98
5.64,8.86,14.61
5.82,11.86,14.38
5.88,7.71,14.06
6.19,10.14,13.86
5.46,10.76,14.57
5.26,11.35,13.41
6.75,8.65,14.12
5,9.24,14.68
5.71,9.87,13.2
6.46,9,13.23
5.06,7.58,14.95
5.83,9.06,13.53
6.39,7.66,14.01
6.71,9.71,12.74
7.1,12.25,12.86
5.7,11.8,13.34
6.14,12.1,14.48
6.35,9.33,13.29
6,9.24,14.74
5.48,9.63,13.82
7.38,11.33,13.1
5.08,9.42,14.26
6.9,10.72,14.36
7.13,10.65,14.44
7.1,9.38,14.53
6.88,9.97,12.52
6.45,9.56,14.1
7.45,9.65,14.79
6.78,7.63,14.67
6.47,10.6,12.67
6.33,7.99,14.58
5.14,9.91,14.51
5.34,10.55,12.52
7.09,8.63,14.68
5.8,8.04,13.57
7.44,7.51,14.47
5.61,11.5,13.35
7.18,11.91,13.19
5.76,12.22,13.6
5.15,11.4,14.23
6.56,12.18,14.73
6.78,8.61,14.37
6.9,11.25,12.74
5.05,10.31,13.35
6.27,10.5,12.76
6.07,8.48,14.36
6.33,12.31,14.78
5.98,11.71,14.25
7.17,8.8,13.26
5.44,9.82,13.59
6.48,12.26,13.37
6.86,8.09,13.62
5.52,9.12,13.03
6.07,11.11,13.96
6.95,9.84,14.9
6.34,10.6,14.4
6.09,7.92,13.15
6.05,10.75,13.21
7.32,7.63,14.37
6.52,9.64,12.93
6.05,11.45,12.9
5.91,10.42,14.33
6.44,12.49,12.61
7.46,8.32,14.34
5.68,11.23,13.05
6.65,9.38,12.88
6.22,8.38,13.74
6.81,7.54,13.17
5.03,8.18,12.92
6.23,8.67,12.68
7.18,8.16,14.53
5.24,7.75,13.08
6.71,10.1,13.1
6.68,7.89,14.29
6.97,8.01,13.03
7.11,7.5,13.21
5.84,8.35,13.4
5.57,9.32,12.59
5.75,12.4,14.39
6.65,11.7,14.38
5.9,8.8,13.28
6.48,7.96,14.13
7.44,8.38,12.56
6.59,8.91,13.16
5.02,8.94,13.86
7.32,11.75,14.53
7.33,8.32,13.72
7.08,9,12.63
6.35,7.75,14.3
5.19,8.22,13.53
5.38,8.25,14.02
5.71,11.45,13.44
6.16,10.96,14.99
6.55,8.5,14.08
6.12,8.97,13.48
7.04,10.03,13.31
6.78,11.7,13.73
7.01,11.21,14.71
5.89,11.68,14.57
7.48,10.69,14.49
5.4,8.41,14.04
7.44,12.43,14.39
5.26,11.79,13.8
7.19,9.4,13.11
5.29,9.19,13.45
6.85,10.63,14.62
7.04,10.64,13.93
5.07,10.68,13.02
6.24,10.96,14.1
5.63,10.86,13.07
6.68,12.49,13.88
7.1,8.31,14.09
6.77,9.81,13
6.2,12.37,13.98
6.85,10.9,12.78
5.45,8.95,13
5.08,12.25,14.39
5.37,12.34,14.99
5.9,10.05,12.61
6.14,9.81,14.24
7.11,11.11,14.33
5.4,12.27,13.24
5.26,8.73,12.74
6.27,10.82,14.79
6.29,10.12,14.51
5.65,7.71,14.09
5.97,11.73,13.65
7.23,8.18,13.76
6.06,9.26,12.67
5.98,12.11,13.07
6.69,7.88,12.64
6.02,11.78,14.99
5.64,12.08,13.87
5.9,9.05,13.2
6.16,10.3,13.87
5.01,10.59,14.56
5.44,7.75,12.61
6.19,8.47,12.55
7.25,7.98,12.95
7.07,10.28,14.12
6.81,10.61,13.14
6.03,11.25,14.55
6.38,8.44,14.67
5.75,11.49,12.92
6.86,10.51,14.91
7.3,12.21,14.34
5.97,11.25,13.45
6.95,7.65,13.83
6.55,8.17,12.78
5.49,10.59,13.31
5.27,10.55,13.08
5.25,11.52,12.87
7.18,12.49,13.66
7.22,12.44,14.69
5.46,10.57,12.55
5.94,9.55,13.94
5.06,9.93,12.86
6.43,11.82,12.96
5.51,8.12,14.21
5.43,9.58,13.09
6.83,9.24,13.85
5.77,9.39,13.25
5.03,12.42,12.54
5.65,11.62,13.85
5.24,8.12,13.89
6.42,7.9,14.16
5.48,10.53,14.34
6.66,12.34,12.57
5.8,10.46,12.98
5.49,8.9,14.64
6.46,11.37,13.63
5.38,12.14,12.91
5.9,11.87,14.45
6.01,11.84,14.42
7.31,11.26,13.25
5.68,8.14,12.87
5.29,10.13,14.3
7.32,11.39,13.82
6.76,9.38,14.02
5.05,9.33,14.19
6.22,11.51,14.28
5.72,10.29,14.99
7.23,10.91,14.23
5.05,9.51,13.55
6.2,7.54,14.69
6.41,12.33,14.33
6.04,12.25,14.61
5.08,9.84,14.63
7.08,9.87,13.11
5.27,8.92,14.74
5.17,7.89,13.01
6.5,9.08,14.6
6.62,10.22,14.19
6.22,12.11,14.81
5.1,10.52,13.12
5.59,8.3,14.91
5.58,8.25,14.42
6.22,9.97,14.66
6.89,8.3,13.06
5.99,8.81,13.37
6.53,9.48,14
5.85,9.67,14.49
6.45,9.49,14.31
6.56,9.55,12.78
6.07,8.29,14.73
5.06,7.97,14.08
7.01,8.36,13.75
7.1,8.88,13.31
6.64,9.4,13.82
5.45,11.42,15
6.96,8.37,12.86
6.95,9.72,14.88
5.7,9.62,14.21
7.34,8.14,14.11
7.19,11.54,14.81
5.23,8.88,12.78
5.84,11.11,13.39
5.22,11.34,14.37
7.36,12.23,13.96
7.05,9.45,13.86
5.08,11.16,13.06
5.91,12.06,14.57
6.45,8.64,14.52
6.04,10.88,14.67
5.89,7.91,13.85
5.47,12.31,14.42
5.74,11.64,13.87
5.31,9.99,14.45
6.76,9.32,14.95
6.42,9.01,13.15
5.72,10.75,12.53
6.96,9.66,13.48
5.42,11.22,14.39
5.51,10.48,13.9
5.78,9.1,13.76
5.17,10.49,13.09
5.73,8.13,13.69
6.09,7.59,14.32
7.34,11.45,14.38
5.28,12.02,14.14
7.26,8.95,13.38
6.68,8.29,13.34
6.53,9.41,13.71
6,7.54,14.24
6.35,10.4,13.56
7.44,11.24,13.4
5.24,11.5,12.56
6.22,9.92,14.21
6.28,11.85,13.9
6.07,10.75,12.61
7.45,7.7,14.21
6.2,11.77,13.05
5.15,9.31,12.63
6.09,9.01,13.32
5.83,7.52,14.77
6.89,11.27,13.23
6.18,8.64,13.24
5.08,12.04,13.26
6.83,9.45,13.6
5.18,9.77,13.96
5.65,8.21,14.36
7.45,8,14.99
6.75,10.7,13.69
6.53,10.87,13.64
7.29,11.21,14.13
6.33,11.69,14.29
6.12,10.49,12.73
6.74,9.92,14.42
6.41,10.75,12.87
6.64,9.55,14.44
6.26,7.7,14.25
7.23,10.39,13.2
6.54,8.76,13.65
5.41,7.52,14.38
5.29,9.99,14.72
7.29,11.54,13.17
6.09,7.56,12.57
5.09,9.79,14.54
6.19,12.11,13.07
7.18,7.87,13.82
5.64,9.77,14.91
6.58,11.01,13.5
5.99,8.27,12.93
7.3,9.86,12.65
7.44,8.01,14.19
5.68,11.57,13.99
5.71,11.33,14.33
5.27,12.02,12.73
6.62,9.31,13.11
7.47,9.99,13.07
7.05,10.28,14.75
5.88,9.8,13.68
6.86,8.45,12.95
5.37,11.28,13.15
7.21,11.93,13.67
6.4,12.07,14.31
5.74,10.34,14.25
5.41,9.59,12.62
5.89,10.55,14.92
6.73,12.01,14.59
6.12,7.93,13.85
6.82,12.06,12.53
6.79,10.61,14.49
5.02,8.43,12.51
6.2,8.19,13.43
6.99,9.65,12.63
6.78,10.71,14.02
6.63,9.29,12.72
7.16,11.26,12.67
6.29,9.82,13.99
6.91,10.7,13.31
6.83,9.95,12.88
6.08,8.82,13.09
5.29,10.84,13.52
6.79,11.05,13.15
7.16,12.25,12.5
7.46,9.82,14.14
7.24,9.18,12.97
6.26,9.78,13.76
6.78,9.88,12.64
7.43,7.76,12.86
5.06,8.91,13.39
7.35,11.29,14.01
5.44,7.76,13.89
5.57,9.76,13.6
7.15,11.45,12.66
6.55,11.87,14.45
5.08,10.32,13.74
5.29,11.09,13.66
5.61,10.9,14.85
5.35,10.28,13.15
5.38,11.49,12.64
6.32,9.99,12.69
7.34,10.71,14.99
5.85,9.54,12.52
6.43,7.66,13.55
5.64,8.68,13.75
6.94,10.2,13.81
6.29,11.4,12.52
5.87,10.71,14.56
5.05,8.84,13.72
5.61,9.57,14.71
6.94,10.95,12.51
5.73,11.32,13.09
7.28,9.55,12.81
6.66,9.49,12.93
5.85,9.92,13
6.43,7.61,13.9
5.85,9.16,14.09
6.13,8.19,13.09
7.14,10.56,13
5.24,10.76,12.88
6.87,10.88,12.55
6.83,11.57,14.45
5.04,12.33,14.78
7.05,9.2,14.34
5.21,8.47,13.13
5.46,9.65,14.51
5.07,10.96,13.08
6.41,9.59,14.95
5.51,10.28,13.52
7.33,11,13.66
6.7,10.82,13.23
5.67,10.45,14.45
5.02,11.43,14.18
5.09,12.16,13.4
7.18,11.18,13.33
6.41,11.85,12.52
5.5,11.26,13.29
7.32,7.8,14.88
6.21,10.02,13.08
7.19,11.59,13.74
7.25,8.45,14.19
6.39,7.53,12.89
7.02,11.24,13.43
5.05,10.47,12.67
7.09,11.28,14.68
5.1,9.79,14.55
5.94,10.9,13.52
5.89,11.42,14.49
5.82,10.03,13.88
5.99,9.98,14.42
7.12,10.68,14.96
6.17,11.03,12.58
7.4,10.82,13.81
6.1,10.42,14.45
7.26,9.05,13.98
6.42,12.18,13.8
5.3,11.56,13.36
6.6,9.94,13.69
7.06,11.2,14.62
6.34,11.21,13.96
5.21,9.02,13.39
6.84,12.02,13.02
7.31,7.91,14.7
5.97,9.38,12.53
5.47,10.92,14.97
6.07,11.01,13.85
6.62,11.33,13.26
6.92,9.81,13.47
5.34,7.58,13.6
6.42,8.91,14.17
5.02,8.61,12.86
5.58,10.49,14.69
5.46,12.44,13.6
5.69,10.92,13.66
7.37,10.55,13.08
7.12,9.8,14.14
5.03,7.56,13.92
6.05,11.54,14.29
5.08,7.82,14.75
5.43,7.65,12.66
6.32,8.91,14.98
6.76,10.3,13.12
7,10.36,14.93
5.96,11.9,13.01
6.01,11.99,13.6
5.39,12.35,14.75
7.04,10.18,15
7.13,9.36,14.35
5.6,7.65,13.1
5.08,7.76,12.63
5.74,8.67,13.07
6.5,11.2,12.89
5.98,11.57,14.78
7.26,11.33,12.8
5.63,11.26,12.95
6.3,11.31,14.04
6.39,11.44,12.89
7.37,10.32,14.79
6.57,11.06,13.38
6.47,8.35,14.27
5.74,12.22,12.53
5.92,8.5,13.54
5.83,11.34,14.15
5.68,8.73,13.36
5,10.12,14.67
6.16,9,12.91
6.53,9.08,14.97
6.71,9.49,14.3
6.08,12.17,14.33
6.92,11.68,14.48
6.19,8.8,13.72
5.97,9.05,13.91
5.51,11.8,13.9
6.69,7.97,13.79
5.17,7.82,13.96
5.91,11.77,14.68
5.98,10.05,12.89
5.69,12.01,14.93
7.44,8.48,12.75
7.42,8.69,13.15
5.29,10.69,14.29
6.38,11.24,14.51
5.2,12.45,13.19
7.41,9.22,13.12
6.83,8.5,14.37
5.3,12.37,12.55
5.89,12.34,14.76
5.44,11.87,14.32
5.3,12.15,14.17
5.47,8.7,12.76
6.35,9.83,13.23
6.75,8.15,14.26
6.82,8.2,14.88
5.2,12,13.52
6.71,8.49,12.78
6.79,10.02,13.89
5.35,9.38,13.14
7.2,9.58,14.3
5.18,12.45,14.69
5.25,8.47,12.87
5.16,11.34,14.91
6.64,11.15,14.13
5.51,10.34,13.52
7.1,9.57,14.78
6.62,8.17,14.27
7.36,9.65,13.55
6.69,9.27,13.08
6.82,12.32,14.6
5.94,10.27,13.19
5.01,8.21,13.11
6.09,9.09,14.15
6.87,11.61,12.68
6.01,12.38,12.99
5.66,8.39,12.7
6.11,8.1,14.52
5.34,10.9,14.97
5.76,9.97,14.82
5.95,10.48,14.41
5.27,8.33,13.46
7.44,11.67,14.51
7.19,10.2,13.79
5.79,11.59,13.54
6.85,9.67,14.69
6.92,11.24,13.84
7,12.08,12.99
6.72,9.24,12.9
5.83,11.57,13.93
7.01,8.96,12.65
5.95,9.5,13.26
5.41,11.9,13.47
5.24,7.8,13.4
5.3,7.69,14.96
5.72,7.79,13.91
5.2,7.59,14.32
7.05,10.49,13.59
5.42,7.88,12.77
5.1,7.72,13.97
7.22,8.91,14.93
5.71,9.56,13.9
6.28,8.73,13.5
6.06,10.81,13.56
5.39,7.62,13.28
6.84,11.28,13.13
5.64,8.84,15
5.03,9.83,13.7
5.28,10.82,14
5.56,9.28,13.27
7.04,10.21,12.62
6.88,8.74,14.07
5.36,10.56,13.56
7.31,7.71,14.82
6.67,11.1,12.57
5.27,12.4,14.65
5.53,7.55,12.69
6.07,11.34,12.8
5.04,12.49,13.58
7.05,12.01,14.32
6.67,10.49,13.81
6.71,10.11,14.78
5.45,11.28,13.63
5.45,8.46,14.35
7.08,8.87,14.55
5.16,9.1,13.5
5.24,11.89,12.73
5.67,8.61,14.08
5.45,10.29,12.53
7.16,7.72,12.89
5.96,12.33,13.78
6.23,12.16,13.99
7.11,8.49,12.78
6.22,9.11,13.84
6.04,7.7,14.01
6.81,7.72,14.37
6.44,12.42,12.64
5.36,12.08,14.3
6.41,9.41,12.6
5.06,9.19,14.91
6.31,9.09,12.76
5.06,10.18,14.74
6.86,9.2,14.78
7.22,12.3,14.22
6.81,9.2,13.17
5.79,8.3,13.71
6.6,12.36,12.71
6.32,9.21,13.89
6.58,8.49,14.07
5.88,11.13,14.57
5.35,8.53,14.42
7.12,8.81,12.56
6.07,9.92,13.17
5.53,7.54,14.14
5.05,11.34,12.55
6.9,8.97,13.57
5.86,9.71,13.58
5.67,7.53,14.71
6.36,10.98,13.02
6.38,12.46,13.79
6.54,8.26,14.74
7.16,8.77,13.51
5.97,7.66,13.41
5.12,8.39,14.57
5.95,10.18,12.56
7.47,10.1,14.9
6.93,7.74,14.76
6.97,8.22,13.43
5.93,11.33,14.86
5.11,8.01,14.59
6.56,10.54,14.08
6.96,11.07,12.94
6.39,11.66,12.71
5.64,12.05,13.53
7.36,12.42,13.18
5.34,8.77,14.51
6.07,11.58,14.92
6.02,8.01,14.82
6.33,9.51,13.08
6.77,11.21,13.61
5.36,12.33,13.12
6.14,8.95,13.27
6.48,9.53,13.02
6.37,11.47,14.39
5.39,10.79,14.57
7.05,8.22,14.9
7.42,10.87,13.84
6.07,9.27,13.19
5.99,12.45,12.98
6.31,9.82,13.11
6.34,8.84,13.69
6.31,7.78,12.64
5.31,9.41,12.94
7.3,9.01,13.74
5.28,11.38,13.7
5.11,8.59,13.03
6.97,8.6,14.95
7.33,10.76,13.69
5.31,8.33,12.99
6.53,9.22,13.93
6.04,9.8,14.27
6.64,10.84,12.84
5.68,8.88,13.77
7.04,12.31,13.57
7.04,11.44,14.14
6.31,10.17,13.28
6.85,12.05,13.4
7.31,11.04,14.19
6.63,8.02,12.56
6.2,8.32,13.63
5.48,7.78,14.65
7.01,10,14
5.63,9.14,13.48
5.11,9.45,14.04
7.21,11.57,14.27
6.25,11.7,13
5.06,11.33,13.1
5.02,9.15,14.51
6.58,9.06,14.79
7.14,12.04,14.34
5.68,9.08,14.14
6.86,8.48,13.27
7.23,11.94,13.05
7.02,10.12,13.22
6.29,12.11,14.78
6.67,10.57,14.23
6.32,11.93,13.14
5.57,8.38,14.62
6.62,8.62,13.38
6.25,10.63,12.81
5.74,7.75,14.89
6.17,12.2,13.7
7.26,9.65,12.93
5.9,8.55,14.16
5.61,11.14,12.6
6.2,9.92,14.22
5.66,7.56,13.92
5.99,12.18,13.22
6.87,8.49,12.56
5.76,11.86,14.69
5.19,10.98,12.97
6.63,10.51,14.41
7.19,8.94,12.69
5.3,9.89,14.04
6.72,10.08,13.22
6.53,11.58,14.58
7.25,10.54,13.9
6.1,12.05,13.3
6.47,9.5,13.7
6.82,9.26,14.16
5.3,10.02,12.89
7.12,8.28,12.99
5.05,10.98,12.7
7.08,8.76,12.56
7.26,9.41,12.67
5.65,11.32,12.65
6.36,9.21,14.87
6.79,8.79,13.04
5.55,9.24,13.41
5.49,9.94,14.04
5.01,8.5,12.56
7.19,12.05,14.68
7.25,10.99,14.63
5.88,7.52,13.95
6.78,11.91,13.79
6.15,8.26,13.87
5.41,7.72,14.39
5.23,11.14,12.75
7.25,9.07,13.8
6.22,8.88,14.77
7.03,10.9,14.16
5.39,9.84,14.86
7.48,7.75,13.39
5.94,8.48,13.44
7.25,8.5,12.75
6.98,9.04,13.57
6.27,11.2,12.8
6.19,10.69,14.05
7.01,9.3,12.53
6.6,10.9,13.13
7.03,11.89,14.99
6.49,11.52,12.69
7.31,8.15,14.2
7.46,10.58,12.55
6,9.99,12.53
5.11,9.79,12.95
6.27,11.4,12.69
7.47,7.63,13.97
7.08,10.81,14.31
5.9,9.68,13.33
7.1,8.43,13.09
6.4,11.12,12.77
6.49,9.24,12.8
6.3,9.16,14.9
6.53,10.75,12.55
7.08,12.24,14.25
7.15,12.01,12.76
5.39,11.13,13.8
6.87,9.89,14.65
7.28,7.79,12.56
7.1,11.63,14.43
6.08,9.15,12.86
5.7,12.04,14.11
5.77,8.5,14.81
6.13,9.01,13.99
5.39,10.33,14.45
7.36,8.59,14.9
6.56,11.59,13.76
5.36,7.7,14.91
6.78,10.3,12.77
7.17,11.14,13.69
5.84,8.51,12.64
7.29,10.94,14.97
7.43,9.48,13.61
5.96,10.58,13.95
5.22,11.39,12.66
6.29,8.2,12.57
6.37,10.74,13.72
7.4,10.02,14.15
7.43,10.97,13.19
5.53,12.31,14.62
5.15,8.07,12.89
7.03,10.83,13.69
5.72,10.4,13.28
7.24,10.57,12.73
6.58,11.68,14.94
5.39,12.14,13.6
6.08,9.91,13.61
5.42,10.78,13.94
5.48,10.49,13.93
6.27,10.58,14.06
5.21,11.52,14.88
6.66,9.98,13.38
6.12,11.15,13.8
6.84,9.7,13.21
5.42,9.94,14.12
7.21,9.2,13.53
6.15,7.87,13.62
7.12,10.14,14.79
6.29,10.07,13.6
7.27,10.75,14.56
7.27,7.99,13.26
5.76,12.39,13.43
6.12,10.97,12.69
6.04,9.52,14.61
5.3,10.18,12.95
7.16,11.65,14.54
6.15,8.45,14.05
5.77,8.57,12.79
6.74,7.66,12.94
5.2,9.72,12.7
6.74,12.04,13.49
6.57,10.53,14.43
5.44,8.34,13.31
5.4,11.97,14.72
5.62,11.87,14.05
6.65,11.06,13.6
5.15,8.17,13.23
6.81,12.21,13.14
6.97,10.08,12.59
6.21,11.4,14.64
5.29,9.19,13.1
6.45,12.4,13.03
5.98,10.02,14.1
7.43,12.01,13.46
5.02,7.82,12.77
5.38,10.75,14.89
5.1,8.06,14.69
6.67,12.21,13.99
6.92,12.04,14.43
5.01,11.21,14.01
6.37,8.8,14.28
6.22,8.74,14.25
5.95,11.59,12.5
6.7,8.54,13.82
5.44,9.07,12.99
7.45,8.6,13.33
5.97,10.92,14.7
5.5,9.72,13.89
6.49,11.7,12.87
5.17,10.81,14.62
6.51,8.03,14.83
6.63,12.09,13.59
5.21,11.26,13.35
6.13,9.37,13.72
6.58,10.07,12.65
6.68,8.21,12.65
5.12,8.36,14.67
5.98,11.11,13.59
6.06,12.08,14.28
7.37,12.25,14.07
6.51,8.99,14.43
7.32,10.94,14.4
6.66,8.07,13.92
6.02,10.9,14.72
7.13,9.18,13.29
6.83,8.2,14.18
6.08,8.28,12.95
7.41,9.96,14.04
7.35,10.76,12.76
6.32,8.77,14.48
6.56,9.08,13.02
7.03,10.6,14.02
6.88,11.27,13.98
7.1,11.39,14.41
6.6,11.82,13.88
7.15,12.35,14.87
6.88,10.6,13.14
7.27,12.1,14.51
5.48,8.21,13.46
7.04,11.28,12.68
7.22,11.29,14.79
6.53,7.61,14.48
5.92,7.71,12.59
5.53,11.33,14.14
6.25,8.77,14.02
5.87,10.98,14.56
6.36,8.26,14.47
5.15,11.97,13.27
5.71,7.93,14.82
7.13,8.56,13.72
5.63,9.63,13.84
6.28,11.09,13
7.09,9.8,14.43
6.17,8.59,12.93
6.45,10.42,13.21
6.99,7.62,13.79
5.32,11.35,14.54
6.15,9.92,12.67
7.41,11.73,13.59
5.03,8.89,14.73
5.72,9.7,13.19
6.03,8.26,14.25
7.07,10.28,13.19
6.55,8.16,14.66
5.25,9.13,13.1
7.28,10.02,13.25
5.26,9.63,13.51
6.19,9.63,14.23
5.77,12.03,14.18
6.17,10.58,15
5.02,11.34,12.81
6.43,10.76,14.53
5.26,8.16,12.77
6.51,8.2,13.36
7.39,7.93,13.46
5.29,9.06,14.46
5.57,10.52,14.13
5.31,10.68,13.23
7.46,7.95,12.82
5.83,12.07,13.5
5.93,9.05,13.83
5.32,8.42,14.56
5.83,12.02,12.66
5.23,7.73,12.85
6.21,8.19,12.65
5.2,12.37,13.62
6.92,11.85,14.56
5.17,10.87,13.84
5.29,11.56,14.3
5.77,7.72,12.93
5.8,10.56,14.37
5.28,10.48,14.55
5.02,8.85,14.99
6.79,8.11,14.1
6.2,7.95,15
7.38,7.54,13.3
6.27,11.28,14.65
6.55,9.5,13.32
6.5,8.02,13.36
7.23,10.06,13.71
7.3,11.3,14.33
6.67,7.52,13.05
5.55,8.4,13.55
5.74,11.15,14.68
5.67,12.38,13.2
5.65,7.73,12.67
5.88,12.3,13.4
6.13,9.65,14.43
7.32,9.63,13.18
6.45,11.84,13.98
7.11,8.41,13.25
5.75,10.42,13.99
6.24,12.21,12.95
6.56,11.27,13.16
6.38,9.73,14.76
5.09,12.13,13.48
5.83,10.34,13.02
7.45,11.77,13.37
6.32,11.81,14.12
5.69,12.22,12.79
7.05,10.06,14.31
6.82,11.03,14.29
6.87,12.15,14.24
7.38,9.5,14.93
7.32,9.51,13.56
5.38,11.51,14.26
7.14,8.43,14.72
6.03,8.55,13.01
7.41,12.48,12.85
5.62,11.97,12.95
6.29,8.88,14.98
7.03,11.92,14.18
5.5,8.59,14
5.47,7.9,14.01
5.13,8.36,13.82
5.19,8.33,14.48
6.44,10.81,14.76
6.31,9.85,13.09
5.04,7.99,14.37
5.13,10.43,14.43
6.76,10.97,14.39
5.91,8.6,14.14
5.09,12.48,12.78
5,12.24,14.98
7.15,7.84,12.66
6.71,12.49,14.61
6.47,9.08,12.82
6.88,8,12.75
5.21,7.61,14.88
5.89,9.27,13.71
5.82,8.77,13.2
6.82,12.02,14.56
6.46,12.19,13.84
5.88,11.52,14.73
5.57,9.38,14.03
7.43,11.25,14.2
6.57,12.08,12.6
6.77,10.74,14.94
7.28,7.83,13.36
5.73,10.93,13.62
6.37,11.96,14.28
6.38,7.54,14.93
5.53,8.43,12.98
6.95,11,14.55
5.75,9.77,14.62
5.3,10.63,13.5
5.17,10.21,13.27
6.45,10.17,12.74
6.33,12.01,14.02
5.05,10.76,13.91
7.31,11.57,14.02
5.28,11.19,13.09
6.67,10.39,14.69
6.14,9.67,13.47
5.16,7.8,13.37
6.3,9.46,13.76
5.02,7.51,12.81
5.04,8.69,13.3
6.39,10.85,12.53
7.11,8.88,14.11
6.62,11.04,14.64
6.55,9.04,15
7.04,10.55,14.84
5.68,11.95,14.73
6.95,8.1,14.67
7.34,9.1,12.79
6.81,10.47,14.45
5.25,8.48,13.79
6.36,9.99,14.77
6.46,9.01,14.56
5.46,8.77,12.92
6.82,9.63,13.01
5.7,12.21,13.32
6.3,10.48,13.88
6.89,8.5,13.31
6.52,10.5,12.84
5.11,9.21,13.97
7.19,10.86,14.58
5.18,10.43,13.44
6.88,9.13,13.75
7.03,9.18,14.42
5.54,9.18,12.69
5.95,9.78,13.44
5.71,9.6,13.94
6.81,12,14.82
5.64,11.69,13.18
6.76,7.5,14.93
5.06,8.99,12.86
7.34,11.39,12.54
6.28,10.09,14.11
5.87,10.35,14.23
5.52,12.38,14.78
5.21,10.93,14.46
6.31,11.56,13.71
7.24,11.87,14.45
5.74,12.17,13.46
6.91,11.44,12.99
7.3,9.88,14.65
6.78,11.37,13.21
6.13,11.37,13.53
6.63,7.59,13.15
7.16,8.52,13.52
7.1,9.17,14.97
5.49,10.62,13.14
7.11,8.32,13.57
5.58,8.04,13.4
5.72,8.45,13.35
6.68,7.71,13.31
5.76,10,13.35
6.59,10.41,12.58
5.43,10.27,14.46
5.5,8.33,12.58
5.12,10.99,14.73
6.66,7.76,13.18
5.94,7.98,14.74
6.85,8.27,14.88
5.13,11.56,13.38
5.05,7.96,13.12
5.85,12.32,13.61
6.39,8.87,13.92
6.74,7.83,13.14
6.79,8.77,13.44
6.27,8.24,14.53
6.45,12.21,14.39
5.08,11.07,13.8
7.08,12.01,14.29
6.53,9.49,13.34
6.8,8.49,14.05
5.65,11.88,13.43
5.71,10,12.92
6.29,9.66,14.08
5.38,12.17,13.91
6.59,10.15,14.88
6.75,12.48,13.97
6.67,10.35,13.31
7.05,9.19,13.97
5.41,11.23,14.74
7.44,9.82,14.85
7.27,11.15,13.82
7.34,9.69,13.3
5.58,7.88,13.58
6.59,7.72,14.24
5.24,10.44,13.81
7.23,11.66,13.4
7.18,10.59,13.26
6.96,11.08,14.31
6.88,11.89,12.62
7.05,12.35,14.31
5.71,11.84,14.99
6.95,8.09,12.97
5.6,8.01,12.99
5.91,9.34,12.53
5.69,9.77,12.96
6.27,12.05,14.45
7.4,10.75,14.09
6.44,12.38,14.35
6.2,9.78,12.69
6.84,8.88,14.5
6.66,11.56,12.69
6.6,10.9,12.96
6.48,11.82,14.89
5.83,11.36,14.49
6.87,11.25,12.96
6.03,8.9,14.65
6.74,7.87,13.01
6.38,11.31,14.02
5.9,9.28,12.95
6.51,9.35,12.52
5.94,10.49,14.99
5.15,11.44,14.06
6.11,10.86,13.7
6.7,12.48,14.06
5.9,11.49,13.75
7.43,9.29,12.59
5.12,12.07,12.52
7.43,10.75,13.45
7.07,9.06,13.01
5.29,12.45,14.42
6.42,11.1,12.82
7.09,8.66,13.74
6.91,9.15,14.69
5.18,12.43,13.76
5.37,11.89,14.28
6.81,11.86,12.97
7.17,7.67,13.47
6.68,8.54,13.78
6.19,8.06,13.57
6.32,7.59,14.41
6.04,7.62,12.54
6.49,10.77,14.12
7.03,12.37,13.9
6.25,10.79,13.53
6.14,11.49,14.02
5.26,11.55,12.97
5.2,8.01,13.4
5.8,11.14,13.02
6.7,11.41,12.84
5.06,9.5,14.34
7.44,10.99,14.4
6.77,11.5,14.02
6.21,12.39,14.79
7.36,9.32,14.68
7.08,11.48,13.7
5.75,11.41,13.52
6.44,12.21,12.67
6.31,9.01,13.37
7.38,7.96,13.93
7.27,9.93,14.91
5.21,7.67,13.25
6.8,11.67,13.83
5.97,10.69,14.13
7.18,11.38,14.8
6.71,10.29,13.03
7.44,8.01,14.46
7.05,11.79,13
7.44,9.04,13.03
7.12,12.19,14.8
7.08,11.35,13.08
7.38,8.79,13.67
5.91,10.78,14.62
6.96,12.32,14.25
7.3,8.57,14.46
5.53,10.57,12.72
5.27,10.07,13.48
5.14,11.5,14.25
5.56,11.37,14.2
7.25,8.05,14.97
5.38,11.75,14.43
7.29,11.95,12.84
6.15,11.67,14.96
5.61,8.17,14.84
5.41,9.84,14.88
7.41,11.34,12.51
5.27,8.72,13.18
5.95,12.34,12.97
7.03,9.07,13.02
6.88,7.55,14.74
5.31,8.99,14.74
6.2,7.82,13.21
5.5,12.22,14.64
6.31,12,14.41
6.41,10.76,13.61
6.03,12.32,12.59
6.78,9.61,14.34
5.09,11.34,13.84
5.2,8.32,13.79
6.69,10.1,14.57
5.97,7.95,14.31
6.46,8.08,13.35
6.78,9.74,13.73
5.64,9.47,13.87
5.05,11.54,14.08
5.49,11.43,12.51
5.1,10.28,14.8
6.18,11.98,13.72
5.47,11.19,14.23
7.29,12.25,14.94
6.54,9.46,14.95
5.12,10.78,13.52
7.13,8.93,12.76
5.14,9.36,13.27
6.47,8.36,13.07
7.08,11.5,12.86
5.05,10.85,13.46
6.98,11.2,14.32
7.15,8.74,13.45
6.39,9.94,13.57
5.13,8.55,13.7
7.12,12.03,12.83
5.63,10.85,14.74
6.58,7.91,13.05
6.6,9.34,14.88
5.83,8.59,13.05
5.28,8.2,13.06
5.86,11.86,13.69
7.31,11.9,14.02
6.21,9.71,14.26
5.62,7.65,13.39
5,10.13,14.9
5.46,7.57,13.18
5.12,8.7,13.9
5.01,11.48,14.81
5.46,9.92,13.35
7,7.55,14.24
7.04,11.84,14.38
5.56,7.61,12.57
6.61,8.84,14.94
6.77,11.74,12.87
5.81,10.89,14
5.36,10.1,14.78
5.96,12.35,13.38
5.37,10.9,12.57
6.53,9.57,12.89
6.07,9.11,13.44
7.35,9,14.69
7.01,11.87,13.56
6.67,11.46,14.02
6.15,7.51,13.21
6.96,7.52,14.97
7.09,8.9,12.78
6.2,10.13,12.57
7.05,9.83,13.82
6.48,9.83,13.46
5.86,9.63,13.5
5.43,8.27,12.82
6.64,10.88,14.8
5.28,8.46,14.72
5.38,12.26,14.47
6.32,9.4,13.27
5.31,8.01,13.52
7.21,8.22,14.22
5.82,10.18,12.72
6.31,9.1,13.97
6.84,10.03,12.78
7.32,8.25,14.2
6.54,7.65,13.14
6.57,11.41,14.45
6.42,8.56,12.93
6.6,11.78,12.63
6.94,9.12,13.64
5.23,11.78,13.45
5.26,7.63,12.81
7.41,8.22,13.57
7.18,12.28,12.59
6.53,8.11,13.11
5.51,11.17,14.46
5.03,9.5,13.59
6.12,11.26,12.71
5.94,9.01,12.65
6.65,10.45,13.81
5.24,9.71,14.71
6.87,8.09,12.55
5.42,10.36,12.65
5.05,8.52,14.72
6.82,9.75,12.67
6.02,11.37,13.26
5.56,11.97,13.65
7.25,11.11,14.88
5.23,8.86,12.91
6.2,8.63,14.63
5.15,12.36,13.24
7.04,10.37,12.83
6.2,7.85,13.18
6.93,11.3,12.57
5.58,12.19,13.79
6.95,12.23,12.69
5.1,9.15,12.73
5.43,7.64,14.48
7.26,10.38,12.97
6.35,8.6,14.89
5.08,9.41,13.19
7.2,9.94,12.88
7.41,10.26,13.82
6.91,8.65,13.57
5.43,11.74,14.46
6.16,10.59,12.85
5.44,7.58,13.91
7.48,9.82,12.98
6.63,9.19,12.83
5.87,8.3,12.9
5.96,8.33,13.03
5.84,12.02,13.46
6.71,10.95,14.88
6,9.64,12.55
6.44,9.05,13.08
7.02,7.56,13.84
5.08,8.52,13.4
6.7,11.57,14.76
6.08,10.19,13.77
5.52,10.45,14.02
5.52,9.51,13.03
6.1,8.7,14.17
7.39,7.75,12.78
5.11,9.81,13.82
6.58,8.77,13.27
6.39,12.33,13.09
5.17,12.05,13.07
5.17,10.21,14.32
5.38,10.41,14.33
7.14,12.4,13.59
5.02,9.39,14.32
6.36,9.07,13.87
6.29,8.34,14.06
5.79,12.26,14.47
5.24,9.21,14.37
6.22,8.73,14.69
6.54,12.09,12.74
6.26,7.75,13.24
5.67,9.35,14.52
7.07,11.79,14.6
7.33,12.43,14.97
6.05,9,14.73
6.32,8.58,14.54
5.52,8.98,12.6
5.43,9.82,12.78
5.69,9.01,13.18
5.93,11.12,14.41
5.13,8.06,12.73
6.27,12.49,13.17
6.89,8.33,13.31
6.03,11.25,14.8
5.79,8.99,12.69
6.84,10.65,14.6
5.72,8.41,13.87
5.7,7.56,12.83
5.05,9.54,14.76
7.09,8.25,14.19
6.38,10.93,12.64
5.11,10.58,13.68
5.29,11.68,13.66
5.68,9.98,12.54
5.13,8.37,12.94
6.29,8.19,14.89
7.45,9.58,13.57
7.13,9.63,12.93
6.57,12.42,13.39
5.29,10.85,14.36
7.42,8.48,12.98
6.18,9.68,12.55
5.92,11.66,13.21
5.31,8.17,14.59
6.42,12.4,13.8
5.73,7.93,13.7
7.28,9.54,14.86
5.51,10.17,12.87
6.16,11.45,13.75
6.86,9.92,14.02
7.45,8.02,14.68
5.49,8.95,13.67
7.12,8.98,12.87
6.65,9.49,13.87
5.83,10.71,14.8
7.29,11.46,14.08
5.69,10.86,13.91
5.27,9.12,13.49
7.31,8.59,13.94
5.61,9.43,13.52
5.2,10.59,13.45
7.17,11.62,13.31
6.59,10.31,13.36
5.99,10.3,12.87
5.52,12.23,12.99
5.43,7.84,14.86
6.92,11.91,14.06
5.79,7.82,13.42
5,11.67,12.63
7.36,8.63,12.56
7.22,12.22,14.53
6.65,9.49,13.33
6.03,12.15,14.44
5.07,12.04,12.93
5.94,12.15,14.17
6.46,11.48,14.58
5.73,12.26,14.53
6.99,7.88,14.69
5.22,9.75,12.96
5.8,11.78,14.34
5.76,8.98,12.79
5.52,12.38,13.63
6.58,10.34,14.91
5.69,11,14.28
7.31,7.67,12.89
6.6,11.01,13.34
5.08,8.05,15
6.02,8.47,14.69
5.48,9.46,12.87
6.83,8.23,13.71
5.45,10.03,14.48
6.36,8.75,13.47
7.03,10.27,14
6.93,11.41,13.61
7.32,10.53,13.14
7.24,12.2,14.11
5.14,8.44,14.65
5.71,10.85,13.52
7.11,10.84,13.9
5.61,8.76,14.5
7.15,12.05,12.89
7.04,8.75,13.09
7.06,10.15,13.3
5.11,9.42,14.78
6.1,9.38,12.59
7,10.88,13.31
6.37,8.64,15
5.45,9.91,14.72
5.36,10.7,12.82
6.07,9.43,12.51
5.21,11.6,13.31
7.15,10.67,14.72
6.06,12.21,14.2
6.28,9.53,13.09
7.27,7.97,13.77
6.84,11.71,14.38
5.52,12.27,13.53
6.03,10.67,13.51
7.37,9.73,13.38
6.55,7.91,14.69
6.11,8.02,14.73
7,8.84,13.04
5.82,7.65,13.25
5.65,9.48,14.13
6.77,8.33,14.47
6.46,11.08,13.84
5.61,12.33,14.96
5.83,9.88,13.88
5.26,11.18,13.03
5.62,8.83,14.33
6.11,11.22,13.33
7.2,10.57,14.45
5.63,8.51,12.64
5.81,8.06,12.85
6.79,10.65,14.34
5.7,11.81,13.54
5.69,7.64,12.93
5.13,8.11,13.85
6.23,8.61,13.71
5.48,11.2,13.65
5.89,8.98,14.91
5.59,11.37,14.95
6.01,8.08,14.48
6.3,8.83,13.38
6.53,11.11,14.43
6.21,9.16,14.06
7.35,7.56,14.28
6.11,9.54,14.24
6.29,9.93,12.56
7.33,10.72,13.4
5.38,10.12,13.54
6.15,11.97,13.67
6.37,10.98,13.4
7.09,10.4,13.57
5.22,10.53,13.07
5.05,11.02,13.77
5.86,11.46,13.04
5.83,11.49,12.88
6.76,12.35,13.89
7.01,11.09,14.14
7.42,9.37,14.96
6.95,10.71,12.81
7.03,11.39,14.6
6.78,9.31,13.04
6.81,12.11,12.82
6.96,10.63,13.65
5.77,9.18,12.85
7.18,9.31,14.43
5.52,10.44,12.73
7.19,11.93,14.11
5.87,11.03,13.11
5.06,9.01,13.96
6.09,10.29,12.6
5.74,9.55,14.44
5.79,11.45,14.06
6.3,10.53,13.13
6.59,11.89,12.98
5.3,10.31,14.25
5.58,11.95,14.84
5.26,9.8,13.87
7.13,12.41,14.54
6.08,10.03,14.39
6.87,7.88,14.25
5.32,8.7,14.6
5.25,10.59,13.76
5.37,9.01,13.05
7.48,10.33,12.82
6.85,7.55,13.12
7.33,11.36,14.15
5.76,8.63,13.93
6.99,9.84,14.9
6.46,8.19,12.68
7.41,11.28,14.26
7.27,11.63,14.41
5.86,9.92,14.59
5.77,10.63,12.71
7.35,8.95,13.59
6.21,11.24,13.05
6.85,8.6,13.63
7.36,11.95,13.82
5.64,10.14,14.15
7.1,10.55,14.52
7.04,10.89,13.11
7.18,8.66,14.85
5.82,7.82,13.58
6.07,8.16,14.71
5.01,9.93,13.87
7.01,10.84,13.72
5.99,9.04,13.83
6.55,10.86,14.94
6.51,9.33,13.7
6.33,12.21,13.66
6.52,11.25,14.11
6.68,9.2,12.55
7.09,12.21,12.89
6.65,12.13,12.9
7.29,8.38,12.76
6.73,8.72,14.85
6.5,10.81,14.05
7.19,12.47,14.7
6.86,8.8,13.76
6.38,9.8,13.57
6.94,10.39,13.02
7.42,11.98,14.94
7.15,8.64,14.05
7.11,11.12,13.23
6.71,7.98,13.87
5.45,11.37,13.69
6,10.57,14.57
5.5,7.77,14.14
7.27,8.66,14.24
5.42,12.16,14.56
5.09,11.5,13.34
6.87,11.73,14.86
5.9,8.86,12.86
6.37,9.61,14.99
5.42,11.63,14.46
5.15,10.79,12.95
7.27,8.78,13.53
7.2,9.67,13.38
6.45,8.88,12.66
7.2,11.84,14.84
6.17,9.74,13.86
6.93,8.06,14.9
7.09,10.69,12.52
6.51,10.57,14.62
6.64,10.15,14.85
5.27,12.07,12.72
5.73,11.94,13.03
6.71,8.15,13.56
7.04,9.27,12.65
7.11,7.75,13.52
5.97,9.11,14.41
5.59,10.05,14.34
5.36,11.33,13.79
5.34,10.9,14.95
5.15,8.57,13.11
6.83,9.98,12.92
5.88,10.48,14.06
5.98,10.13,14.61
7.29,11.7,14.06
7.07,12.23,13.59
7.16,7.54,13.2
6.28,11.76,12.86
5.16,8.23,13.71
6.37,10.96,13.25
6.29,10.15,13.59
5.81,10.87,12.73
6.13,8.19,13.76
6.78,8.95,13.18
6.21,7.76,14.32
6.83,7.96,13.15
5.74,10.41,12.58
7.24,9.15,12.54
6.42,11.14,12.53
6.33,12.03,14.25
6.87,10.65,13.26
6.88,8.97,13.16
5.57,10.93,12.81
6.92,11.64,13.07
6.73,9.87,15
6.79,9.31,13.19
6.29,8,13.93
5.99,9.8,13.15
5.62,11.5,14.15
6.5,8.14,12.53
7.11,8.59,12.9
6.71,12.4,13.08
6.05,11.71,13.76
6.43,10.93,13.18
5.79,9.12,13.63
5.4,8.14,12.94
5.02,9.83,14.16
5.58,12.22,14.28
6.89,8.72,14.58
5.31,10.67,13.76
6.21,12.21,13.9
7.44,8.59,13.17
6.58,11.74,13.59
6.14,10.84,13.24
6.58,9.19,12.6
6.3,8.61,13.59
5.92,10.89,14.31
6.49,7.6,12.64
7.07,9.46,13.28
6.68,11.05,13.71
6.43,12.43,13.18
6.09,8.31,14.3
6.09,11.2,14.14
7.45,10.51,12.88
6.57,7.54,13.38
7.25,8.53,13.18
6.96,10.22,14.66
7.36,7.73,12.96
7.37,7.81,12.93
7.07,9.21,12.59
6.72,11.59,14.6
7.3,7.87,13.81
7.23,9.96,12.54
5.46,7.79,14.51
5.1,7.94,13.24
5.37,11.45,12.58
7.16,10.21,12.92
5.81,7.88,12.78
6.82,9.72,13.06
7.11,9.95,12.8
7.11,8.92,12.64
5.17,8.48,13.42
6.72,11.27,14.67
6.81,10.45,14.58
6.01,11.62,13.57
6.84,9.99,14.51
6.06,11.43,13.32
5.06,7.92,13.75
5.87,7.66,13.88
5.07,11.61,14.61
7.13,10.95,12.99
6.1,10.94,14.66
5.09,8.63,14.81
6.55,7.93,12.75
6.45,10.55,14.04
6.73,9.9,13.26
5.72,8.82,14.23
6.51,10.45,13.61
5.23,7.88,14.06
5.79,8.91,12.72
5.33,10.82,13.77
6.45,11.56,12.72
5.83,11.01,14.64
6.89,11.11,14.18
6.31,9.79,13.55
6.03,9.41,14.93
5.04,11.16,13.44
6.76,11.51,13.38
6.11,11.87,13.04
6.98,10.04,14.37
6.51,10.12,14.76
6.34,9.49,14.88
5.07,10.06,14.79
5.06,11.73,13.79
5.01,11.32,12.56
6.57,11.46,12.52
5.88,12.13,14.55
5.38,8.66,12.54
7.23,11.16,13.07
7.13,10.94,14.46
7.39,7.83,13.91
6.69,10.02,13.31
7.33,10.41,13.86
7.3,9.27,12.52
5.1,9.5,12.59
5.79,12.25,12.92
5.17,9.59,13.45
6.61,10.05,14.19
5.34,12.02,13.68
6.68,9.84,14.94
6.51,7.75,14.86
6.62,11.91,14.44
5.46,11.56,13.57
5.73,10.85,12.63
5.12,8.66,13.08
6.9,12.42,13.18
5.12,9.12,14.26
7.16,8.65,14.5
6.87,9.48,12.86
5.7,9.36,13.25
5.36,8.87,13.12
6.87,10.4,12.83
6.99,9.95,13.55
7.38,8.17,14.42
6.88,8.67,13.73
6.24,8.45,14.66
7.05,9.09,13.88
5.79,11.41,13.67
7.16,8.63,13.95
7.06,8.26,13.16
5.78,9.76,14.28
7.37,12.37,13.12
7.48,9.74,13.37
6.87,9.8,14.32
6.31,9.52,14.34
5.41,7.86,13.62
7.3,10.35,13.4
6.72,8.51,13.05
6.16,7.74,13.63
7.45,11.38,14.88
6.33,10.58,14.09
6.57,8.19,14.18
5.53,9.73,13.16
6.68,12.09,13.29
6.52,12.29,13.73
5.27,8.04,13.85
5.97,12.49,13.92
5.54,10.66,13.3
6.57,10.74,12.72
5.9,8.03,14.08
6.9,11.32,14.45
6.66,9.42,14.9
6.51,8.3,14.84
5.63,8.73,13.92
6.42,7.76,14.53
7.15,9.41,14.33
7.1,11.65,13.95
7.19,8.19,14.85
7.43,7.56,14.17
6.81,11.06,13.27
7.21,8.84,14.56
7.47,10.86,14.14
5.43,8.5,14.84
5.4,8.93,12.86
5.91,9.91,13.63
6.1,9.68,13.39
5.62,9.11,13.17
6.26,11.32,15
5.26,8.66,14.52
6.79,11.62,14.84
6.14,8.26,12.61
6.67,12.3,13.08
5.64,8.93,12.59
5.12,10.15,12.68
5.83,10.48,13.33
7.38,11.91,14.71
5.85,10.69,14.4
5.34,12.29,13.83
7.02,10.69,13.88
6.94,8.96,14.69
6.64,8.37,14.74
6.36,10.7,12.79
7.45,12.16,14.42
5.6,10.06,12.73
7.44,8.29,12.77
7.17,10.81,14.99
5.12,10.66,14.72
5.31,8.89,13.56
5.99,8.9,12.5
6.52,10.26,13.92
5.48,11.19,12.7
6.44,10.27,13.59
5.8,10.24,14.95
5.27,11.03,13.16
5.7,11.68,13.08
6.87,9.13,13.38
6.47,8.94,14.88
6.12,10.93,14.77
7.31,8.85,14.03
6.23,11.87,13.57
7.07,9.54,12.58
7.42,8.79,13.71
5.93,11.76,12.98
5.74,9.29,13.93
5.29,8.5,14.54
6.46,11.54,14.25
6.53,10.14,13.44
5.08,12,13.69
6.02,11.97,13.76
7.24,8.27,13.06
6.69,11.56,15
5,9.44,12.74
5.28,9.6,12.81
6.34,11.07,13.79
5.57,12.11,13.64
5.6,9.83,14.51
5.04,7.73,14.57
6.61,10.95,12.84
6.99,11.76,13.3
5.28,9.43,14.65
7.09,7.84,12.98
7.19,11.23,12.57
5.73,9.06,14.13
5.36,10.44,12.91
6.72,8.02,12.75
7.12,11.04,14.91
5.32,9.32,13.95
7.2,11.99,13.19
6.96,11,13.62
5.2,11.83,14.15
5.97,8.99,13.23
6.58,10.39,13.39
5.31,8.4,13.83
6.68,9.86,12.71
5.76,8.4,13.46
6.32,8.57,13.35
6.53,10.95,13.98
7.45,12.08,14
6.78,10.17,13.14
5.61,11.39,13.2
6.14,8.93,13.78
6.47,11.17,12.83
5.95,12.37,12.66
5.62,8.68,13.12
5.57,11.24,12.55
7.19,11.31,14.31
6.85,10.22,13.2
6.33,11.43,13.32
6.75,8.26,13.57
6.65,9.15,13.42
5.05,8.08,13.89
6.94,7.56,14.05
6.18,10.76,14.48
5.19,8.7,12.97
7.38,10.61,14.3
7.27,7.86,13.01
6.72,9.11,12.59
6.93,8.22,13.33
6.59,8.69,14
7.15,10.53,13.1
6.73,10,14.71
5.12,10.78,14.83
5.05,9.5,14.71
5.18,10.01,14.31
5.2,8.44,12.51
6.21,8.74,13.08
6.09,9.88,13.3
7.3,9.33,13.88
5.5,12.02,13.51
6.77,7.6,14.32
5.94,8.67,13.49
6.14,7.85,13.02
6.62,8.07,12.61
7.4,10.74,14.44
5.8,11.31,13.09
5.89,9.81,14.72
5.4,12.24,13.53
5.7,11.19,12.65
5,10.33,14.74
7.12,8.35,13.33
5.9,7.7,14.78
6.66,8.57,14.62
5.5,9.23,15
7.21,12.03,13.81
6.28,9.34,14.81
6.64,10.61,13.12
6.69,10.99,12.75
7.01,10.59,13.14
7.29,9.02,12.54
6.63,9.01,14.95
6.51,11.03,14.36
6.2,12.16,12.96
5.87,9.93,13.55
5.49,9.62,14.72
5.93,9.91,13.09
7.21,12.34,13.78
5.06,9.28,13.65
7.01,9.57,14.51
5.77,11.49,13.77
5.04,12.44,13.44
7.02,7.91,13.16
7.36,7.95,13.23
6.75,12.34,12.98
6.92,11.47,12.64
6.09,7.51,12.81
7.16,10.71,12.53
7.18,8.02,14.06
7.09,11.25,13.66
5.9,9.79,12.56
7.19,7.91,13.34
7.15,8.82,12.84
5.12,8.06,14.98
7.12,8.09,12.76
5.57,7.83,14.6
6.45,12.38,12.6
7.48,9.92,14.85
6.63,11.59,13.95
5.74,11.64,13.93
6.43,8.45,14.81
7.03,10.14,13.08
6.27,11.84,14.4
6.18,11.74,12.97
5.3,11.59,13.75
5.83,11.37,12.71
6.57,9.39,14.38
6.09,8.57,14.07
5.4,10.02,14.91
7.45,12.48,13.67
6.18,11.11,13.21
6.31,9.88,13.87
6.54,10.62,12.95
7.17,10.66,12.76
5.88,11.78,13.6
6.73,10.78,13.62
6.39,9.05,12.92
5.53,8,13.43
6.92,10.83,14.44
7.41,7.56,13.25
6.27,8.09,13.27
7.2,12.06,12.66
5.06,12.43,12.65
5.26,11.58,14.26
5.77,8.35,14.59
5.35,7.52,13.77
5.13,11.38,13.58
7.28,10.68,12.62
7.02,7.92,13.74
6.67,11.46,13.56
7.03,9.69,14.6
6.28,9.75,13.17
5.57,9.58,13.81
5.66,10.03,14.53
5.13,10.88,12.83
6.91,7.88,12.73
5.27,11.21,14.82
7.06,7.85,14.47
7.01,9.61,14.05
6.36,10.36,12.66
6.89,9.38,13.08
6.2,10,12.62
5.89,12.2,14.78
6.47,10.16,14.03
7.15,11.56,14.52
6.98,10.95,13.45
6.02,9.99,13.01
6.96,11.5,13.43
6.92,10.43,14.39
6.26,12.36,13.86
6.64,9.56,12.7
6.96,9.1,14.12
6.56,10.93,14.64
6.88,12.34,12.64
5.88,10.98,14.09
5.1,10.73,14.16
5.04,7.59,13.83
6.98,11.59,14.06
5.55,7.86,14.37
6.97,11.09,13
5.96,7.95,12.93
6.07,12.09,14.91
5.74,9.24,14.71
6.66,8.54,14.13
6.64,10.28,14.38
5.42,10.15,13.75
6.95,12.06,14.46
7.16,9.34,13.66
5.09,12.13,14.46
5.76,11.79,14.08
6.76,11.51,14.57
5.1,11.47,12.99
5.87,11.19,13.84
6.13,10.32,13.27
5.64,9.64,14.44
6.73,7.97,14.64
6.32,8.79,14.18
6.06,10.76,13.74
5.98,11.76,13.93
5.56,8.26,13.95
7.28,9.17,14.97
6.68,8.56,13.13
6.52,8.66,12.92
6.5,12.24,13.47
6.13,11.63,14.05
5.84,10.96,14.07
7.32,7.7,13.58
7.15,10.19,13.58
5.05,11.61,14.99
6.59,12.38,13.85
5.07,9.09,14.64
6.25,10.51,14.75
5.36,7.62,14.4
5.24,10.44,14.52
5.9,9,14.59
5.53,7.83,12.82
5.81,8.68,12.92
5.92,10.89,13.96
6.45,11.83,13.82
5.39,7.59,14.04
6.81,11.11,14.32
7.27,9.4,13.46
6.34,11.41,14.6
5.34,10.72,12.54
6.94,9.45,14.99
6.06,9.02,14
5.75,10.57,12.86
5.28,10.8,14.34
7.25,8.5,14.36
6.64,8.57,12.53
5.39,8.55,12.69
6.86,9.31,13.33
5.27,10.64,13.36
5.25,9.05,12.52
6.38,12.13,13.02
6.96,12.33,14.69
7.34,11.51,12.77
5.41,12.11,13.4
6.49,8.46,14.87
5.39,11.85,12.53
6.15,10.09,12.82
6.54,8.27,14.75
5.02,7.57,14.82
5.26,12.07,14.97
6.83,10.81,13.93
6.2,8.55,15
7.12,11.88,14.63
7.26,11.82,13.09
5.65,11.92,14.81
6.33,8.66,13.87
7.14,9.96,14.47
5.19,7.5,13.8
6.81,10.44,13.16
6.17,11.45,13.99
5.87,11.1,13.92
5.07,11.48,14.94
6.21,12.04,14.57
5.62,10.46,13.39
6.63,9.61,12.82
6.96,10.26,14.21
6.94,7.74,13.53
6.99,10.68,14.07
6.77,11.44,13.66
5.71,10.38,14.15
7.09,12.36,14.81
5.38,9.01,12.8
6.17,8.01,12.85
6.19,10.65,14.64
7.17,7.67,14.26
6.93,9.17,13.78
6.25,11.34,13.15
7.29,11.69,14.85
6.57,8.3,13.86
6.3,11.98,14.57
5.92,7.74,14.9
7.29,10.11,12.62
6.87,12.12,13.41
7.47,12.1,13.33
6.93,10.6,13.97
5.24,9.7,14.01
7.35,9,14.66
7.34,7.57,12.75
7.06,12.42,13.45
5.77,11.36,13.59
7.48,11.58,13.93
6.18,10.91,14.56
7.26,8.96,13.38
6.89,9.64,14.71
5.49,7.66,14.85
6.4,8.72,14.43
5.61,9.9,14.3
5.59,7.56,14.62
6.66,8.03,13.85
7.1,11.4,14.47
5.21,10.04,15
5.44,9.57,14.66
6.07,9.79,13.11
5.49,9.3,13.27
6.21,10.42,13.37
6.28,10.04,12.86
5.43,9.11,14.95
5.94,9.81,13.54
7.09,9.35,12.59
7.19,7.65,14.88
6.52,11.41,13.7
5,8.04,13.27
6.2,12.01,12.78
7.1,12.4,14.21
6.05,12.21,14.88
6.07,8.68,14.49
6.83,8.2,13.51
5.32,9.37,12.97
5.31,12.05,14.79
5.04,10.86,14.32
5.9,10.76,13.26
7.29,11.12,12.97
5.34,8.35,14.97
5,10.8,14.93
7.2,11.29,14.67
6.85,9.32,12.75
7.38,8.15,13.66
5.24,11.14,14.53
6.48,9.65,13.54
5.7,11.33,12.97
5.52,8.11,14.76
6.5,12.37,14.25
6.51,12.13,12.61
6.34,9.35,13.79
5.5,9.98,13.81
7.06,10.18,14.35
6.09,11.08,13.95
6.56,11.94,14.52
5.75,11.65,14.19
5.77,9.05,13.66
6.12,9.06,12.74
6.55,8.99,12.75
7.31,9.29,12.92
5.96,12.03,13.15
5.03,8.82,13.51
7.14,8.43,14.63
7.42,11.99,12.65
6.52,8.63,13.95
7.18,8.72,14.89
6.76,11.84,13.03
7.03,7.71,14.88
6.27,11.61,14.2
5.34,9.51,13.37
6.7,10.78,14.51
5.51,8.34,13.34
7.44,12.48,13.95
7.07,8.84,13.27
5.17,11.47,13.81
5.43,8.6,14.12
7.07,7.67,14.05
6.61,10.73,14.42
7.48,10.64,12.81
6.03,8.98,14.24
6.37,12.33,14.44
6.54,8.4,14.94
5.8,9.55,14.9
5.11,7.58,13.18
5.26,12.04,14.3
6.19,9.82,14.2
5.57,8.84,13.79
5.22,9.56,13.79
6.07,8.44,12.54
7.3,8.42,13.32
7.04,12.47,14.44
5.13,9.93,12.83
6.63,10.33,14.73
6.03,12.2,13.28
5.05,12.35,14.72
5.52,7.86,13.79
5.91,11.51,12.9
5.94,11.75,12.54
5.75,11.98,13.49
5.04,10.06,13.1
5.65,8.51,12.67
5.92,11.54,13.63
6.3,12.25,14.82
7.26,12.36,13.68
6.37,9.1,13.42
5.62,12.22,13.95
7.3,9.39,12.85
6.15,10.43,14.84
6.61,11.39,14.02
6.92,12.23,12.54
5.25,12.37,13.39
7.09,11.29,14.77
6.81,9.72,14.96
7.32,12.49,13.08
7.07,11.13,13.38
6.79,7.99,14.31
5.19,8.65,14.35
5.22,12.03,13.86
6,7.95,12.55
5.53,11.89,13.15
5.89,12.46,14.94
7.1,11.14,14.51
5.84,10.4,13.32
5.08,10.67,12.9
6.37,10.19,12.81
6.96,9.82,13.95
6.26,11.45,12.94
6.87,12.09,14.47
7.04,11.86,13.1
5.69,12.03,14.46
6.59,8.83,14.81
6.33,11.52,14.28
5.84,9.38,13.49
6.91,8.09,14.35
5.01,11.02,14.43
6.22,11.46,14.59
6.96,9.32,14.86
5.92,9.38,12.96
6.54,12.04,13.7
7.32,8.36,13.98
5.83,11.09,14.53
6.65,12.1,12.89
5.07,8.1,13.9
7.38,11.52,14.01
6,11.3,14.82
7.24,9.19,14.3
5,10.65,13.26
6.97,9.01,13.47
6.55,8.23,14.74
5.71,11.54,13.47
5.48,11.76,13.73
5.06,8.2,12.94
6.44,10,14.36
7.3,12.07,14.64
6.39,11.28,12.88
6.39,9.74,12.54
7.22,11.91,12.88
5.1,9.29,13.26
6.54,11.47,13.21
7.25,11.7,12.65
5.88,9.44,14.92
5.36,8.7,14.73
5.62,12.33,13.4
6.05,10.74,14.35
7.21,9.63,12.95
5.42,10.69,12.92
7.37,8.62,13.86
5.54,9.89,14.57
5.35,7.71,13.64
5.24,11.22,13.86
6,8.73,14.89
5.12,10.6,12.63
5.77,12.04,14.24
7,10.86,14.72
6.62,7.51,12.8
5.6,8.57,12.56
7.39,9.91,13.65
7.02,12.01,12.69
5.72,10.57,13.19
6.92,8.37,12.71
6.43,8.84,14.13
6.53,9.81,14.66
6.24,12.36,14.34
5.51,8.8,14.98
6.83,8.85,14.71
6.83,10.54,13.07
6.04,10.82,12.9
6.08,9.9,13.34
5.78,8.43,13.02
7.37,12.24,13.83
5.56,9.55,12.57
6.59,8.17,13.98
6.69,7.91,13.31
5.78,11.6,13.21
5.42,10.12,14.23
6.02,11.84,13.84
5.23,10.5,13.18
5.92,7.59,14.46
6.51,10.98,14.19
7.28,11.73,13.24
6.6,8.73,13.65
6.74,9.73,12.98
5.56,10.92,14.87
7.37,10.71,12.99
5.27,8.96,13.33
5.91,8.98,14.62
5.84,10.08,14.49
6.34,9.94,13.39
6.51,9.68,13.63
5.25,10.22,14.56
5.52,9.82,13.86
6.97,11.53,13.35
6.94,12.21,14
5.17,8.12,13.73
6.27,9.34,13.44
6.33,10.84,12.91
6.08,8.08,13.16
5.59,8.12,13.52
5.5,8.88,14.67
6.42,10.81,14.09
5.17,7.99,13.95
5.69,8.11,14.56
6.76,9.53,12.79
5.23,8.5,14.9
6.51,7.95,12.52
7.05,7.5,14.63
5.61,11.17,13.7
7.03,7.56,13.89
7.37,8.54,13.8
5.92,9.42,14.97
7.49,11.85,12.51
6.5,8.39,14.63
6.78,11.48,12.74
6.25,7.73,13.57
6.57,9.68,14.84
6.25,7.8,13.18
6.21,9.58,14.45
5.79,11.81,14.29
7.35,12.04,13.32
7.48,7.93,13.63
5.46,7.77,14.59
6.88,12.13,14.39
7.08,9.67,12.55
7.2,8.91,12.98
5.05,8.93,12.98
5.01,9.16,13.39
6.93,11.41,13.11
6.79,9.08,13.43
6.19,9.43,14.12
6.47,10.74,13.58
7.38,12.27,12.81
6.43,9.6,13.81
6.41,8.08,14.39
6.71,10.29,13.17
5.21,12.28,13.79
6.13,8.53,12.57
5.53,11.63,13.99
6.01,9.68,13.79
7.37,8.17,13.68
5.82,8.61,13.68
5.45,11.02,13.98
5.21,8.04,13.05
5.56,11.19,14.89
6.44,7.61,14.45
5.53,12.08,14.74
6.88,10.94,13.88
6.52,10.89,12.59
7.34,8.26,13.17
6.98,8.69,14.49
5.9,9.8,14.43
6.02,9.2,14.63
7.14,11.75,13.24
7.25,10.92,13.36
7.03,10.32,12.59
7.12,9.5,13.49
5.93,10.57,14.81
6.4,10.84,14
5.49,8.82,13.04
6.48,7.66,13.96
6.65,9.16,14.41
6.72,7.53,14.49
6.54,12.05,13.51
5.22,7.78,14.86
7.14,10.47,12.75
6.99,7.59,14.34
6.42,11.7,14.63
5.42,12.31,13.09
6.32,9.63,13.36
5.17,10.06,13.3
6.69,9.65,14.07
6.34,8.63,14.62
5.32,12.23,14.19
7.49,11.2,14.94
6.82,11.78,14.82
6.84,9.35,14.13
6.61,8.6,13.63
7,11.34,14.35
5.8,10.08,13.17
5.61,9.51,13.23
6.87,11.58,14.64
6.44,9.15,14.14
5.52,10.14,14.46
5.66,8.53,13.31
6.14,11.09,14.33
5.69,9.7,12.59
5.98,7.63,12.74
6.25,11.94,13.03
6.6,9.12,12.74
6.47,9.51,12.92
5.26,10.78,12.87
5.76,9.69,14.13
5.94,10.08,14.37
5.66,10.76,13.16
7.29,7.96,13.64
5.24,11.48,13.01
5.34,9.72,14.69
5.77,8.48,12.72
6.31,11.28,14.2
7.23,9.4,13.24
5.93,9.1,13.81
6.08,9.51,13.24
6.17,12.31,14.37
6.34,11.65,14.48
6.45,8,14.17
5.37,10.08,13.28
5.54,11.85,13.47
7.1,9.64,14.58
7.15,7.55,12.93
7.36,10.72,13.38
6.61,8.23,13.43
6.55,10.21,14.37
5.3,10.35,14.25
6.68,7.61,14.79
