5.1,9.67,14.83
5.08,12.32,14.67
6.2,12.27,14.51
6.65,9.49,13.08
6.18,8.31,12.98
6.73,8.65,13.42
7.12,11.61,13.82
7.12,8.8,14.65
6.15,11.72,13.99
5.21,9.78,13.68
7.34,9.8,13.03
5.17,10.9,13.28
5.38,8.37,14.3
5.77,9.75,14.91
6.83,9.17,13.23
5.4,8.62,12.92
6.83,10.09,12.84
7.14,8.58,12.79
5.83,10.09,13.08
6.9,10.1,12.91
6.46,11.23,13.1
6.13,11.42,12.5
5.94,9.56,14.96
7.23,7.61,14.32
7.17,11.21,14.95
6.96,9.47,13.86
5.25,10.16,13.87
5.74,10.39,14.74
7.34,11,13.09
7.32,8.68,14.34
6.81,9.67,13.25
6.54,8.04,12.99
5.14,10.38,14.19
5.9,11.99,12.63
5,11.41,14.77
5.63,8.99,14.8
7.32,11.05,14.84
6.94,10.09,12.6
5.65,10.01,14.4
5.77,8.9,12.85
6.72,12.31,14.83
6.35,8.66,14.44
5.01,9.25,14.96
7.15,10.92,14.98
5.15,11.88,13.55
6.99,10.33,13.55
6.33,8.21,12.95
7.14,10.13,13.6
5.61,9.81,12.64
5.43,7.8,13.33
6.7,11.5,14.64
5.67,8.69,14.76
7.21,11.49,14.81
6.29,9.73,14.77
7.37,11.6,13.34
5.62,7.57,13.31
7.36,7.98,14.18
6.65,12.23,13.56
6.62,8.81,13.66
7.41,11.64,13.67
6.57,11.27,13.2
6.62,7.6,14.3
6.33,8.98,13.48
5.12,11.41,12.89
5.23,12.1,12.53
6.02,7.69,13.47
6.79,11.12,14.03
6.35,11.42,14.31
6.19,12.44,14.91
6.99,12.28,14.97
7.12,8.13,13.13
6.27,8.73,14.04
7.28,12.12,14.11
7.31,10.88,14.88
5.55,9.11,14.6
6.43,10.21,13.49
7.44,7.89,12.51
5.31,7.77,14.96
5.32,9.65,14.76
6.15,11.49,12.79
5.34,11.47,13.53
5.01,10.53,12.93
6.6,12.06,14.75
6.6,11.76,14.09
5.19,12.44,12.64
5.04,8.48,13.33
5.56,8.3,13.59
7.14,9.8,14.74
5.33,10.5,12.65
6.14,9.74,14.66
7.17,10.05,13.01
5.81,11.5,13.98
5.72,10.51,13.64
6.99,12.46,13.81
6.73,11.6,14.47
5.99,12.36,14.98
7.09,12.09,13.03
5.05,12.1,13.37
5.32,9.48,14.77
6.96,12.34,13.69
6.89,9.4,14.03
5.16,12.32,12.87
6.3,11.97,14.93
5.48,8.76,12.6
6.74,10.08,14.81
6.53,12.43,14.79
6.92,8.19,12.75
5.19,11.92,13.36
7.15,11.22,13.98
6.79,8.28,13.68
6.49,9.35,13.96
6.46,11.59,13.93
6.54,8.67,13.27
7.11,10.26,13.5
7.05,9.13,14.02
6.2,8.1,13.65
6.22,10.51,14.28
6.27,12.4,12.92
5.38,11.49,14.08
5.18,8.01,12.53
5.95,11.29,12.66
6.13,10.18,13.69
7.09,9,14.06
5.02,11.2,12.73
7.38,9.17,13.9
6.98,8.83,14.04
7.07,10.62,13.66
5.98,10.73,14.74
7.14,10.23,13.91
7.09,10.6,12.91
6.33,8.57,12.76
6.44,8.36,12.65
5.24,8.02,14.14
6.49,10.95,14.32
7.47,9.77,12.5
5.01,9.39,14.62
6.15,9.08,13.72
5.47,8.46,12.8
6.24,7.71,14.58
6.61,9.96,14.15
6.68,10.34,13.58
6.41,8.25,12.59
6.69,9.82,14.53
5.01,10.35,14.67
6.51,10.55,14
6.48,7.73,12.92
6.44,8.92,13.48
5.18,11.29,13.56
6.28,7.55,12.54
6.78,10.01,12.98
7.3,9.26,13.58
5.32,11.45,14.35
6.21,7.8,14
5.84,9.69,14.21
6.49,9.59,14.94
6.64,10.41,13.32
5.86,7.7,12.64
7.06,10.75,14.92
5.81,9.43,14.81
6.66,11.7,13.16
5.29,10.91,14.87
5,8.4,13.03
6.31,8.61,13.5
5.19,9.34,14.32
6.34,9.55,12.71
7.16,9.31,14.8
6.79,10.62,12.99
6.63,12.4,14.31
5.38,12.27,12.97
7.2,7.93,14.34
6.56,9.58,14.21
6.94,9.24,14.3
6.65,9.19,13.68
6.29,12.04,13.6
7.03,10.71,14.57
7.18,12.03,14.29
7.07,8.97,14.45
5.15,7.52,14.94
6.69,11.58,14.32
7.45,8.08,13.08
6.1,10.99,12.69
5.06,8.63,12.66
5.35,12.12,13.61
6.15,12.42,13.3
6.83,11.72,13.25
5.7,8.55,14.56
5.05,10.65,12.92
6.26,11.54,14.94
6.3,9.31,12.55
6.49,7.55,12.73
5.56,12.41,14.26
6.64,11.6,14.3
5.18,11.81,12.8
6.01,9.1,13.86
6.77,7.89,13.78
5.52,11.93,12.93
5.08,8.02,14.22
6.94,11.36,14.53
5.95,9,13.46
5.99,9.66,13.58
6.34,12.21,13.96
6.39,12.21,14.34
7.38,8.06,13.47
5.96,7.57,14.69
5.53,9.93,13.77
5.92,8.05,13.22
6.12,11.3,14.76
6.91,7.88,13.13
5.86,11.22,14.42
6.65,9.49,12.74
6.66,12.07,14.63
6.98,11.22,14.05
6.47,11.87,13.47
6.36,8.85,13.76
5.32,9.12,13.8
7.47,11.71,12.98
5.37,11.94,13.8
6.06,11.95,14.22
5.32,11.61,14.9
7.15,8.79,13.41
6.89,8.07,13.51
5.78,11.06,13.02
7.3,10.17,12.99
5.82,12.01,12.83
6.14,8.26,12.64
5.2,7.65,13.67
6.05,9.12,13.72
5.74,11.64,13.61
5.75,9.06,12.86
5.96,11.3,14.46
6.8,9.88,13.24
5.57,9.73,12.87
6.57,9.94,14.51
5.76,9.96,13.83
7.03,7.78,13.05
5.37,12.1,12.81
6.34,11.67,14.52
6.32,8.64,14.13
7.39,12.16,13.14
6.46,8.82,13.7
7.34,9.42,13.01
5.66,11.65,13.08
7,9.41,14.48
6.67,10.99,14.43
5.29,8.03,13.32
5.14,7.63,13.65
5.5,9.58,13.73
6.42,9.86,14.19
5.34,8.57,13.28
5.96,8.64,13.62
5.8,9.39,13.19
6.38,8.97,13.46
6.4,8.92,13.5
5.4,10.72,12.97
6.09,8.9,13.76
5.38,8.36,14.95
6.95,9.23,13.68
7.14,9.77,13.4
6.95,12.22,14.04
6.15,8.94,13.94
5.13,8.73,12.52
5.88,10.25,14.39
6.34,9.65,13.32
6.12,8.87,14.25
5.36,8.25,14.23
7.42,9.48,12.84
5.05,10.16,14.51
5.01,11.48,13.72
5.3,10.78,13.59
7.35,8.38,13.83
6.44,10.16,13.8
6.52,10.13,13.87
5.48,8.4,14.76
6.56,8.65,13.87
5.48,7.64,14.24
5.41,12.36,12.88
6.47,9.54,14.69
5.96,9.05,12.71
6.68,11.19,12.77
5.44,9.43,13.86
6.72,10.39,13.04
5.97,12.36,12.57
5.54,11.94,12.58
7.43,8.59,14.22
7.28,9.33,14.53
6.19,11.18,12.88
7.48,12.25,14.04
7.14,9.57,12.8
5.02,11.17,13.08
7.15,10.1,14.49
6.08,9.42,13.71
7.21,9.57,14.4
6.24,9.66,13.81
6.76,8.07,13.28
5.77,11.12,12.87
5.39,7.62,12.64
7.05,12.33,13.4
6.4,12.22,13.94
5.32,9.26,12.87
6.87,12.31,14.59
6.38,7.54,13.7
7.02,7.92,12.7
6.52,8.06,14.93
5.96,10.65,14.51
6.38,10.1,13.6
6.46,9.61,13.84
6.6,12.26,12.95
7.02,9,13.54
6.27,8.83,14.86
5.34,8.59,14.7
5.09,8.15,15
7.15,9.4,12.96
6.12,9.72,13.08
6.22,11.17,14.31
5.04,11.97,15
6.77,12.36,13.52
5.7,8.61,13.31
7.48,11.54,13.58
5.57,7.51,12.82
6.12,9.45,13.3
5.99,8.19,13.94
6.04,10.32,14.3
6.17,10.46,14.77
5.18,11.14,14.47
5.67,10.38,13.63
6.15,9.68,12.86
6.17,7.52,14.09
6.72,12.47,13.6
6.64,10.81,13.57
7.23,10.17,13.68
7.08,10.65,14.47
5.93,9.66,14.93
6.74,8.5,14.97
7.02,10.45,13.06
7.08,9.2,12.88
5.96,10.12,14.41
5.92,8.24,14.43
5.46,11.67,13.84
5.09,8.15,14.3
6.08,11.69,13.82
6.02,8.84,13.04
5.3,10.34,14.38
6.82,8.09,14.99
6.17,9.97,13.03
6.5,9.48,14.9
6.77,12.03,13.05
7.35,9.68,14.72
5.19,11.75,12.9
7.23,10.21,13.03
6.35,10.48,14.35
6.54,11.7,14.55
5.76,10.79,14.17
6.83,11.16,14.52
5.65,10.23,13.5
5.22,12.03,12.53
5.03,11.65,13.36
7.11,11.53,14.14
5.33,8.43,14.8
6.7,9.18,13.63
6.39,9.89,14.27
6.88,9.07,13.6
5.46,8.55,14.99
5.78,11.67,13.8
5.8,9.79,14.04
5.18,8.38,14.55
7.24,9.98,12.86
7.36,9.66,13.46
7,8.7,14.89
5.96,10.26,12.95
5.29,9.51,12.51
5.52,9.46,13.21
7.37,9.84,14.18
5.37,11.89,13.82
6.07,12.2,12.71
7.28,10.45,12.56
5.93,11.44,14.29
6.43,8.08,13.72
5.52,12.45,14.06
5.15,11.76,12.82
5.94,12.13,13.69
6.67,10.73,14.93
5.75,12.12,14.67
7.27,10.05,12.74
5.72,8.3,14.06
7.08,10.09,12.91
5.03,10.85,14.24
6.2,11.53,13.27
6.13,10.18,12.64
6.3,10.76,14.01
5.23,8.48,12.98
6.4,12.05,12.58
5.98,8.17,12.71
7,10.15,14.1
6.8,10.24,13.97
5.59,8.85,14.37
6.93,11.29,14.47
6.31,12.1,14.73
7.05,10.74,14.66
6.77,10.78,13.69
6.01,8.76,12.92
6.96,8.24,14.25
5.7,10.68,13.47
5.57,10.17,14.48
5.61,9.65,13.73
5.57,8.84,13.4
5.9,11.11,14.65
6.48,7.77,13.99
6.69,10.06,13.11
6.09,7.5,13.49
6.14,9.91,14.37
5.44,11.82,14.06
6.7,11.53,14.37
6.88,12.05,14.71
6.02,11.89,14.09
5.92,8.39,14.27
7.15,8.29,13.7
6.92,10.82,13.9
5.4,9.42,14.95
5.01,7.79,14.74
6.99,10.16,12.94
6.5,10.75,14.99
6.15,7.62,12.75
5,9.68,14.05
7.07,11.18,13.07
6.25,8.11,13.11
5.95,7.54,13.55
6.81,11.35,13.11
5.12,11.05,14.27
5.34,9.3,14.65
6.07,8.71,13.9
7.23,7.62,14.71
5,12.08,14.89
7.14,12.07,14.11
5.4,7.77,12.66
6.05,11.92,14.07
6.22,11.21,12.65
7.45,7.9,12.68
6.43,8.58,14.16
5.3,10.22,12.92
5.53,12.13,12.6
6.12,10.94,12.86
5.68,8.47,14.07
5.26,11.8,14.4
6.03,7.88,14.61
5.66,8.07,14.83
6.31,12.31,14.98
5.99,7.93,13.95
5.65,7.5,13.7
5.62,10.44,13.74
6.14,11.13,13.12
6.98,9.13,13.54
6.48,12.33,14.28
5.9,9.73,12.79
6.02,10.79,13.57
6.21,12.37,12.57
6.78,9.63,14.37
6.52,12.06,14.69
5.47,10.6,14.46
7.01,12.17,13.34
6.99,9.76,13.73
5.26,10.65,14.84
5.19,8.63,12.59
5.98,8.52,14.33
7.44,10.22,13.57
5.19,7.7,14.19
6.6,8.51,13.66
6.39,7.55,12.61
6.24,8.73,13.78
7.47,9.26,12.63
7.15,12.43,12.98
6.57,11.22,12.63
5.79,9.14,13.22
5.78,10.14,13.97
6.8,9,13.16
6.16,9.26,13.95
5.74,9.13,14.32
5.02,12.08,14.99
6.18,9.29,13.41
6.67,8.65,12.53
5.82,10.48,14.34
5.99,12.37,12.55
7.43,11.55,14.77
5.18,11.82,13.77
5.69,8.58,12.88
6.88,10.67,13.12
6.57,8.48,14.1
6.8,10.3,14.55
5.82,10.6,13.57
5.64,8.26,12.72
5.18,9.4,14.49
5.4,11.05,14.85
5.84,12.03,14.71
7.05,12.44,13.16
7.4,8.92,14.58
5.33,8.89,13.77
6.21,8.27,14.93
6.53,11.16,13.49
5.42,10.79,13.59
6.76,11.5,12.62
5.51,7.87,14.18
5.11,10.41,12.91
6.14,8.5,13.69
7.11,8.79,13.47
6.65,8.84,13.82
6.81,12.02,13.78
5.97,9.24,14.37
6.7,8.4,13.25
5.86,9.47,13.49
5.22,9.05,14.16
6.15,11.66,12.89
6.56,11.6,12.99
6.04,11.46,14.72
5.5,11.13,13.39
6.96,9.18,13.83
5.41,10.83,13.04
7.17,11.8,14.52
6.11,12.24,13.16
5.07,11.55,14.89
5.74,9.39,13.42
6.85,9.21,14.78
7.13,11.73,14.32
6.93,10.73,12.52
7.33,9.7,12.66
5.94,9.5,13.43
7.07,11.55,12.83
5.22,12.09,13.56
7.13,8.7,14.36
6.03,11.5,13.94
5.55,8.03,14.05
5.61,11.16,12.57
5.16,8.6,13.53
5.55,9.55,13.4
7.22,10.06,14.31
5.01,7.76,13.59
5.73,8.2,12.52
5.87,10.84,12.73
5.74,7.6,14.07
7.17,8.58,13.92
5.8,10.17,14.49
6.26,8.63,13.89
6.02,10.81,14.61
6.17,8.42,13.61
7.49,7.84,12.93
5.94,10.05,13.62
5.53,12.04,14.46
7.42,10.99,14.55
7.09,7.75,12.78
5.5,8.41,14.67
5.07,11.81,14.47
6.66,8.37,12.6
6.23,9.24,14.64
7.19,8.9,14.77
6.89,11.3,12.76
7.48,9.82,13.06
5.66,10,12.77
5.44,11.46,13.74
6.53,10.84,13.19
5.76,11.49,13.25
5.71,12.09,13.6
7.18,8.37,13.39
5.81,8.57,14.69
7.25,7.7,13.65
5.01,8.53,13.14
5.45,10.9,14.51
5.42,10.67,12.64
7.22,11.75,14.03
7.35,9.88,12.83
7.34,9.39,14.31
5.86,7.52,13.18
5.65,10.1,14.94
6.35,12.27,13.99
5.48,9.81,14.86
7.24,8.49,14.01
7.28,8.84,14.15
5.48,9.7,14.84
6.04,10.59,14.37
6.99,8.58,13.59
5.65,8.21,13.46
7.01,8.57,13.56
5.09,11.17,13.04
5.1,7.7,14.54
5.59,10.69,13.47
6.01,8.81,13.05
7.28,8.63,13.75
6.35,9.46,14.17
7.35,8.37,13.04
5.47,12.2,12.51
5.23,9.1,13.47
7.08,11.6,13.15
5.05,7.89,14.54
5.25,8.61,13.39
5.34,8.01,14.14
5.49,10.97,12.54
6.99,9.13,12.98
5.33,10.03,13.02
5.86,11.8,12.82
5.94,11.78,13.23
5.45,11.04,12.74
5.31,9.86,14
6.32,11.16,14.73
5.53,9.58,13.61
7.34,9.89,13.92
7.28,11.02,14.19
5.86,10.18,12.7
5.61,11.87,13.04
7.42,12.09,13.58
5.29,8.39,14.62
5.07,9.38,12.8
6.43,10.14,13.25
5.22,12.31,14.19
7.38,12.18,12.8
7.19,10.77,12.61
7.01,7.94,14.4
5.52,8.03,14.48
7.18,9.88,12.91
6.45,11.82,14.56
5.12,7.54,13.56
5.61,9.78,14.92
6.23,7.98,14.82
5.16,8.53,13.78
5.44,7.86,14.68
6.2,9.36,14.25
6.68,11.68,13.49
7.17,8.57,13.93
5.2,11.91,14.68
7.2,8.07,12.73
7.43,11.3,13.01
6.52,10.61,12.75
6.95,12.48,12.5
5.8,11.92,12.95
5.61,11.33,13.16
5.16,10.46,13.59
7.38,11.79,12.98
5.23,11.76,12.5
6.03,9.26,14.48
6.22,9.84,13.91
6.68,9.87,13.43
6.4,8.88,14.41
6.57,7.9,12.59
5.91,7.99,12.87
7.15,8.17,13.13
5.84,11.39,13.99
5.67,7.61,12.52
7.33,9.88,13.17
5.17,8.77,13.77
5.32,7.95,13.75
5.44,10.96,13.35
5.09,7.91,13.4
6.28,12.08,13.74
5.31,11.44,12.68
6.05,9.27,13.33
6.72,7.81,13.67
5.72,7.99,14.57
5.86,9.17,14.82
5.3,9.89,14.24
7.05,9.62,14.95
7.29,10.6,14.53
6,12.15,14.11
7.2,10.58,14.82
7.15,7.67,13.76
7.29,7.74,12.7
6.31,11.24,14.1
5.66,12.46,12.54
5.09,10.98,13.18
5.81,11.04,14.1
6,8.11,12.84
6.6,7.97,14.89
6.33,12.3,14.31
5.27,11.72,14.8
6.17,11.15,12.53
7.13,9.86,14.08
5.67,11.32,14.01
6.71,11.71,14.42
6.66,11.93,14.38
5.69,8.15,14.3
5.51,7.71,14.15
6.96,10.18,13.07
5.7,11.67,13.59
5.99,11.3,14.99
6.76,11.89,13.92
5.33,9.34,14.77
6.47,11.3,14.18
6.05,8.57,13.54
6.65,10.5,14.47
5.72,9.01,13.13
5.18,9,14.03
5.79,11.38,14.81
7.26,10.35,13.37
6,11.05,13.93
6.09,10.15,14.65
7.28,9.11,14.7
5.27,10.58,13.18
7.48,11.27,13.45
6.49,10.12,12.97
7.13,10.85,14.62
7.34,10.79,12.99
6.34,9.02,14.89
5.22,7.99,13.96
5.99,12.37,13.59
7.04,7.59,12.66
6.26,9.87,13.43
6.5,9.14,14.95
5.72,9.28,13.54
7.12,9.52,13.49
7.39,10.95,13.42
6.91,9.88,14.31
7.03,11.76,13.99
6.68,9.77,14.31
5.24,10.06,12.99
5.41,11.03,13.12
5.73,10.53,14.89
7.13,12.3,13.66
6.06,9.62,12.83
5.81,9.08,12.74
5,8.33,13.58
6.6,8.28,14.95
6.76,8.04,13.88
7.48,8.05,14.06
6.42,11.59,13.74
7.23,11.91,14.89
5.38,12.43,14.13
7.23,11.96,14.55
6.3,11.05,12.59
7.14,8.94,13
7.15,11.41,14.98
6.48,8.23,14.09
6.63,7.61,12.84
5.69,12.28,13.29
5.72,9.11,13.52
7.24,8.18,13.6
6.34,9.87,14.37
6.55,11.84,12.57
5.14,9.82,13.96
5.95,10.34,14.04
5.23,10.47,14.48
6.7,10.2,14.8
6.21,11.26,14.78
5.19,11.73,13.73
6.38,10.56,13.05
6.87,10.59,14.96
6.49,8.99,13.27
6.51,8.33,13.18
7.31,11.8,14.23
6.52,9.04,12.9
6.11,9.41,14.36
7.42,10.62,12.91
6.82,12.16,12.54
5.65,10.73,13.98
6.81,10.92,14.83
6.73,8.97,13.69
6.73,10.88,14.89
7.14,11.94,13.17
6.53,12.31,14.58
6.15,9.5,12.76
6.65,10.01,13.64
5.16,9.77,13.27
5.18,11.11,14.13
5.1,8.45,13.1
6.14,10.27,13.91
5.88,10.59,14.52
6.13,10,14.7
6.02,8.38,13.32
7.41,9.33,14.25
6.09,12.14,14.63
5.47,11.68,14.11
7.05,10.24,12.93
5.81,8.33,14.92
6.5,8.06,13.46
7.14,12.01,13.75
6.28,9.47,13
6.82,9.48,14.51
5.84,7.71,12.67
6.96,9.76,13.57
6.53,9.13,13.78
5.4,10.54,13.94
5.52,12.23,13.58
5.91,9.96,14.15
5.83,11.8,13.4
7.18,10.85,14.67
5.48,8.39,13.22
6.68,10.66,13.65
7.01,8.65,12.75
6.5,12.09,12.81
5,11.56,14.39
5.22,10.7,13.59
5.68,10.74,14.91
5.45,10.26,12.92
6.36,12.24,13.06
5.51,8.27,13.66
5.51,7.63,14.99
5.07,7.9,14.23
5.76,8.83,14.99
6.41,7.89,12.55
7.41,7.62,14.41
6.25,11.18,12.69
6.07,11.23,13.03
5.15,9.35,14.78
5.64,8.19,12.53
6.92,9.72,14.59
5.87,11.5,13.72
6.35,10.19,13.47
6.7,8.97,12.71
7.32,11.83,13.15
6.79,8.92,14.89
5.73,10.09,13.37
5.75,12.38,13.37
6.41,11.91,14.11
7.09,10.48,13.7
5.08,11.76,14.53
7.06,8.29,13.24
5.45,10.27,12.91
6.51,10.37,13.57
7.13,10.65,12.88
6.69,8.37,13.99
5.07,10.38,13.24
7.09,11,14.87
6.66,7.82,13.45
6.12,9.08,12.57
6.58,9.13,13.05
7.16,8.37,13.23
6.37,7.64,14.49
5.53,8.08,14.85
6.74,8.29,13.91
7.03,8.72,14.85
5.54,11.38,14.88
6.76,8.97,14.77
6.14,7.52,13.57
6.72,7.66,14.98
7,8.97,14.43
5.52,11.31,13.55
5.99,10.64,14.62
6.43,8.29,14.84
7.39,8.53,14.68
7.1,7.68,13.12
6.82,9.52,13.92
7.33,8.49,14.02
6.78,9.07,14.94
7.43,8.61,12.97
6.83,8.65,14.78
7.12,10.73,13.73
5.73,9.73,14.92
5.26,11.97,13.49
5.65,8.58,14.83
7.28,9.18,13.5
6.89,11.28,13.95
5.65,10.95,12.55
6.12,11.06,14.33
5.76,12.41,12.51
6.07,11.97,12.83
7.11,9.39,12.78
6.42,9.02,13.19
7.26,9.37,13.81
5.3,12.2,14.39
7.23,11.71,13.56
6.34,9.61,14.83
6.48,7.61,12.79
6.76,8.58,12.76
5.85,12.38,14.12
7.41,8.61,13.16
6.66,9.09,12.83
6.25,9.21,14.96
6.71,9.05,13.43
7.24,9.73,12.54
7.07,11.22,12.52
7.35,10.07,13.92
5.47,10.35,14.3
6.25,9.62,14.62
6.42,11.92,14.9
5.14,8.48,13.3
6.51,11.82,14.65
7.01,8.79,14.96
7.07,8.95,14.49
7.21,7.64,13.01
7.22,9.55,13.33
5.47,7.93,13.97
6.02,7.92,13.08
6.68,10.79,13.33
5.25,10.92,14.17
6.73,9.96,13.5
5.79,9.45,12.75
5.54,12.45,13.46
7.06,11.46,13.66
6.19,10.21,14.37
5.83,11.3,13.15
7.46,12.09,14.34
7.23,8.63,14.39
7.38,8.46,14.95
6.04,11.74,13.58
5.79,11.82,14.61
7.27,10.34,14.79
5.49,8.93,13.8
5.05,11.45,14.94
6.72,10.17,13.89
6.26,8.66,12.95
5.62,7.83,14.34
6.25,10.05,13.54
7.49,11.04,13.22
5.17,10.96,14.37
6.13,9.21,13.55
7.36,10.84,14.9
5.64,11.65,13.65
7.39,10.46,13.85
6.16,9.1,13.93
5.01,12.04,13.45
6.8,11.59,13.29
6.92,9.31,14.86
6.64,9.88,13.35
6.27,8.05,13.03
7.16,12.49,14.05
7.44,10.8,14.99
5.77,8.57,12.92
7.39,8.63,14.81
6.43,11.6,14.29
6.11,11.1,12.57
6.8,8.02,14.26
7.24,9.37,12.73
5.33,11.35,13.99
6.17,7.62,12.66
7.46,10.47,13.57
5,9.42,14.95
5.15,10.15,13.11
5.59,9.01,13.47
6.64,10.58,14.89
5.42,7.93,13.16
6.41,8.51,13.97
7.34,7.82,14.55
5.97,12.26,12.75
5.23,8.08,12.51
6.02,9.34,13.32
5.54,11.24,14.47
6.92,11.28,14.07
7.09,9.67,12.75
6.62,8.73,13.05
7.31,8.53,14.54
5.2,9.78,13.64
6.6,9.4,13.51
5.54,8.38,13.52
6.95,11.74,13.3
7.13,10.23,13.52
6.09,10.65,12.65
6.26,11.68,13.88
5.8,9.83,12.74
7.02,10.16,14.68
5.69,12.03,14.68
5.6,12.36,12.79
5.96,10.98,14.76
5.93,11.71,12.53
5.72,10.45,13.39
7.05,8.29,13.31
6.13,8.47,12.52
7.46,11.48,13.94
6.79,10.84,14.2
5.65,10.69,13.33
7.17,10.26,14.74
6.74,11.17,13.73
6.2,8.47,14.66
6.15,10.32,14.58
5.09,9.07,12.78
5.41,9.09,12.94
6.57,8.88,13.31
5.76,9.61,12.96
6.65,12.28,12.87
7.46,10.2,14.21
6.24,11.84,12.76
5.77,9.33,13.48
7.35,11.53,12.62
6.73,11.76,14.17
6.38,10.41,14.55
6.64,8.29,13.64
7.14,9.97,13.69
5.64,8.89,14.14
6.99,9.27,14.92
5.03,12.08,13.22
5.7,7.92,14.8
6.41,10.76,13.38
5.96,11.89,14.26
5.27,12.12,14.62
6.48,12.11,12.83
6.23,10.71,12.75
5.56,12.06,14
6.32,11.89,13.94
6.35,8.86,14.27
5.7,9.63,13.77
6.94,12.03,14.51
5.77,12.31,14.88
5.88,10.19,13.42
7.25,11.71,12.59
6.32,12.11,14.31
5.71,9.95,13.1
6.59,10.08,14.38
7.08,10.35,14.29
7.37,12.42,14.26
7.49,10.25,13.53
5.61,7.68,13.4
5.42,11.55,13.34
6.48,8.83,14.02
6.38,11.31,13.78
6.25,9.66,13.44
6.99,10.69,14.4
6.39,12.24,13.34
6.65,11.99,14.87
5.15,12.33,12.76
7.15,11.74,12.6
5.08,11.28,14.5
6.89,8.71,14.53
6.94,11.41,13.31
6.64,10.05,12.64
6.7,8.41,13.82
6.43,9.84,12.68
7.24,12.29,14.53
6.62,10.87,12.66
5.02,9.2,14.98
7,9.42,13.92
6.45,12.44,13.5
6.69,8.54,14.27
7.12,9.55,12.93
6.51,7.54,12.86
7.02,11.88,13.66
5.76,9.53,12.64
5.09,12.44,13.66
6.36,10.39,13.94
5.84,7.8,13.05
7.34,11.47,13.76
6.2,9.23,14.72
6.76,8.83,13.62
6.2,12.45,14.48
6.99,12.43,13.06
7.09,9.46,13.81
7.21,8.03,13.52
5.3,7.51,12.83
6.78,11.85,14.31
7.28,8.65,14.37
5.82,11.24,12.51
5.64,10.94,14.88
6.81,10.77,13.4
6.77,8.39,14.53
6.14,8.68,13.38
5.07,9.22,14.26
6.21,11.21,13.43
6.01,12.19,14.15
5.98,10.48,12.61
5.38,12.26,14.68
5.81,7.88,13.07
5.57,10.5,14.63
7.02,12.21,12.9
7.17,9.77,14.01
5.55,7.83,13.68
5.87,9.39,12.9
5.03,8.47,14.7
6.03,11.89,14.76
7.33,9.97,13.58
5.58,8.9,14.16
6.33,9.39,12.92
7.25,10.62,12.63
5.9,12.26,13.31
5.13,10.04,14.27
5.88,7.74,14.36
5.57,12.06,14.24
6.37,9.82,13.48
7.42,10.38,13.92
5.2,11.99,12.77
6.78,8.38,13.94
7.02,11.49,14.88
6.95,9.87,14.44
7.29,8.43,13.72
7.2,10.89,14.34
6.57,11.64,14.04
5.23,10,12.86
7.33,9.4,13.89
7.2,8.31,13.44
7.08,8.52,14.71
7.27,10.61,12.83
6.39,8.46,12.95
5.48,12.38,14.88
7.09,8.22,13.4
6.79,8.44,13.17
5.33,11.59,14.55
6.18,11.13,14.1
5.24,12.22,13.62
7.36,9.09,14.01
7.39,8.99,14.11
6.11,10.59,13.16
5.59,10.28,13.1
7.48,12.44,14.27
5.33,8.25,13.16
6.05,11.46,14.04
7.34,10.5,14.5
7.41,11.11,14.72
6.17,8.48,13.88
7.17,8.08,14.3
6.39,12.22,14.1
5.83,9.32,14.84
7.49,9.38,14.31
6.16,7.69,12.8
6.65,11.59,13.52
5.69,11.62,13.16
6.72,12.05,13.52
6.32,10.33,14.63
6.22,10.11,12.99
7.23,8.54,13.56
6.08,11.96,13.06
7.45,7.61,14.89
5.18,10.55,14.97
5.98,11.98,12.74
6.43,8.35,13.79
6.34,9.06,14.06
6.87,11.2,13.3
5.6,8.5,13.8
6.9,8.56,13.17
5.91,9.45,12.63
5.58,12.27,14.64
5.18,9.73,13.22
6.8,7.97,14.84
6.72,10.46,12.75
7.36,9.29,12.5
7.39,10.71,13.19
5.72,11.29,13.76
7.03,11.13,13.32
5.65,10.09,14.91
7.17,11.81,13.3
7,10.39,12.88
6.88,9.56,14.56
7.41,11.87,14.76
5.35,9.13,13.27
5.49,11.38,14.96
5.58,11.59,13.23
6.48,8.34,14.13
5.36,10.81,13.27
5.39,11.95,14.52
5.67,8.79,13.61
7.46,11.96,14.25
6.93,11.79,13.05
6.63,9.09,12.99
6.94,9.68,14.49
5.64,10.42,13.8
5.7,12.1,13.07
7.38,8.14,14.73
6.57,12.41,12.84
5.64,10.62,14.76
6.12,10.11,13.16
6.65,9.75,12.68
5.92,7.52,12.53
6.24,8.16,13.55
5.97,9.12,13.43
6.78,8.74,12.93
5.33,12.38,12.57
7.06,9.95,14.04
6.8,8.16,14.1
6.3,12.09,14.01
5.6,8.16,14.92
7.38,10.71,12.7
6.51,10.88,12.89
5.4,11.4,13.28
6.64,8.62,13.53
6.59,12.01,14.88
6.69,11.52,14.6
5.79,11.69,13.48
5.79,8.51,14.54
5.07,10.1,13.81
6.39,10.3,14.21
6.58,9.29,13.18
5.96,7.88,13.15
6.78,11.16,14.53
5.89,8.12,13.21
7.24,8.32,14.5
6.23,7.83,12.89
5.15,10.11,12.55
5.25,8.19,13.57
6.21,11.87,14.09
6.59,12.46,14.92
5.93,7.79,14.15
6.52,8.72,12.51
5.72,12.05,12.6
7.2,12.36,13.64
6.76,8.83,13.71
7.43,7.55,13.1
5.53,8.85,14.08
5.81,12.02,13.33
5.27,11,13.85
5.01,7.76,12.7
7.39,12.33,14.36
5.74,8.29,13.16
7.26,8.65,13.67
6.67,12.01,13.6
5.52,9.17,12.62
5.12,7.68,14.2
6.92,8.61,14.32
5.75,7.81,13.92
5.16,11.29,13.48
6.73,10.45,12.78
5.66,10.71,14.67
7.1,9.35,12.66
6.71,10.8,14.78
7.03,10.2,12.97
5.28,8.7,14.48
6.24,7.68,12.91
5.76,9.49,14.14
6.14,11.17,12.95
5.1,9.46,14.49
5.01,11.09,13.07
6.69,11.82,14.45
6.59,10.71,12.55
6.19,9.04,14.9
7.47,11.46,13
5.61,12.01,13.92
6.9,10.31,13
5.83,10.32,12.85
5.16,9.64,14.41
5.13,12.22,14.63
7.36,7.83,14
6.71,11.81,14.27
7.42,8.58,12.63
6.69,10.95,13.04
5.07,9.36,12.93
7.11,12.02,14.68
5.59,9.06,14.26
7.06,9.15,13.79
7.34,9.77,14.8
7.22,9.15,13.9
6.43,10.88,14.56
7.36,12.15,13.93
6.91,10.25,14.16
7.05,11,14.81
6.2,12.43,14.61
6.9,12.26,13.69
5.95,11.91,14.91
6.68,11.27,14.88
5.85,8.18,13.28
6.94,9.99,13.65
5.03,12.45,14.82
7.21,8.25,14.93
5.1,12.25,14.26
5.08,11.34,13.63
5.98,7.86,14.51
6.63,9.93,14.66
6.75,9.97,12.79
5.2,9.78,13.8
6.08,8.16,13.54
5.75,11.23,14.3
6.68,10.85,13.01
6.99,7.93,14.75
6.84,10.63,13.72
7.37,8.43,14.91
7.02,9.27,14.18
5.3,9.43,13.14
5.15,7.92,13.17
6.67,11.94,14.6
6.68,7.98,13.6
6.93,7.74,14.75
5.48,10.62,12.82
5.76,11.7,13.47
7.23,9.26,13.85
6.31,8.79,14.95
5.19,11.53,14.27
6.33,7.98,12.85
5.5,11.35,14.6
5.23,10.77,14.86
5.1,10.39,13.96
6.95,8.44,13.03
6.17,8.75,14.91
5.81,9.15,12.56
6.28,8.02,13.02
6.86,11.58,13.27
5.73,8.8,14.78
5.3,10.9,14.33
5.13,11.1,13.29
5.69,8.96,12.88
6.45,10.42,13.93
6.33,9.12,14.2
7.35,7.71,13.4
6.75,12.29,14.45
5.28,10.39,14.29
5.91,11,13.08
5.98,12.17,14.38
6.64,11.5,12.61
6.07,10.99,14.16
5.44,9.25,14.76
6.48,12.28,12.7
5.44,11.24,13.77
5.81,10.49,13.37
6.07,8.13,14.2
6.94,8.07,14.09
6.12,12.06,13.87
5.61,8.41,13.07
5.33,11.65,14.32
6.07,12.2,14.65
6.6,9.04,14.7
6.82,8,14.71
6.89,11.14,13.04
5.16,8.59,14.68
5.94,10.84,14.56
6.58,10.19,14.16
7.11,8.12,14.7
6.4,12.41,13.37
5.64,8.96,13.77
6.03,9.58,12.95
6.84,7.98,13.54
7.49,10.99,14.67
5.96,8.22,13.27
6.45,9.83,13.49
6.41,9.19,12.7
6.7,10.84,14.78
5.01,11.49,12.81
7.2,10.38,14.35
6.86,11.28,13.05
5.66,10.58,13.67
5.09,11.39,12.96
7.45,8.82,13.91
7.13,7.91,12.98
7.03,11.68,13.96
5.26,7.92,13.02
6.48,7.53,14.74
5.77,7.86,13.22
7.04,10.9,13.88
5.44,11.16,12.72
5.42,11.87,13.7
6.25,11.8,13.45
5.6,12.25,13.69
5.45,8.58,13.11
5.48,9.53,13.83
5.5,10.92,14.29
5.96,10.85,14.97
7.05,8.3,13.15
6.71,10.94,14.39
5.26,11.4,13.72
6.77,9.6,13.08
5.04,10.8,14.29
6.42,9.65,12.52
6.63,10.24,12.66
6.34,8.57,13.04
7.19,11.6,14.98
7.06,12.04,13.41
7.35,9.87,13.41
6.05,7.98,14.01
5.14,11.07,13.06
5.49,10.79,14.46
5.06,10.58,13.78
6.95,9.2,13.18
6.79,9.13,13.73
5.31,10.07,12.9
7.39,11.41,12.9
5.69,8.18,13.84
7.36,7.78,13.65
6.17,7.58,13.61
6.8,11.13,14.61
5.56,12.22,12.8
7.47,10.86,14.28
6.76,10.73,13.49
6.23,11.01,14.84
6.07,11.82,12.68
7.06,11.83,13.27
6.83,12.39,13.43
7.16,9.88,14.16
5.37,8.97,13.85
5.75,11.64,14.18
7.04,11.16,12.58
6.89,8.9,14.99
5.4,9.71,12.95
6.91,10.08,14.93
5.45,8.68,13.19
6.24,9.46,13.5
6.72,9.67,13.4
5,12.06,12.86
5.17,8.69,13.61
5.16,10.79,14.05
6.6,10.49,13.76
5.91,7.87,14.69
7.39,8.12,13.62
5.24,7.59,14.76
6.4,10.82,13.24
5.67,11.76,14.2
6.76,11.35,14.6
5.6,12.05,14.46
5.86,8.33,13.64
7.08,9.13,14.53
7.19,10.42,12.82
5.3,12.28,13.54
7.33,8.14,13.78
5.03,11.55,13.1
5.42,11.15,14.98
5.32,7.69,13.3
7.39,9,14.55
7.44,8.89,14.66
6.28,7.99,14.36
6.47,8.41,14.41
6.79,8.06,14.11
5.08,8.26,12.87
7.31,8.33,14.92
6.16,9.84,13.37
7.22,10.19,14.86
5.19,10.8,12.96
7.19,9.28,13.77
7.31,7.65,14.85
5.64,9.25,12.98
5.8,11.17,12.86
6.01,10.4,14.74
6.9,11.5,13.02
5.92,11.35,14.62
5.18,8.31,13.29
6.89,8.71,14.02
5.9,12.24,13.08
7.42,11.53,14.13
6.76,10.98,14.82
5.68,9.65,14.92
6.15,9.86,14.43
6.55,12.41,14.91
7.17,11.27,13.47
7.1,11.18,12.79
5.08,8.4,13.77
5.3,8.95,14.46
5.04,7.95,14.86
6.7,10.51,12.81
6.53,9.63,14.87
6.51,10.24,13.23
6.28,8.97,14.42
6.26,8.7,14.24
6.73,12.14,13.86
6.86,7.88,14.14
7.34,9.43,13.26
5.41,7.64,13.5
5.59,10.38,13.16
7.21,8.61,12.71
5.38,10.94,14.98
6.46,9.01,12.93
6.01,8.59,14.78
6.77,9.14,14.89
5.53,9.54,13.27
7.49,7.79,13.62
5.21,10.67,13.78
6.18,8.22,14.84
6.48,9.72,14.37
6.81,11.94,13.44
7.21,9.63,12.55
5.49,7.57,13.7
7.44,10.72,12.6
7.04,12.04,14.31
6.76,11.77,13.01
6.47,10.98,13.86
5.3,11.67,13.68
6.27,7.55,12.94
5.36,12.17,14.59
6.45,12.29,13.73
5.99,8.77,14.62
6.78,9.82,12.89
5.9,7.81,14.84
6.05,11.43,14.16
7,10.29,12.95
5.68,9.55,13.96
5.34,8.13,13.71
6.64,12.28,13.56
6.57,10.27,13.58
5.03,7.93,12.69
5.97,11.04,13.9
5.35,11.24,13.77
6.66,9.6,13.31
7.42,9.78,12.87
5.58,10.98,13.45
7.38,12.2,14.53
6.33,9.96,13.03
5.94,10.67,13.74
5.78,11.45,14.94
7.3,9.5,14.77
6.8,10.21,13.18
6.98,12.12,14.27
7.25,9.71,12.75
6.57,7.61,14.3
6.46,9.49,14.87
6.43,8.95,13.62
7.1,9.03,13.05
6.46,11.17,13.56
7.09,10.9,13.43
7.04,8.95,14.69
5.8,9.74,12.69
5.25,9.96,12.79
5.06,9.42,13.89
5.61,8.26,13.75
6.45,9.38,14.52
5.89,9.97,12.68
5.76,12.38,13.28
6.27,10.88,12.75
5.88,9.8,13.72
5.55,8.53,13.59
5.75,11.47,14.6
5.19,11.59,14.86
6.73,8.62,14.17
6.25,11.61,14.07
7.38,12.29,13.28
5.85,8.18,14.59
7.25,10.1,13.14
6.85,12.47,13.68
6.94,8.47,13.21
5.88,8.71,13.18
7.43,11.68,13.89
5.26,7.85,12.82
5.19,7.61,13.71
5.38,8.16,13.62
6.37,7.86,13.66
6.04,11.52,14.21
7.07,12.05,14.7
7.48,8.57,13.11
6.66,12.23,12.74
6.88,12.4,13.27
6.77,11.49,13.53
5.73,9.93,13.17
6.51,10.05,12.99
6.94,8.82,13.56
6.62,10.63,12.84
6.07,8.16,13.8
6.21,11.5,14.53
5.5,7.81,12.78
5.73,9.59,12.96
5.87,7.53,14.71
6.91,11.97,13.95
7.48,8.65,14.5
5.95,9.86,12.76
6.89,7.86,13.01
7.05,11.08,13.59
5.19,9.88,12.82
5.39,9.74,12.63
5.89,11.98,13.14
7.24,11.48,13.95
5.27,10.93,12.72
6.74,11.85,13.7
6,9.45,12.9
5.74,8.89,14.99
6.25,9.44,14.04
5.21,9.35,14.63
6.08,10.94,13.92
7.01,10.54,14.51
6.58,8.32,14.97
6.78,11.36,14.85
5.1,7.6,12.72
6.24,8.69,13.05
5.76,9.7,13.9
6.02,12.45,13.49
5.92,11.03,13.32
7.47,11.87,14.29
7.45,9.36,14.59
5.73,10.13,12.84
5.56,7.61,13.9
7.43,10.63,13.16
6.02,10.74,12.8
5.81,9.73,13.38
6.1,8.72,13.24
7.32,7.53,12.83
6.2,10.06,12.72
7.45,8.87,14.31
5.44,11.68,14.82
5.68,8.53,13.26
5.21,12.39,14.97
5.4,12.29,13.94
6.12,9.3,12.55
7.15,11.04,13.61
7.37,9.27,14.96
6.22,7.53,12.91
5.17,9.38,12.69
7.07,12.42,14.66
6.34,9.42,13.69
7.45,10.84,14.58
6.08,10.4,14.14
5.54,11.09,13.53
6.67,8.11,12.86
6.38,8.24,13.67
6.17,12.11,14.35
6.43,12.24,14.3
6.78,8.04,14.96
5.59,8.57,14.03
5.85,11.48,12.61
6.64,12.34,14.78
5.53,7.74,13.3
6.91,8.63,12.51
6.8,8.11,13.45
7.29,10.22,13.39
6.13,8.64,14.63
6.16,9.09,14.4
5.54,9.54,13.78
7.08,8.25,14.77
6.42,12.18,14.6
6.54,10.96,13.58
6.65,8.52,14.07
6.68,12.37,13.73
6.7,8.69,13.47
6.78,10.1,14.39
5.44,9.25,13.54
6.46,12.05,13.47
5.7,7.72,14.8
5.03,9.7,14.12
6.18,12.33,14.11
5.27,10.34,14.94
7.37,8.03,12.87
7.1,8.65,13.17
5.81,11.83,13.82
7.29,7.74,13.37
6.93,11.79,14.71
5.46,9.23,13.95
5.08,11.98,12.72
6.06,7.99,12.56
5.51,10.98,14.63
5.69,8.04,12.75
6.7,11.23,14.54
5.03,11.91,13.03
6.33,7.83,13.43
5.56,9.26,13.19
5.16,9.81,14.93
5.08,7.91,12.63
6.73,10.91,12.77
5.52,11.93,14.43
7.22,11.52,13.07
6.67,10.43,13.44
7.41,9.7,13.65
5.67,10.1,14.28
5.18,9.15,14.46
7.15,10.34,13.92
6.88,10,13.6
6.21,9.53,14.07
5.22,12.47,12.61
5.77,12.02,14.59
5.94,11.75,13.18
7.31,9.46,13.95
7.29,9.37,13.55
7.06,11.28,14.95
6.63,11.89,12.78
7.32,12.26,13.22
5.86,8.85,13.62
6.16,9.65,14.46
6.05,9.12,13.31
5.66,9.77,14.92
6.12,7.72,13.8
7.49,12.1,13.89
6.06,7.97,14.38
6.91,11.09,14.52
6.41,12.19,14.74
6.92,12.22,13.16
6.31,9.98,14.27
5.45,11.73,13.98
7.01,7.99,14.49
6.61,9.56,14.48
6.56,7.77,13.77
5.56,12.06,14.55
6.56,11.13,12.66
5.72,11.39,12.85
6.49,8.07,13.47
7.3,10.71,13.38
5.54,8.34,14.22
6.27,12.06,14.84
6.55,8.91,13.38
5.2,9.24,12.99
6.2,9.14,14.04
7.17,8.54,14.78
7.45,9.2,14.63
5.08,10.83,12.62
5.87,9.69,14.65
6.68,10.05,14.46
5,10.1,13.78
6.91,10.61,14.89
6.29,9.55,12.54
7.07,8.67,14.03
6.41,10.9,12.59
5.66,9.1,12.81
6,11.31,12.74
7.1,11.7,13.2
5.69,10.26,12.96
6.68,11.5,14.22
6.7,8.52,13.26
7.24,11.57,12.5
6.46,7.75,14.13
7.44,10.23,12.86
6.32,10.49,14.95
7.35,8.23,13.43
5.86,11.46,12.77
6.45,8.28,14.44
5.53,8.81,13.3
7.2,8.29,13.72
5.54,7.57,13.64
7.08,8.44,13.48
6.11,9.64,14.24
7.41,11.52,13.17
6.32,9.56,14.71
6.13,7.83,12.66
5.78,11.4,13.39
6.01,11,13.52
5.75,11.76,14.39
6.48,8.1,14.5
5.42,11.06,13.61
7.3,10.14,13.05
6.69,8.66,14.16
5.45,10.45,12.76
5.7,8.4,12.52
5.57,8.42,14.3
5.56,12,13.53
6.94,8.56,14.65
5.5,10.63,12.75
7.3,9.41,12.88
6.71,11.81,13.68
6.45,8.56,13.79
6.2,10.79,13.77
5.65,8.28,14.04
5.5,9.49,14.39
5.28,9.88,14.67
5.88,11.73,12.8
6.07,12.31,13.56
6.2,9.87,13.8
6.03,10.82,13.77
5.55,9.46,14.49
5.93,11.14,13.73
7.31,8.24,13.75
5.7,10.72,14.81
5.04,8.67,14.58
5.59,12.23,13.01
6.31,11.43,12.74
5.96,8.15,13.01
6.96,11.94,12.71
5.06,11.29,14.38
6.38,12.4,13.44
6.72,9.82,14.69
6.58,10.85,13.06
6.98,8.14,13.33
6.58,12.01,14.27
6.04,10.72,14.74
6.6,10.48,12.81
5.91,9.19,13.48
7.1,7.81,13.17
5.74,7.97,12.75
6.47,11.02,13.26
6.04,11.04,13.44
5.59,10.67,12.61
6.44,12.36,14.47
6.69,10.71,13.12
5.5,11.51,14.17
6.59,8.12,13.47
6.3,11.67,14.09
6.25,7.59,14.58
7.11,8.02,13.96
6.15,8.57,13.94
5.04,10.11,12.74
5.16,10.32,14.82
6.1,11.06,12.86
5.24,9.44,13.6
5.29,9.05,14.09
5.24,8.92,13.53
5.51,8.18,13.44
5.93,9.6,13.26
5.73,7.92,14.36
6.42,10.83,13.48
5.62,11.08,14.18
6.1,9.07,14.72
7.12,10.45,14.38
6.26,12.4,14.53
6.58,10.3,13.69
6.97,10.05,13.34
6.32,7.81,12.97
6.99,7.94,14.95
5.01,7.91,13.9
7.43,10.25,12.6
6.14,10.16,13.88
6.92,8.69,12.66
6.95,8.13,13.37
5.21,10.22,13.72
5.71,9.5,14.28
7.13,12.33,12.96
7.14,9.71,12.71
7.33,7.97,12.89
5.68,9.85,13.79
5.81,11.63,12.64
6.88,10.21,14.32
7.22,10.3,14.94
7.18,10.76,13.96
7.07,10.89,12.97
6.37,10.5,12.58
7.36,7.54,14
5.98,9.55,13.69
6.54,9.39,13.64
7.4,8.85,13.84
5.38,10.15,14.47
7.26,12.45,14.53
6.65,10.87,13.5
7.09,8.58,14.16
7.34,11.89,14.52
5.47,8.19,14.84
6.62,10.83,14.45
7.39,11.38,12.99
6.16,10.86,13.73
6.86,9.47,13.31
6.34,9.1,14.46
5.48,12.22,13.78
7.28,7.71,14.83
6.31,11.64,13.2
6.61,11.78,14.18
5.34,10.13,12.87
7.16,8.5,12.99
5.66,11.09,14.22
6.47,9.97,14.49
6.62,9.67,13.94
6.45,10.42,13.65
5.69,12.07,12.78
5.79,12.05,14.58
6.76,9.3,12.72
5.07,10.22,14.3
5.83,10.41,12.63
6.11,11.04,12.53
5.83,7.56,14.92
6.38,10.44,14.17
6.69,12.08,14.06
6.98,11.59,12.61
6.96,10.7,12.51
5.19,9.84,14.01
5.54,11.45,14.64
7.13,8.53,13.26
6.56,8.56,13.31
6.88,10.56,14.53
6.84,8.66,14.73
5.14,7.8,14.72
5.13,10.97,13.03
7.36,9.33,14.59
5.82,12.45,13.29
6.05,12.38,13.5
5.75,9.33,12.78
5.02,8.02,13.96
6.56,10.78,14.34
5.18,11.94,14.02
6.74,11.38,13.27
5.55,7.96,14.87
6.51,12.3,14.02
6.36,10.48,14.86
6.59,11.14,13.01
6.49,10.64,14.49
7.25,11.26,14.1
6.39,11.46,13.06
6.84,9.18,14.66
5.82,8.76,14.12
5.55,8.48,12.6
6.65,8.11,12.91
5.9,9.73,13.4
5.72,7.55,13.34
6.01,10.37,13.28
6.97,11.84,14.18
7.24,10.68,13.03
6.83,8.86,13.69
6.02,7.56,13.41
5.68,8.39,13.19
7.26,9.89,14.79
5.73,9.95,13.83
6.26,7.93,13.43
6.07,11.31,14.67
5.38,8.09,14.8
7.17,10.52,12.52
5.83,11.88,13.65
5.13,10.93,14.42
6.88,9.16,13.3
5.07,8.35,12.68
5.49,11.08,12.82
6.18,11.28,13.98
7.27,8.6,13.73
6.51,9.46,14.35
5.95,8.96,14.24
5.35,8.56,14.24
5.44,7.79,14.51
5.27,12.15,12.53
5.3,11.22,12.68
6.39,11.24,12.85
5.85,7.52,13.97
6.62,10.02,14.2
6.23,9.46,14.51
7.23,7.84,13.24
6.51,12.32,14.53
5.9,8.59,14.34
6.94,11.29,14.61
5.87,7.92,12.53
7.21,9.99,14.59
5.02,10.08,13.12
5.89,9.99,14
6.46,8.4,14.73
7.28,9.49,14.1
7.36,10.35,12.79
5.82,11.41,14.65
5.49,10.86,12.7
7.36,10.25,14.82
5.09,9.69,14.35
6.74,11.23,14.62
6.21,8.1,13.54
6.33,9.85,14.57
7.31,9.78,13.64
6.74,12.1,13.38
6.67,8.89,14.62
5.17,11.17,14.09
6.11,8.53,14.05
5.75,8.4,13.99
5.29,7.6,13.58
6.4,11.27,13.85
5.93,11.27,14.29
7.31,11.02,14.76
5.73,7.77,13.87
6.25,9.9,12.8
7.24,8,15
7.44,10.02,13.11
6.8,7.69,13.26
5.62,11.2,14.62
6.06,12.25,13.2
6.13,10.27,13.55
5.33,8.29,14.31
7.48,7.52,12.93
6.93,11.35,14.24
5.06,10.58,14.36
7.06,9.87,13.25
6.79,11.55,14.94
6.72,8.64,13.48
5.88,10.17,13.3
6.58,12.02,14.18
5.98,10.82,13.19
5.2,8.64,13.81
7.16,9.83,13.84
6.86,10.3,13.74
7.19,9.14,13.84
5.11,7.6,14.68
5.43,7.95,13.85
5.69,7.97,13.49
5.54,8.4,13.29
5.24,8.2,12.91
7.33,10.99,14.1
5.8,9.95,14.16
5.36,8.77,12.94
5.46,10.29,12.77
6.66,12.36,13.73
5.19,8.49,12.9
6.93,9.46,14.51
6.28,12.15,14.47
5.09,11.84,13.54
7.44,11.32,13.86
6.07,8.87,14.22
6.38,8.67,14.72
7.08,8.74,13.7
6.59,11.8,12.89
5.56,10.6,13.61
6.72,11.7,14.09
5.76,7.82,13.38
6.21,8.74,14.74
7.08,10.75,14.95
7.4,9.8,14.2
6.77,11.71,14.76
6.96,8.91,13.87
5.01,8.45,12.55
6.15,8.47,13.65
6.4,10.31,13.23
6.36,10.43,14.85
7.08,10.54,14.57
5.24,9.99,14.82
5.62,10.51,13.02
5.4,10.87,13.5
5.66,11.75,12.78
6.88,7.57,14.71
5.56,9.16,13.79
6.31,11.25,13.3
6.03,12.43,13.45
7.42,10.42,14.19
5.96,11.15,13.79
5.1,10.55,12.6
7.05,10.22,14.67
6.29,8.14,13.6
5.32,10.65,13.62
6.82,8.61,14.64
5.42,12.31,12.55
6.98,11.85,12.8
6.48,11.24,13.1
6.61,11.38,13.63
5.38,8.71,14.06
7.3,11.62,13.64
7.22,11.89,12.67
5.25,11.28,13.51
6.6,8.52,13.87
5.36,12.27,13.14
5.82,9.87,13.64
6.4,8.42,14.15
5.13,11.52,14.48
6.12,8.69,13.5
6.9,10.22,12.99
6.51,7.7,14.87
6.84,11.44,13.89
6.48,9.31,12.89
5.61,10.52,12.56
7.14,12.4,12.98
5.34,10.82,14.27
5.09,10.95,14.19
5.2,12.09,14.66
5.09,12.38,14.45
6.69,8.56,13.07
5.05,12.47,14.62
6.35,9.81,14.13
7.15,9.34,14.1
5.58,7.72,14.83
6.58,9.63,13.11
7.32,12.3,12.69
6.94,7.98,13.31
7.18,9.39,13.35
6.07,8.16,13.63
6.77,11.64,14.49
7.43,11.29,14.97
5.34,9.11,13.49
6.95,9.22,14.76
5.62,9.83,14.61
7.39,11,13.49
6.07,8.48,12.83
6.37,12.44,13.08
7.47,11.3,12.55
5.6,10.97,14.05
7.05,12.22,14.25
6.49,8.68,12.91
5.35,7.63,13.95
6.73,8.06,14.46
5.88,9.55,14.59
7.43,12.12,14.11
5.88,11.02,13.28
7.21,7.94,13.4
5,11.6,12.8
5.77,8.56,14.66
7.18,10.75,13.5
6.83,11.35,14.92
5.39,8.43,13.29
6.3,9.21,14.85
5.53,8.5,14.12
5.27,10.53,14.76
5.06,7.97,14.59
6.97,8.5,13.39
7.27,10.76,13.53
7.04,7.97,12.5
7.49,9,12.82
5.13,8.02,13.4
6.28,12.31,14.02
5.9,10.34,13.07
5.91,8.78,13.84
5.27,9.33,14.7
6.69,10.2,14.81
7.39,9.76,14.08
5.43,8.69,14.65
5.46,7.79,14.43
5.45,10.28,14.85
7.25,11.11,13.52
6.61,10.1,14.67
7.16,9.92,12.61
7.38,7.9,13.28
7.17,8.73,13.78
7.29,11.04,12.64
5.55,10.84,13.9
7.35,12.24,13.75
7.12,12.47,13.29
7.07,10.78,14.01
6.73,7.81,14.64
5.04,9.73,12.74
5.32,11.42,14.15
7.43,9.54,12.61
6.93,10.88,13.35
6.44,7.59,13.69
5.72,7.68,13.1
6.03,9.22,12.65
5.87,10.72,12.6
7.26,10.89,13.98
6.73,12.48,14.93
5.14,8.72,13.29
5.9,12.33,13.51
6,7.83,13.76
6.59,10.31,13.56
5.07,9.43,13.8
6.32,7.51,12.82
6.85,12.14,13.51
7.48,10.98,13.34
6.63,8.26,12.81
5.89,7.86,12.88
7.32,8.51,13.36
5.37,10.75,14.1
7.3,9.07,14.33
7.12,7.65,14.48
6.9,7.58,13.59
6.2,9.62,14.91
5.9,10.19,14.19
5.94,9.9,13.38
5.29,12.36,13.73
5.86,9.56,13.16
5.32,12.47,14.91
7.17,8.88,12.93
7.07,9.99,14.08
6.31,10.52,13.08
6.89,11.63,13.04
5.26,12.44,14.64
6.14,7.79,13.85
6.68,12.26,14.03
7.02,12.4,13.58
5.75,10.84,14.94
5.37,12.04,14.64
7.01,9.08,14.87
6.13,10.55,13.81
6.88,10.27,13.63
7.44,9.52,13.58
6.68,9.93,14.28
6.9,10.87,14.66
6.68,11.77,13.93
6.4,8.34,12.89
6.98,10.69,13.72
7.11,12.49,14.89
6.35,11.59,13.87
6.53,11.27,14.82
7.35,8.74,14.2
6.66,8.27,13.42
6.38,8.44,12.77
7.09,7.56,14.09
6.67,9.55,14.54
6.18,10.38,14.57
5.82,10.94,13.19
5.74,8.43,14.02
5.61,10.53,14.29
6.95,11.41,14.87
5.27,11.63,14.68
6.22,12.46,12.93
5.95,10.11,12.59
5.17,9.81,14.34
6.17,9.18,12.65
5.74,10.43,13.15
5.42,9.17,13.14
5.85,11.73,14.75
5.68,8.52,13.67
5.73,9.26,14.98
6.06,12.19,13.31
5.32,11.53,14.45
6.22,10.97,12.97
6.12,10.02,13.86
6.11,8.46,13.26
6.79,10.11,12.52
6.55,9.55,14.4
5.04,11.24,14.36
6.04,10.55,13.26
7.09,8.33,14.37
5.28,8.01,14.77
5.81,12.27,13.08
7.2,11.07,14.21
5.86,11.16,14.23
5.57,11.71,14.24
6.02,11.53,14.46
6.94,11.56,14.4
6.96,9.99,13.97
6.3,9.08,12.9
7.45,11.72,12.81
6.58,11.93,14.96
6.74,11.07,14.21
5.79,11.58,14.96
6.74,11.27,12.52
7.27,11.6,12.62
5.22,9.5,13.46
6.82,11.11,13.54
5.94,8.59,13.52
6.64,7.89,12.65
5.66,11.51,12.67
6.89,9.86,12.76
6.76,9.97,13.32
7.1,12.26,14
6.99,7.96,14.2
6.45,10.94,13.9
6.31,8,14.97
6.07,11.53,14.21
5.53,12.05,13.87
5.44,10.45,14.26
5.08,8.85,13.59
6.09,8.05,13.48
7.47,10.41,14.07
6.54,7.53,13.77
5.15,7.57,13.75
5.81,11.48,13.31
6.08,8.75,13.96
6.48,8.51,13.78
5.94,7.54,14.47
6.51,8.22,14.14
6.29,9.86,13.88
5.15,10.5,12.7
6.8,9.39,13.18
7.15,9.49,13.42
5.73,10.06,12.53
5.46,8.3,14.59
6.96,8.19,12.77
6.76,8.03,14.67
7.12,8.81,13.66
7.34,10.01,12.57
5.57,9.9,12.71
5.04,10.94,14.49
6.28,8.72,13.42
7.42,8.78,12.62
7.22,9.2,14.24
6.43,9.21,12.5
7.02,7.65,12.79
6.59,10.94,12.71
6.43,9.39,13.98
5.42,9.49,14.28
5.53,10.63,14.67
7.36,12.3,13.71
7.45,11.28,14.98
6,7.94,13.86
6.48,9.17,13.18
7.44,9.93,13.58
6.09,10.07,14.42
7.41,9.36,13.32
5.02,8.23,13.07
5.09,9.77,14.62
6.64,11.21,14.34
5.82,10.94,14
6.42,10.48,12.85
5.12,7.72,14.92
6.85,10.4,13.79
6.03,8.62,14.23
5.68,11.66,14.63
6.93,11.28,14.18
7.19,10.89,12.95
7.07,7.84,14.2
6.55,8.98,13.71
5.82,9.07,12.65
7.16,10.53,13.61
6.45,10.26,12.67
6.53,8.24,14.95
5.68,8.59,14.81
5.97,10.84,12.74
6.26,8.07,13.08
7.13,9.86,13.13
5.9,11.8,14.56
6.61,11.53,14.61
7.43,10.55,13.03
5.02,10.63,13.66
5.2,10.25,14.44
5.56,8.11,13.14
5.78,8.32,14.69
5.02,7.67,12.69
5.74,8.48,14.72
5.36,12.11,14.02
6.78,8.3,13.24
5.47,7.8,13.72
5.07,12.12,14.17
7.17,11.86,14.63
6.13,8.35,13.89
6.35,10.78,12.97
6.62,10.82,14.31
6.82,9.99,13.56
5.49,11.69,14
7.18,10.72,13.54
7.35,9.53,14.95
7.3,10.66,13.67
6.35,9.62,12.78
6.33,8.02,13.7
7.06,12.08,14.77
5.57,8.64,13.86
5.28,9.66,14.55
6.83,11.95,13.93
5.01,10.81,14.63
6.65,7.55,12.68
6.75,12.41,13.59
5.47,9.23,13.07
6.48,11.43,13.54
5.15,8.24,13.1
5.88,12.11,13.15
6.86,9.44,14.17
5.08,12.24,13.41
6.59,8.62,13.12
5.41,9.62,13.86
5.37,11.4,13.81
5.52,10.3,13.61
6.04,11.99,13.24
6.99,8.07,13.16
7.31,12.06,13.04
6.89,10.44,13.96
5.69,12.32,14.73
7.22,12.29,14.03
7.2,9.5,13.95
5.16,8.78,13.84
6.19,8.01,14.17
6.42,9.38,13.94
7.03,9.19,14.67
7.49,10.98,12.7
6.11,9.03,14.1
6.74,11.31,13.91
5.14,11.4,14.18
6.12,8.37,13.77
6.19,9.63,14.63
5.71,10.16,13.26
5.88,9.79,13.65
6.22,9.31,12.93
6.71,8.5,14.87
7.31,8.96,14.94
7.47,11.41,14.15
5.86,8.3,14.96
5.36,9.33,13.34
7.4,11.61,13.09
6.78,12.42,14.97
7.11,7.64,12.59
7.42,9.37,14.04
7.42,11.01,14.35
5.8,9.24,14.62
5.38,9.01,12.89
7.01,8.23,13.96
5.32,7.97,14.52
7.39,11.64,12.63
6.5,10.96,13.6
6.08,11.4,14.69
6.67,12.46,13.95
5.88,8.85,14.97
7.28,9.79,14.5
6.09,12.1,13.04
6.54,9.18,14.35
7.09,7.72,13.94
6.04,7.54,14.7
6.05,10.01,12.8
5.57,10.76,13.92
5.96,8.24,14.73
5.63,7.97,14.87
7.24,10.55,13.15
5.05,10.68,13.14
5.46,9.96,12.58
6.57,8.31,14.47
5.66,12.23,12.82
6.03,9.82,13.74
5.03,8.93,13.89
6.13,12.32,13.54
7.04,10.74,14.42
7.28,11.39,13.76
6.48,11.89,13.99
6.1,7.89,12.73
7,9.39,14.25
6.97,10.14,13.23
7.16,7.63,14.84
6.82,8.54,13.28
5.9,10.27,12.81
7.2,8.97,14.87
6.28,9.86,14.01
5.2,11.65,12.52
5.9,8.91,14.39
5.07,11.36,14.09
6.25,11.89,13.84
5.87,12.32,13.53
7.04,10.89,13
6.6,11.63,13.39
7.27,7.8,13.12
7.03,9.87,14.9
5.38,8.17,14.12
6.02,8.67,12.91
6,10.35,12.87
6.22,12.43,13.13
7.13,11.98,13.94
6.45,11.52,14.88
7.16,9.82,13.26
5.75,10.53,14.7
6.74,11.53,12.74
6.95,10.03,14.52
6.34,8.23,13.42
6.35,11.83,13.37
5.57,12.14,14.94
5.66,7.81,14.28
6.48,11.01,12.52
6.53,8.98,14.02
6.47,10.93,13.16
5.84,11.49,13.9
5.25,8.72,14.39
5.58,10.81,13.23
6.48,11.34,12.87
7.28,11.22,12.54
5.37,10.03,12.68
7.21,8.54,13.34
6.05,11.57,13.62
6.52,11.08,12.58
6.06,12.07,12.77
6.51,9.45,12.83
6.62,10.48,13.48
6.64,9.13,13.3
7.24,12.27,13.91
5.15,12.34,14.26
7.47,12.07,14.38
7.15,10.03,12.52
7.22,11.83,13.78
6.9,10.92,13.55
6.1,9.43,14.9
7.34,9.12,13.67
6.79,9.92,13.35
7.06,9.24,14.41
5.75,10.38,14.52
6.2,9.63,14.4
6.39,9.78,13.86
7.45,9.78,14.71
5.9,10.78,13.48
5.36,8.43,14.12
6.85,8.08,14.71
6.22,10.31,12.96
7.22,9.12,13.07
7.24,7.63,14.83
5.19,9.11,13.35
7.15,10.04,13.87
5.45,9.58,14.95
6.89,10.66,14.14
5.22,9.73,14.28
5.55,12.47,13.63
7.08,11.88,14.8
5.7,11.82,13.32
5.43,8.47,14.61
5.68,7.62,14.28
5.6,9.68,12.51
6.59,8.91,14.43
5.56,8.76,14.24
6.85,9.68,12.79
6.84,7.55,14.89
6.23,10.11,14.74
6.67,9.78,12.75
5.8,8.54,13.47
6.39,9.93,14.78
6.03,10.56,13.96
5.27,7.53,13.95
5.91,10.81,12.94
5.77,12.03,15
6.81,7.85,12.54
7.23,8.34,13.5
5.87,11.4,13.79
5.79,12.34,12.58
6.5,11.08,14.23
5.93,11,13.45
6.4,9.56,13.59
7.1,12.01,13.12
7.23,10.61,14.24
7.42,9.64,13.32
6.08,11.28,14.95
6.18,7.82,14.52
6.49,9.13,13.55
5.55,11.88,14.42
5.21,11.91,13.17
6.44,9.63,14.46
5.36,11.82,14.72
7.06,10.94,12.86
7.06,9.56,13.24
6.72,9.93,12.78
7.19,10.44,12.91
6.92,11.17,13.94
5.09,12.29,14.67
6.85,8.85,13.52
5.04,10.06,13.86
6.18,8.06,13.18
5.86,8.79,13.5
5.56,9.94,13.65
6.27,11.56,13.81
6.1,12.33,13.81
5.71,8.46,13.01
6.75,8.9,14.76
5.59,12.36,14.55
6.2,12.47,14.77
6.68,8.89,13.29
7.39,8.92,13.76
5.79,11.88,13.89
7.49,9.81,13.54
6.17,10.23,13.24
6.88,10.1,13.77
5.75,11.16,14.1
6.57,12.08,13.48
6.66,12.29,14.63
6.62,10.24,13.48
6.42,9.18,13.42
6.48,9.65,13.74
5.42,10.78,13.51
6.83,11.41,13.28
5.17,7.99,14.85
6.47,8.02,12.53
5.08,10.92,13.1
7.45,9.82,12.81
7.19,9.42,12.78
7.29,7.53,14.66
7.16,11.83,12.98
5.53,7.83,14.39
5.64,10.8,12.51
7.07,12.44,14.81
7.25,9.7,12.94
5.05,8.65,13.39
5.95,10.2,14.22
5,12.39,14.69
5.44,12.18,14.8
5.02,11.26,12.94
6.3,10.03,12.89
6.61,8.28,12.86
7.36,9.98,13.13
7.44,8.13,13.66
6.27,9.36,13.84
5.09,11.79,13.9
6.38,11.92,13.79
7.28,8.51,14.39
6.07,8.2,14.92
5.85,11.57,13.53
5.8,8.14,12.91
5.55,9.41,14.2
7.12,9.4,14.55
6.19,9.4,13.7
5.49,10.7,14.09
6.45,8.23,13.81
5.41,10.06,12.93
7.43,10.43,15
7.02,8.09,13.19
5.9,7.98,12.66
7,9.47,14.91
5.93,11.93,12.87
5.95,12.08,13.05
6.17,12.32,13.84
7.01,8.45,14.75
7.13,7.87,13.57
6.63,9.64,13.3
6.78,7.78,13.7
7.35,9.25,13.58
