5.99,11.38,13.27
5.23,7.9,13.48
7.14,7.93,13.83
6.79,7.69,12.8
6.78,11.67,14.56
7.28,8.99,14.5
6.08,8.06,14.09
6.47,12.39,14.71
6.71,9.42,14.98
5.46,9.76,13.52
5.16,9.01,13.27
6.05,10.63,12.86
6.61,8.95,12.53
6.54,11.82,13.42
5.97,11.17,14.83
7.47,8.42,13.51
6.09,11.1,14.98
6.57,8.94,14.2
7.39,11.14,14
7.22,10.81,12.55
5.75,9.94,14.94
6.92,12.38,13.94
5.09,11.3,14.88
7.14,10.67,13.24
5.92,11.18,14.11
7.48,8.79,14.94
5.63,10.7,14.77
5.47,11.4,13.59
6.41,9.43,12.99
7.48,9.26,14.84
5.61,10.05,14.32
7.23,9.01,12.5
7.4,11.04,14.5
6.38,8.71,13.4
7.25,11.61,13.85
7.38,12.45,12.89
6.89,8.1,12.5
6.19,11.28,13.76
6.79,10.56,12.53
6.16,8.96,12.63
7.43,9.26,14.65
6.76,8.37,14.38
5.73,10.33,12.93
6.64,8.47,14.31
6.35,8.26,14.91
5.95,10.19,14.85
7.31,9.46,13.35
5.79,11.62,14.82
6.99,8.54,14.87
5.46,9.02,14.37
7.14,10.08,14.75
5.31,7.78,13.96
6.1,9.74,13.39
6.17,9.09,14
7.36,10.93,14.35
6.16,7.78,13.72
5.79,8.21,14.72
6.04,10.23,13.79
5.32,11.06,13.61
6.72,9.85,14.66
6.57,7.85,14.8
7.44,7.87,12.97
6.19,9.55,12.83
5.93,12.07,14.07
6.76,10.69,13.41
6.68,8.42,14.74
5.31,9.4,13.77
6.17,10.95,13.08
6.06,11.99,14.87
5.12,9.77,14.13
6.21,11.8,13.26
7.21,10.37,12.73
6.15,10.62,13.02
7.32,12.12,12.77
7.48,10.15,14.56
7.24,11.77,13.71
6.45,9.66,14.53
7.34,8.32,13.27
7.44,12.12,13.2
6.57,11.46,14.62
6.12,12.29,13.19
7.45,10.37,14.58
5.83,8.74,12.64
6.87,9.1,13.5
6.79,12.45,14.32
5.68,9.96,12.86
7.38,10.41,14.26
6.15,7.61,13.69
6.75,12.11,14.73
5.57,8.79,14.97
5.73,7.87,12.99
6.48,9.8,13.11
5.36,9.96,14.6
6.53,10.16,12.96
6.94,11.84,13.89
5.45,9.49,12.78
5.27,12.19,14.22
5.83,10.32,12.93
7.31,9.55,13.91
6.24,9.84,12.66
5.34,10.73,13.71
5.68,12.08,14.52
6.71,12.2,12.9
6.75,9.32,12.83
6.81,8.14,13
7.11,12.41,13.56
6.95,9.22,14.35
7.02,9.31,13.9
7.06,11.71,13.3
7.11,7.66,13.42
5.24,11.64,12.54
6.33,8.28,13.58
6.35,11.37,13.2
5.02,8.14,12.92
7.22,10,14.68
5.55,11.32,12.87
7.14,9.29,14.4
7.16,11.1,14.95
7.09,8.56,13.21
5.38,8.8,14.47
7.34,12.4,13.56
5.51,11.2,14.6
7.44,8.66,14.56
5.72,8.63,14.49
5.69,9.38,13.52
5.88,9.78,14.61
6.86,10.42,13.59
5.53,7.68,14.71
7.47,8.44,12.66
5.28,12.12,12.6
7.03,11.8,13.15
6.02,9.68,13.13
5.26,10.14,12.56
6.83,11.05,14.45
5.52,10.49,12.71
5.91,12.08,14.67
7.15,8.42,13.65
7.13,10.79,13.94
5.35,11.51,14.28
5.89,8.15,14.62
6.58,10.03,13.36
5.5,11.83,12.53
6.8,12.29,13.22
5.03,10.93,13.87
7.08,8.83,12.53
7.19,9.79,12.79
5.24,11.41,13.64
6,11.48,12.83
6.15,10.41,14.99
5.48,10.64,13.13
7.11,11.43,12.61
5.3,10.18,14.85
7.19,10.65,14.61
5.39,8.77,13.37
5.92,9.63,14.25
7.13,9.55,14.22
7.12,10.91,14.21
6.44,11.42,14.28
6.68,9.19,13.34
7.15,9.91,14.43
6.82,10.25,14.97
7.31,11.92,13.4
7.41,8.32,12.58
7.07,9.94,13.49
5.83,12.45,14.02
5.94,7.68,13.86
6.97,10.77,14.95
5.22,7.5,14.44
7.45,10.99,13.93
5.45,10.92,14.13
6.69,11.1,13.8
6.71,9.77,13.89
5.65,9.89,14.31
6.21,11.25,13.6
6.6,11.38,12.95
6.12,10.17,13.12
7.3,9.03,13.09
6.92,9.64,14.55
7.39,11.51,14.66
5.28,11.09,14.74
5.4,8.28,12.87
5.23,11.2,14.15
6.19,10.37,13.8
6.8,11.87,12.88
5.95,11.57,14.17
7.19,9.1,13.2
5.52,12.31,13.34
7.05,9.11,14.2
7.26,9.05,14.77
5.03,7.76,14.51
5.21,9.02,13.96
5.25,8.83,13.33
6.12,9.21,14.04
5.45,10.85,13.85
5.3,10.36,14.06
5.84,10.68,13.89
7.29,10.18,13.73
7.15,9.59,12.55
6.15,10.18,14.47
7.13,9.02,13.19
5.11,11.03,14.09
5.36,12.11,14.15
6.53,11.27,14.77
6.47,10.82,13.7
5.07,7.91,14.28
7.06,8.03,14.61
5.04,10.5,13.01
7.16,10.57,13.78
6.81,11.85,13.28
6.5,9.12,14.42
5.79,11.36,13.14
7.22,10.69,14.83
7.18,11.52,14.59
7.28,9.02,13.49
5.92,10.05,14.23
5.63,11.65,12.61
5.66,8.92,12.59
6.77,11.81,12.51
6.62,9.28,12.54
7.15,10.94,14.59
7.34,11,14.51
5.88,10.46,14.12
6.33,11.95,13.26
6.48,11.06,12.8
5.16,9.74,14.6
5.14,9.07,14.36
5.13,8.46,13.47
6.63,9.06,14.45
7.41,9.1,12.88
5.92,10.16,13.19
5.85,12.06,13.35
6.01,11.07,12.93
6.98,11.96,13.92
5.18,9.23,14.79
7.21,7.86,14.96
5.02,11.34,13.25
7.24,10.1,13.61
6.97,12.16,14.56
5.29,11.44,13.98
6.07,8.2,13.48
5.51,9.9,12.77
5.98,12.19,14.67
5.94,7.82,13.59
6.25,10,14.38
6.18,8.65,14.16
7.16,11.45,13.19
7.16,7.55,14.15
6.9,10.55,14.2
5.96,11.96,14.33
6.93,9.55,14.75
5.75,12.46,13.91
7.4,8.55,12.64
6.34,9.06,14.5
7.29,10.91,14.92
6.88,9.1,14.55
6.54,9.68,12.81
6.42,10.67,14.81
7.2,8.46,13.3
5.19,11.74,13.87
7.21,7.84,14.07
5.84,10.57,14
5.95,8.68,12.96
5.34,12.35,14.54
5.96,12.26,12.64
6.03,12.49,12.96
6.61,11.86,14.75
7.05,9.67,13.93
5.41,11.63,14.93
5.34,10.42,14.83
7.47,11.52,14.03
5.66,9.09,14.96
5.05,12.17,14.3
6.42,8.79,14.85
7.24,7.82,13.09
5.97,11.08,12.74
7.4,8.13,13.69
6.01,11.4,14.83
5.28,8.12,13.32
5.67,9.61,14.25
5.65,11.56,14.65
5.31,9.35,14.7
5.24,9.65,13.84
5.85,7.56,13.81
7.25,11.43,14.46
6.97,11.58,13.31
6.94,11.71,13.56
5.14,8.71,13.35
5.23,7.66,12.58
5.03,9.8,13.38
6.1,9.83,14.46
7.14,8.98,14.89
5.12,11.25,14.29
5.44,7.98,14.09
6.39,12.21,13.88
5.77,10.78,14.56
7.35,8.92,13.01
7.09,9.61,14.26
5.44,7.9,14.23
6.3,11.62,13.66
6.46,10.49,14.99
6.96,10.95,13.66
5.39,7.53,13.49
6.6,11.22,14.28
6.01,9.47,14.21
6.38,8.46,13.88
6.61,9.85,14.57
6.77,12.14,13.58
6.37,8.07,13.22
6,11.63,12.85
5.43,8.43,12.89
5.71,11.68,13.21
7.13,11.22,13.47
6.63,11.57,12.89
5.19,8.91,14.82
5.03,12.26,13.51
5.53,11.29,14.05
5.66,11.75,12.79
6.5,7.83,14.91
5.06,7.5,14.6
6.33,9.38,14.49
5.81,11.16,14.62
6.47,8.28,13.53
6.71,10.77,14.78
7.27,8.74,13.46
5.93,10.72,13.43
6.58,8.92,12.81
6.58,9.09,14.43
5.08,11.86,14.11
5.12,9.13,12.53
6.1,11.21,14.86
6.03,9.88,14.79
5.5,11.53,15
5.81,8.38,14.5
5.44,11.29,12.7
7.42,7.67,12.58
7.46,12.09,12.97
6.29,10.45,14.27
5.89,9.92,14.13
6.14,7.96,14.72
6.53,8.56,12.54
5.56,11.43,14.52
6.4,11.44,14.45
5.11,10.15,12.74
5.99,9.22,14.42
6.28,11.5,13.47
6.59,10.84,14.57
5.7,8.46,13.27
5.17,9.19,13.39
5.32,12.18,14.24
6.87,11.48,12.79
5.96,8.33,13.76
5.7,11.71,14.23
5.35,7.82,14.14
5.09,11.92,13.3
5.97,9.23,13.31
6.54,10.41,13.29
6.09,12.26,14.51
7.27,12.06,14.6
6.02,10.65,15
7.05,11.28,14.52
5.73,10.98,14.64
5.97,8.72,14.77
6.8,11.05,13.07
5.32,9.35,12.54
7.09,7.78,14.42
6.57,12.13,13.65
6.8,8.57,13.43
6.8,9.09,13.37
6,9.33,14.84
7.14,9.43,14.86
6.96,9.88,13.89
6.29,12.09,14.33
5.69,11.1,13.23
6.07,8.43,14.43
5.21,7.88,14.88
6.84,7.78,13.61
7.43,10.52,14.85
5.32,7.71,13.41
7.28,8.1,14.14
7.14,9.49,13.34
6.45,11.96,14.55
7.07,9.53,13.54
6.68,10.65,13.94
7.21,8.85,13.12
6.15,8.48,14.5
5.91,8.65,13.71
5.47,8.64,12.74
5.83,9.6,13.16
6.74,9.22,14.2
7.34,10.36,14.35
5.92,7.67,13.94
6.13,8.99,14.25
6.67,8.83,12.6
7.17,10.02,14.14
5.76,8.74,13.47
5.2,11.83,13.32
6.43,8.39,14.34
6.07,8.39,12.75
6.37,7.95,13.12
7.29,7.52,14.51
6.22,10.2,12.98
6.42,8.79,14.65
7.27,10.88,13.36
5.11,9.24,13.57
7.47,8.93,13.92
5.24,10.65,14.77
5.69,8.76,13.18
5.06,10.96,12.51
5.52,11.83,14.35
7.47,9.9,14.01
6.1,10.47,12.89
5.6,11.71,13.15
5.72,8.21,13.78
5.34,9.89,12.84
6.16,7.64,14.73
5.42,11.51,13.38
7.48,7.54,14.2
6.8,8.11,14.71
6.52,11.5,14.15
6.56,10.85,12.67
6.08,8.47,12.63
6.14,7.59,12.5
5.44,8.81,13.46
6.2,11.5,14.19
5.21,9.89,14.92
6.47,8.36,13.32
6.71,11.11,13.07
7.47,9.64,13.92
5.59,11.09,13.75
5.36,10.38,13.77
5.4,12.24,13.26
6.35,8.4,14.71
6.33,11.04,13.62
6.95,10.22,12.76
6.31,8.47,13.56
5.76,12.02,13.79
5.23,10.29,13.68
5.28,8.71,13.84
6.57,8.89,13.31
7.05,8.12,14.96
5.19,8.32,13.09
6.64,11.4,13.32
6.56,8.57,14.29
6.39,7.61,13.12
6.3,12.48,12.74
5.85,11.01,13.11
5.62,9.32,14.42
7.2,8.68,13.72
7.06,12.21,14.5
7.16,10.22,12.73
5.34,7.57,13.39
6.36,10.71,12.55
5.74,11.98,13.31
5.67,8.82,13.98
6.48,10.45,14.52
7.16,7.5,12.69
5.86,12.32,13.17
5.96,10.87,14.08
5,11.02,14.54
6.48,7.78,13.53
6.47,11.5,14.21
5.89,7.71,14.91
5.46,10.64,13.08
5.28,10.7,13.43
6.57,11.86,12.78
6.91,8.49,14.62
6.98,8.27,14.82
5.41,12.32,14.25
6.28,10.09,13.64
6.05,11.27,13.51
6.23,8.97,13.23
6,9.57,14.82
5.83,8.99,15
6.09,8.83,13.09
7.36,10.79,14.5
5.08,8.77,12.54
6.67,10.81,12.73
7.21,7.86,14.45
5.01,9.64,13.3
6.19,8.43,14.17
5.66,11.95,13.62
5.52,11.36,12.96
7.35,9.45,13.56
7.38,10,14.04
7.22,11.24,14.17
6.34,10.72,14.88
5.11,8.99,14.32
6.77,7.83,12.58
7.32,8,13.3
7,12.26,13
7.36,9.22,13.95
5.02,11.75,14.36
7.34,11.28,12.71
6.41,11.77,12.85
5.02,12.11,13.99
6.65,7.53,14.79
6.23,7.89,13.69
6.45,8.72,14.36
7,11.05,13.21
6.76,10.43,13
6.54,12.39,13.43
6.99,8.72,14.24
6.57,12.47,13.57
6.97,10.1,14.98
7.37,10.63,13.12
6.08,7.66,13.25
7.22,11.39,12.99
6.06,8.17,13.21
6.7,7.75,13.64
6.14,7.57,13.92
5.56,8.18,14.63
6.9,9.23,13.09
7.19,8.92,13.06
5.6,11.42,14.41
5.62,7.99,14.01
7.11,8.69,12.91
6.16,9.97,14.33
5.97,12.07,13.93
6.03,11.58,13.46
6.7,8.4,13.56
5.97,10.07,13.41
5.93,11.67,12.75
6.61,9.87,13.88
5.32,8.38,14.68
7.28,11.9,14.61
5.56,10.06,13.41
6.61,8.49,14.76
5.31,8.29,13.59
7.41,7.67,14.88
7.03,12.06,12.59
5.7,11.68,12.88
6.68,8.12,13.96
7.26,7.61,13.59
6.44,8.79,13.27
5.52,7.85,13.1
6.15,10.83,14.81
6.93,8.98,13.65
6.77,9.13,13.8
5.97,11.65,14.04
5.79,8.73,13.58
6.28,11.85,14.09
5.05,8.78,12.67
6.37,10.45,13.12
5.29,11.17,13.84
5.52,10.61,14.37
6.53,11.65,13.02
7,8.55,13.37
5.13,9.78,12.63
6.82,8.97,14.96
5.36,10.32,14.19
7.35,11.85,13.87
5.82,11.17,13.74
6.77,10.9,14.12
6.22,11.78,13.94
5.49,8.29,13.46
6.56,11.89,12.89
5.75,8.55,14.32
6.11,10.63,13.65
5.4,8.93,12.65
5.33,10.17,14.03
7.49,10.52,12.82
6.53,9.87,14.72
6.66,9.85,13.44
6.83,9.63,13.38
7.04,9.73,13.3
5.49,11.34,13.39
6.07,10.62,13.41
6.13,11.1,14.72
7.02,10.07,12.56
5.65,9.71,14.54
7.22,8.81,12.59
6.73,8.78,14.95
6.8,7.87,12.74
6.34,8.18,14.21
5.07,11.27,13.63
6.97,11.92,14.48
7.35,12,14.5
5.6,9.72,14.94
5.04,8.87,13.09
5.61,7.96,14.02
5.07,11.43,14.49
6.34,11.33,13.39
5.16,10.64,14.93
5.8,9.23,13.76
5.92,8.83,12.51
5.85,11.13,13.2
7.13,9.52,12.93
5.09,10.07,12.58
6.06,10.15,13.43
6.61,8.09,14.48
5.16,8.39,13.88
7.27,10.82,14.62
6.83,7.75,13.52
6.73,9.06,13.13
6.81,7.81,14.09
6.8,10.88,13.39
6.29,9.68,12.96
6.6,10.12,14.3
6.18,10.21,13.47
6.05,11.12,14.56
5.42,8.06,14.8
7.04,8.52,14.8
6.18,7.83,13.56
5.53,11.18,14.86
6,10.99,12.65
7.21,7.9,13.65
6.73,9.48,12.64
5.72,8.87,12.73
7.42,10.77,13.23
6.42,10.69,13.05
6.03,9.32,13.23
7.04,7.87,14.46
6.72,10.58,13.97
6.21,9.63,13.22
5.33,10.52,14.82
5.19,10.67,14
6.38,10.15,13.62
5.84,11.89,12.92
7.3,9.87,14.9
5.48,11.5,14.32
6.61,12.26,13.58
6.98,11.51,13.64
6.87,11.34,12.8
5.8,9.61,12.54
6.84,10.1,13.82
5.29,7.67,14.21
5.64,8.53,13.53
5.74,10.35,14.28
6.18,9.21,14.33
5.84,8.7,14.92
7.39,8.17,12.77
6.35,7.52,13.36
7.35,11.85,14.77
7.2,11.94,13.57
5.31,9.82,13.17
7.29,7.61,13.08
6.26,10.32,12.96
5.79,8.74,14.48
5.08,8.47,13.12
6.32,8.35,14.41
6.26,12.02,13.05
6.93,9.87,13.6
5.46,8.9,13.58
5.35,8.01,13.81
6.29,9.52,13.34
7.39,7.99,13.97
6.89,8.12,12.94
6.9,8.69,12.91
6.11,9.78,14.85
6.32,9.4,14.27
5.27,9.72,14.23
6.84,12.37,13.69
6.11,11.07,14.49
5.4,10.58,13.15
7.3,10.9,13.19
7.13,11.46,12.88
5.79,10.38,14.98
6.69,10.02,12.84
6.95,7.76,14.97
5.69,10.49,13.61
7.13,11.28,12.92
6.18,10.42,14.35
5.67,11.19,14.13
6.79,12.44,13.03
5.58,7.61,14.54
6.35,10.19,14.54
5.99,9.02,13.95
6.31,7.56,12.99
5.92,7.61,13.05
7.14,8.99,13.76
6.48,8.59,14.11
7.14,11.87,14.85
6.32,11.91,14.43
6.41,10.12,14.96
5.62,12.34,13.83
5.44,12.05,14.02
5.35,9.98,13.31
5.04,10.59,13.18
5.42,12.14,12.64
6.34,9.03,14.5
6.64,8.74,12.78
5.37,8.18,13.07
6.05,10.34,13.33
5.61,7.67,14.52
6.52,12.14,14.72
6.24,10.31,13.71
5.47,7.73,13.71
5.81,8.5,14.46
6.82,8.35,14.51
5.7,9.26,12.62
5.39,10.93,13.15
7.38,12.15,13.1
6.58,9.88,12.9
7.09,7.8,12.93
5.61,11.43,13.49
6.76,11,13.38
5.42,8.18,12.84
6.95,7.99,13.78
5.99,9.01,14.73
5.46,11.39,12.66
5.61,7.81,14.11
6.06,8.12,14.16
6.05,8.9,13.64
5.69,11.03,13.04
7.38,8.3,14.15
5.41,9.94,14.18
5.55,9.16,13.5
7.14,9.96,14.67
5.41,12.25,13.38
5.22,9.49,13.52
6.21,11.46,13.75
6.78,8.41,13.59
5.92,9.33,13.16
5.45,11.04,13.91
5.15,7.78,12.6
6.89,9.24,13.1
6.11,10.71,13.07
7.32,11.43,12.64
7.12,8.94,14.04
5.11,11.64,13.2
5.51,8.85,14.62
5.07,10.04,14.79
5.89,8.51,13.74
6.45,12.34,13.48
5.5,11.59,13.22
6.08,7.77,13.78
7.12,12.43,12.99
6.8,9.7,14.28
6.96,9.21,12.56
7,9.95,13.77
6,9.99,13.61
6.91,9.8,12.56
7.41,11.61,14.53
6.32,9.14,13.71
6.01,10.05,14.62
5.52,7.59,12.78
7.27,8.39,14.76
5.26,8.93,13.88
6.59,11.42,14.71
6.43,10.96,14.92
7.15,7.99,14.38
6.52,10.07,12.93
6.6,10.47,12.77
5.21,8.57,13.42
6.52,11.82,14.74
5.34,9.77,12.8
6.92,10.71,12.94
5.79,8.05,13.79
5.96,9.53,13.89
6.6,7.71,13.06
6.75,9.87,13.65
6.48,9.97,12.51
6.34,7.85,14.24
5.97,10.01,12.71
6.58,10.08,14.55
6.84,9.97,13.86
6.3,11.35,13.76
5.96,9.81,13.08
5.56,7.89,12.8
6.1,9.97,12.91
5.15,11.26,13.7
5.38,9.12,13.16
6.41,7.5,13.57
6.59,11.48,13.04
6.53,10.58,13.44
5.28,7.64,12.96
5.22,7.61,14.59
6.92,12.22,13.99
5.89,9.35,14.58
7.43,7.66,13.01
5.16,11.47,13.99
5.55,11.96,14.43
6.12,12.4,13.84
5.78,10.41,14.04
6.65,11.18,13.92
5.78,11.38,14.89
6.94,8.48,13.38
7.21,8.91,13.36
7.19,11.13,14.29
5.31,8.06,12.5
5.12,12.32,13.98
6.5,10.51,12.85
7.06,9.17,13.97
6.79,11.37,13.37
5.38,7.71,14.95
6.54,7.99,12.6
6.77,8.57,14.12
6.85,9.31,13.91
5.92,10.11,13.46
5.55,11.49,14.08
5.24,10.06,13.98
7.15,11.57,14.41
7.35,10.06,13.97
6.49,11.11,13.79
7.37,10.29,14.62
7.01,11.26,12.83
7.18,8.94,12.85
5.59,8.81,13.24
5.41,10.19,13.89
5.63,7.54,14.33
7.04,9.67,14.09
5.41,9.01,13.83
7.34,8.32,14.12
6.16,11.02,13.2
6.1,9.37,13.63
6.46,7.76,14.82
6.88,9.5,12.62
5.72,11.59,12.82
5.58,10.56,13.19
6.28,8.08,14.35
6.74,12.41,12.85
5.98,8.53,14.15
7.43,11.96,14.18
6.52,11.61,14.58
7.24,9.7,12.71
7.2,12.04,12.8
6.57,11.51,13.07
5.12,11.58,13.28
6.8,11.43,13.19
5.19,10.08,13.59
5.3,8.56,13.23
6.46,11.13,13.61
7.14,11.65,13.98
5.67,11.43,12.72
5.3,9.34,13.02
7.29,9.32,13.08
6.05,8.7,13.49
5.87,9.12,14.88
6,8.23,12.63
5.22,10.56,14.01
6.83,7.62,14.39
6.33,8.85,14.98
6.84,12.1,12.75
5.41,12.24,14.58
5.39,11.64,13.99
5.16,11.16,13.81
7.26,10.28,14.66
7.26,11.2,14.83
6.42,11.9,14.35
6.43,8.06,13.6
7.42,10.81,13.28
5.95,9.15,14.16
6.72,8.7,13.63
7.46,12.21,12.61
6.33,8.23,13.18
6.57,12.13,14.06
7.32,10.24,13.05
7.08,12.15,14.64
7.12,11.52,13.51
6.19,9.82,14.01
5.04,7.68,14.26
7.27,8.93,13.73
7.05,11.43,13.16
5.11,11.83,14.41
5.1,8.71,12.81
5.69,10.06,13.08
6.04,11.28,13.36
6.93,10.28,13.37
6.66,9.99,13.84
6.57,10.69,13.73
6.77,11.88,13.7
5.71,8.89,14.32
6.77,9.75,12.78
5.31,9.68,14.48
6.58,10.92,12.61
6.3,10.98,12.53
7.27,11.67,14.06
6.29,9.35,14.66
6.3,7.86,12.63
6.47,11.87,12.62
7.21,12.03,14.67
5.34,10.22,13.8
6.32,10.58,13.29
7.3,11.89,14.48
5.72,11.3,13.26
5.27,11.26,12.91
5.21,11.33,13.94
6.35,7.93,14.77
7.24,10.27,14.87
7.02,11.33,14.56
6.36,8.73,13.59
6.11,8.26,14.16
7.38,10.96,14.86
6.69,12.12,14.67
5.2,9.89,14.02
5.92,8.61,13.8
6.69,7.58,14.91
5.79,12.24,12.74
6.95,9.86,12.75
5.91,9.76,14.7
5.04,12.08,14.66
5.31,11.11,12.59
5.62,10.72,14.35
6.15,9.06,13.22
5.46,10.12,14.97
5.05,10.83,14.73
6.48,10.6,14.11
5.32,10.69,13.33
6.91,11.61,14.12
7.06,8.84,13.76
6.99,9.46,13.87
6.7,11.54,14.45
5.85,11.58,14.19
6.28,9.04,14.32
6.47,11.49,13.92
6.83,8.81,14.24
6.64,10.17,14.18
6.67,11.29,14.68
5.59,9.43,12.91
6.31,11.3,13.74
6.81,10.89,12.79
7.34,7.6,13.74
6.44,7.8,14.67
5.52,11.96,14.87
6.82,9.98,12.53
6.64,7.75,13.86
6.12,9.57,14.65
5.17,11.82,14.76
6.69,12.43,14.87
6.13,11.8,13.87
7,11.07,14.26
6.72,10.81,13.82
5.75,12.15,13.35
6.77,12.21,13.42
7.43,7.98,14.15
5.34,11.04,13.2
5.57,7.87,14.61
6.53,12.38,13.87
6.04,11.67,12.89
6.12,10.39,14.53
6.83,7.83,14.58
5.08,11.21,14.06
7.04,12.1,12.84
6.46,8.24,14.38
5.57,12.48,12.95
5.66,11.59,13.22
6.5,11.3,14.7
6.16,10.55,13.3
6.3,9.48,13.45
5.62,7.88,14.99
7.42,8.59,13.45
6.71,7.96,13.66
5.24,10.83,13.09
7.05,10.57,13.04
5.59,9.49,14.01
5.81,9.8,14.54
6.64,8.4,13.78
6.61,11.63,14.63
5.25,9.88,12.86
5.25,11.67,13.82
7.21,9.56,13.97
5.22,8.28,12.85
5.13,11.73,12.98
6.49,11.46,13.01
6.62,9.94,12.87
6.57,7.82,13.23
6.18,12.01,13.48
6.63,11.75,14.19
6.24,11.82,12.73
5.15,11.63,12.7
6.95,10.9,14.1
6.6,9.42,14.84
7.36,9.3,14.38
6.75,10.83,14.34
5.45,9.52,12.99
5.67,11.92,14.3
5.96,9.39,14.41
6.72,8.32,14.55
5.81,12.22,14.46
5.85,8.6,13.7
7.45,8.66,13.88
5.78,12.38,14.86
6.63,11.55,13.96
5.73,8.98,12.91
6.19,10.7,14.5
5.27,12.42,14.67
5.61,11.58,13.68
5.69,10.81,12.63
5.8,9.65,14.43
6.5,9.26,14.43
6.7,12.16,14.69
5.56,8.19,13.25
6.23,11.78,13.6
5.4,8.38,13.3
5.72,11.95,14.78
6.17,8.75,13.86
5.82,10.08,12.74
5.32,12.08,14.66
6.48,11.13,13.2
5.7,8.64,13.58
5.37,8.51,13.82
6.86,10.66,13.19
5.05,7.96,12.69
5.21,12.09,13.87
5.47,8.82,13.02
5.86,8.61,14.05
6.34,10.36,14.19
5.31,9.03,13.12
5.76,9.97,12.78
5.36,7.6,13.1
5.91,8.97,14.99
5.74,7.55,13.57
5.99,10.95,12.57
6.92,7.76,14.2
5.01,10.7,13.75
7.44,8.92,12.92
5.21,11.83,13.88
5.36,9.69,12.78
5.82,11.95,13.37
6.63,9.02,14.34
7.43,9.17,14.14
6.35,10.14,13.63
5.68,10.89,14.47
6.97,9.3,12.78
5.56,11.59,12.67
5.52,9.2,14.5
5.02,9.58,12.82
7.19,8.56,13.65
7.01,9.72,14.66
6.34,12.07,12.77
6.24,9.08,12.52
6.29,10.7,13.68
6.91,10.05,13.88
5.78,11.07,13.92
6.22,9.08,14.87
6.27,11.13,13.46
5.57,7.5,12.81
7.33,11.52,13.52
6.4,11.3,14.58
6.57,10.01,14.89
5.99,7.95,12.96
7.48,8.34,14.07
7.05,10.59,14.22
6.24,12.29,13.02
6.19,9.77,14.63
6.46,9.52,14.5
7.33,11.24,14.51
7.28,9.31,13.47
5.19,10.8,13.52
6.27,10.14,14.21
6.2,11.39,13.08
7.13,10.13,13.32
6.55,11.58,12.76
5.78,11.14,13.83
5.73,9.73,14.31
5.76,10.27,13.61
5.37,9.17,13.98
7.2,10.93,13.29
6.05,9.61,12.77
5.34,9.43,14.38
5.9,9.08,12.8
5.08,9.18,13.13
5.69,9.93,13.99
6.01,10.78,14.13
5.17,12.13,13.75
5.35,11.88,14.61
6.86,7.77,13.59
5.4,12.07,14.35
5.96,10.43,14.94
7.27,9.11,12.93
5.19,9.82,12.79
6.08,10.05,14.76
6.34,8.26,15
6.81,9.22,13.81
6.37,11.78,14.16
6.79,10.97,13.66
6.16,12.05,14.39
6.67,8.16,14.26
6.05,10.43,14.93
7.14,12.09,14.9
5.39,10.57,13.09
6.78,8.38,14.65
6.44,7.88,14.3
5.65,9.99,14.36
5.87,9.33,13.45
6.09,7.99,13.77
5.84,9.56,14.42
7.17,10.92,14.21
5.44,9.85,13.13
7.01,8.47,13.29
5.57,12.06,14.57
5.63,9.26,13.65
6.82,8.78,13.38
7.01,7.72,12.69
7.38,10.42,14.23
6.68,12.32,13.27
6,8.49,12.8
6.92,10.19,13.64
7.4,10.06,14.16
5.06,8.39,14.68
6.69,11.49,14.43
5.24,9.74,14.51
6.15,9.49,14.12
5.67,8.51,12.95
6.02,9.51,13.96
6.72,7.53,12.97
5.74,12.17,13.18
6.78,7.61,12.95
5.82,12.34,14.48
5.81,11.89,12.51
6.03,9.21,13.81
7.44,8.94,14.81
6.38,11.43,14.65
5.15,10.36,14.5
5.81,9.35,12.64
6.12,11,13.55
6.78,11.52,14.21
6.3,10.71,14.46
5.72,10.21,13.04
6.71,12.44,13.32
6.5,8.99,13.35
6.55,9.78,13.02
6.12,12.31,13.18
7.49,11.88,12.77
5.27,10.82,13.84
7.01,12.28,12.52
6.9,8.29,12.68
6.82,11.04,14.93
6.79,7.86,13.34
6.9,8.13,12.76
6.11,9.74,14.44
6.29,11.48,13.56
6.92,10.2,14.28
6.67,11.71,12.74
6.84,9.29,12.74
6.63,10.18,13.84
6.93,12.07,14.81
6.04,11.28,14.89
5.34,10.42,13.39
6.02,8.83,12.64
5.34,12.25,13.47
5.72,12.32,13.64
6.28,11.28,13.48
5.76,9.59,13.29
7.49,7.77,14.41
5.01,7.93,14.23
5.42,11.49,13.7
5.95,11.81,14.49
5.61,12.44,14.45
6.58,9.56,14.93
5.61,10.27,14.47
5.14,8.23,15
7.09,10.13,14.45
6.26,8.26,13.04
5.08,11.14,12.94
6.38,9.83,12.92
5.35,7.86,13.02
6.41,10.22,14.95
6.58,10.94,12.95
7.26,10.56,13.62
7.13,10.8,12.82
6.81,10.32,14.03
7.25,7.75,14.84
6.14,9.15,14.89
5.43,7.76,12.8
6.1,9.75,14.38
6.87,8.93,14.4
5.28,9.95,13.96
5.64,9.75,12.75
6.37,11.91,13.86
6.54,8.38,12.82
5.7,10.35,14.87
7.24,10.74,13.66
6.62,11.09,13.75
6.42,9.98,12.89
6.57,11.06,14.86
6.98,9.96,13.3
6.32,12.05,14.05
6.29,8.46,12.83
7.49,9.68,14.71
7.21,9.1,14.14
5.05,9.26,12.86
6.6,12.37,13.19
6.14,12.03,12.76
5.37,8.69,12.71
6.09,7.55,14.73
7.46,9.48,14.51
5.34,8.54,12.73
5.6,8.38,14.89
7.14,11.02,14.05
5.46,8.98,14.42
5.45,8.42,14.01
6.49,9.26,13.85
5.29,7.86,14.97
6.91,11.91,12.88
6.68,7.73,12.72
6.16,12.05,13.32
7.07,7.66,13.37
5.57,9.71,13.38
5.53,9.68,14.55
5.88,8.78,14.91
7.08,8.01,14.93
6.91,7.83,13.52
6.82,8.32,12.63
6.65,8.37,13.35
6.88,11.09,12.77
6.01,7.7,14.74
6.19,7.71,13.71
7.12,7.89,14.14
6.23,11.24,12.61
5.47,12.29,13.41
7.23,8.22,13.41
7.37,8.49,14.55
5.94,9.94,13.18
6.93,11.82,13.34
6.62,9.14,13.06
6.34,10.77,13.56
5.58,9.92,14.98
6.37,11.09,13.97
5.15,10.77,13.95
6.98,8.63,14.63
5.11,9.15,13.6
7.41,11.69,14.23
6.51,9.84,14.91
6.64,9.27,12.56
6.97,10.38,14.85
5.66,11.28,12.84
6.33,7.58,13.93
5.49,9.69,13.31
6.96,10.32,12.98
6.13,10.39,12.8
5.01,12.25,14.14
6.55,11.37,13.33
6.29,9.22,14.14
5.6,8.47,14.64
7.09,9.84,14.79
6.21,10.79,14.24
6.61,10.85,14.27
6.65,11.62,14.12
6.25,10.26,14.56
6.32,9.34,14.76
5.65,8.81,13.59
6.43,9.01,14.71
7.45,11.87,12.76
5.88,11.89,14.09
5.76,7.88,14.08
6.09,11.24,12.55
6.77,10.9,13.52
7.08,11.4,13.57
5.03,8.57,14.34
5.55,9.3,14.35
5.44,10.04,14.93
5.21,9.6,12.71
5.56,8.97,12.76
5.83,7.9,14.46
6.91,12.44,14.31
5.23,9.64,12.64
6.17,9.46,12.87
6.32,9.44,12.6
6.23,8.17,13.25
6.45,9.77,13.43
5.92,9.46,13.02
6.83,8.54,12.9
5.51,9,13.69
7.47,10.04,12.75
5.96,8.48,14.74
7.23,11.66,13.87
7.05,10.58,14.15
5.47,10.75,13.74
7.03,8.94,14.77
7.11,8.47,14.12
6.39,8.83,12.86
5.8,11.33,12.65
6.53,9.31,14.29
7.07,8.08,14.62
7.08,10.55,14.19
7,9.35,13.48
6.31,9.57,13.86
6.77,9.19,14.75
6.35,10.98,14.45
6.53,8.15,14.72
6.97,11.3,12.7
7.01,10.27,12.83
7.18,9.23,13.43
7.03,7.83,14.05
7.04,12.21,12.99
5.48,8.08,13.94
5.87,9.91,14.96
6.81,12.31,14.91
7.2,10.18,13.82
5.15,11.7,14.47
7.02,10,12.67
5.02,10.84,14.33
5.74,7.79,12.6
5.11,12.21,14.37
6.48,10.87,13.61
7.46,8.52,14.28
6.69,11.9,12.81
6.7,10.44,14.51
5.58,7.97,13.78
5.62,12.26,13.38
5.37,7.56,13.87
6.36,10.13,12.63
6.97,8.7,14.32
7.37,11.85,14.11
7.27,10.46,12.72
5.35,11.75,13
6.01,9.19,12.93
6.09,9.39,12.96
6.2,11.33,14.57
6.51,11.07,13.96
7.41,10.7,12.84
6.92,10.85,13.11
5.2,9.8,14.82
7.37,8.51,14.31
5.09,7.7,13.2
5.23,10.61,13.57
5.31,9.75,14.92
5.44,11.88,13.16
5.28,11.77,12.87
7.26,11.59,13.23
6.15,10.63,14.5
7.45,7.98,13.41
6.45,8.75,12.98
6.95,9.66,13.48
7.37,8.18,12.94
6.84,8.18,13.78
5.67,11.24,13.29
5.57,10.22,14.8
7.2,12.1,14.99
6.65,7.71,13.58
5.16,10.97,14.48
6.53,11.94,13.16
7.09,8.36,14.7
6.75,9.87,13.37
6.49,8.46,13.44
7.39,9.48,13.46
5.75,10.68,14.38
7.28,11.35,13.9
5.05,10.04,14.49
7.49,10.17,13.97
5.72,8.51,12.94
6.72,7.63,13.3
6.26,7.77,14.06
5.66,9.51,12.72
5.79,12.4,13.84
5.85,7.62,13.46
5.74,8.86,12.53
5.33,10.78,13.97
5.36,8.8,14.05
5.02,11.45,12.6
5.88,9.11,13.04
7.16,11.48,12.87
5.64,10.12,13.84
5.97,11.57,14.08
5.4,12.2,14.23
7.15,8.91,13.06
7.27,12.3,13.31
6.39,10.37,13.65
6.3,10.8,14.16
5.95,12.22,14.77
5.94,11.47,14.68
6.24,10.06,14.96
6.11,9.54,12.97
6.26,9.32,12.83
7.36,8.34,14.34
6.19,8.62,12.51
6.11,11.69,13.49
7.14,8.35,13.28
7.1,9.38,14.31
6.56,8.3,14.76
6.58,9.79,12.85
6.45,9.22,14.13
6.46,11.35,12.99
6.48,12.19,14.95
5.87,9.09,13.81
6.81,12.05,14.48
5.74,9.44,13.64
7.44,11.92,13.69
5.08,8.11,12.79
6.07,10.17,12.82
5.08,7.86,14.39
5.3,10.32,12.54
7.21,10.5,12.75
6.16,10.81,12.81
7.37,9.57,14.64
7.13,8.9,14.84
5.72,9.19,13.98
5.73,9.74,13.81
5.94,8.51,13.71
5.8,9.14,13.6
6.91,8.45,12.85
7.03,11.67,13.12
5.39,11.96,13.87
5.63,12.33,13.28
6.58,8.16,13.4
6.62,9.01,13.3
5.98,9.28,13.64
5.87,11.12,13.84
5.92,9.88,12.67
5.03,10.01,14.05
7.45,11.98,13.53
6.66,10.4,14.22
6.91,9.1,13.07
6.51,8.31,13.24
6.04,10.93,14.59
5.52,12.21,12.56
7.49,12.43,12.7
7.09,12.36,14.26
6.14,8.09,14.76
7.35,10.87,12.81
5.41,9.22,13.63
5.14,8.41,13.63
5.91,11.6,13.7
5,9.32,14.9
6.59,8.93,12.94
6.1,9.64,13.4
5.06,8.97,14.18
5.38,7.71,14.63
7.41,11.32,13.45
5.15,11.65,12.71
6.28,12.03,13.49
5.36,9.45,14.63
7.01,9.57,12.53
6.13,7.6,13.1
7.29,9.68,13.46
6.83,8.43,12.65
5.52,11.03,14.67
5.86,7.67,12.69
6.2,8.62,12.96
6.25,11.22,12.57
5.43,9.49,13.72
6.83,9.32,13.07
7.21,12.15,14.34
5.87,10.94,13.45
7.31,8.96,13.43
6.25,9.78,12.9
5.73,12.19,13.77
6.86,10.84,13.44
5.24,8.61,14.06
5.33,9.12,13.37
6.02,11.02,14.96
5.75,8.74,13.19
6.09,10.47,13.99
6.14,9.48,14.72
6.06,8.73,13.55
5.72,7.52,13.12
5.39,8.33,13.66
6.36,8.72,13.07
6.12,11.37,14.05
7.03,12.11,13.9
6.07,12.21,13.81
6.84,12.25,13.8
5.63,10.79,14.11
5.28,12.07,12.65
5.41,10.62,13.58
6.9,11.78,13.02
5.72,9.34,13.73
7.11,8.2,12.85
5.23,11.38,13
6.46,8.57,14.64
7.12,7.75,14.4
6.38,8.24,12.56
6.1,9.96,14.64
5.14,12.4,13.47
7.36,11.08,14.43
5.36,11.66,14.01
5.15,8.79,14.89
7.09,10.57,12.61
6.74,10.33,14.8
5.16,11.63,12.95
7.15,9.18,13.99
6.42,9.81,14.55
6.39,8.91,13.93
6.02,11.53,13.63
7.09,8.76,13.6
5.48,8.99,13.93
6.84,11.9,13.35
5.84,9.58,14.3
5.11,9.72,14.94
5.92,11.47,13.54
6.99,11.76,13.22
6.16,9.08,12.66
5.03,10.2,12.85
6.1,8.46,14.93
6.38,10.48,13.53
6.38,10.15,13.66
7.47,11.24,13.1
7.23,8.93,14.44
5.59,8.45,14.17
5.61,12.05,14.14
7.17,8.64,14.74
6.98,9.6,14.87
7.1,7.52,13.63
5.52,11.15,14.11
5.06,8.97,14.37
5.21,8.61,14.56
6.4,10.88,13.03
6.05,8.53,13.05
6.14,10.59,14.4
6.58,9.31,13.3
7.07,11.73,12.82
7.16,12.13,13.52
7.28,10.12,14.68
5.36,9.03,13.47
5.26,11.79,12.94
6.74,10.55,14.41
7.17,11.02,13.19
5.38,10.39,14.75
5.2,7.85,13.95
5.13,8.03,14.22
5.26,9.32,13.88
5.82,9.21,13.43
5.44,9.05,12.8
5.06,10.3,12.67
5.35,10.52,14.3
6.25,8.28,12.92
6.21,12.24,13.64
5,12.1,14.24
6.34,12.05,13.58
6.4,10.55,14.17
6.54,8.27,13.24
6.27,11.81,13.17
5.47,7.94,14
7.41,12.23,14.1
6.23,7.53,12.73
7.4,12.27,13.58
5.92,11.21,13.97
6.09,7.81,13.16
6.51,11.54,14.75
5.27,10.51,13.58
5.49,11.28,13.66
6.66,10.91,14.73
5.84,10.77,14.03
6.74,8.53,14.38
5.89,9.61,14.09
5.49,9.17,12.5
6.86,8.04,12.65
5.61,7.51,12.88
6.7,10.66,12.82
7.44,9.63,12.84
5.62,11.61,13.32
6.48,11.93,12.84
6.24,8.33,13.82
6.94,11.73,13.78
6.38,10.04,14.02
7.12,11.89,13.17
6.13,10.93,13.8
6.9,11.79,13.93
6.86,11.78,14.51
7.42,10.59,13.6
5.29,9.76,14.22
6.85,7.76,14.59
5.75,9.35,12.94
5.76,9.37,13.62
5.72,9.75,13.89
5.11,7.82,13.17
5.18,11.43,14.99
7.43,8.18,14.63
6.26,12.09,12.6
6.49,8.28,13.99
5,7.78,13.31
5.81,8.86,13.06
6.36,7.76,14.51
5.03,10.58,14.83
5.25,8.03,14.04
6.87,9.76,15
5.56,8.19,13.81
6.04,7.56,14.65
6.38,11.3,13.37
6.29,10.63,14.85
6.17,11.94,13.22
5.9,11.1,13.88
6.31,7.69,13.29
5.42,12.31,13.88
5.14,11.28,13.23
6.23,8.76,14.35
5.57,10.86,12.76
5.21,10.55,14.97
6.44,8.49,14.93
7.2,9.46,13.21
6.24,7.96,13.15
5.31,10.76,14.65
5.59,12.28,12.88
5.51,11.62,13.98
6.12,12.29,12.83
5.12,12.24,13.84
5.4,10.1,12.59
6.25,7.78,14.5
5.13,9.97,13.11
5.14,10.67,13.34
6.99,8.25,14.1
6.23,9.33,12.93
6.43,10.28,12.63
7.27,10.45,13.91
7.11,12.05,14.52
5.48,10.15,14.39
5.85,12.21,14.17
6.99,7.89,12.79
6.25,9.15,12.53
6.77,10,14.16
5.12,8.98,13.15
6.02,10.77,14.69
7.39,8.47,13.03
7.29,8.31,12.59
5.55,10.6,13.9
6.86,12.04,14.96
7.32,11.32,14.66
6.75,10.49,12.81
5.59,11.15,14.72
5.4,11.79,13.06
6.44,9.67,12.64
5.26,8.05,14.56
5.79,10.57,13.79
7.2,9.65,12.73
6.88,9.3,14.02
6.41,10.14,13.09
5.08,11.74,13.64
6.33,11.63,14.88
7.22,10.3,12.81
5.71,12.34,13.72
5.79,9.11,13.56
7.25,7.6,14.01
5.19,8.16,13.5
5.44,11.02,12.86
7.47,9.28,13.89
5.94,10.18,13.33
7.03,9.04,13.17
6.06,12.48,14.88
6.93,11.58,13.62
7.21,9.47,13.89
6.83,9.19,14.98
6.63,10.92,14.15
6.41,11.24,14.74
7.29,7.88,14.42
6.2,10.58,13.44
5.12,9.61,14
6.44,9.93,13.39
6.35,10.2,14.34
5.12,8.62,14.42
6.14,8.21,12.92
7.24,10.46,12.94
5.2,8.54,12.94
6.38,8.6,14.19
5.23,8.17,14.19
6.84,8.48,13.12
6.08,10.4,12.96
5.24,11.42,14.05
6.62,9.19,12.58
7.35,11.09,13.76
5.29,9.25,13.69
5.51,8.23,13.75
5.15,10.67,13.76
5.22,10.43,13.64
6.15,11.01,14.94
5.04,10.42,12.59
5.57,12.13,14.64
5.41,12.34,13.89
7.3,11.25,12.52
6.07,8.33,14.93
6.61,10.17,14.72
5.29,10.36,12.88
6.01,8.65,13.84
5.54,8.46,13.92
6.46,11.2,14.33
7.48,9.46,13.8
7.04,10.92,13.1
7.37,8.39,13.78
5.15,12.3,12.58
5.43,11.52,13.71
5.69,10.82,13.81
5.01,10.64,14.88
7.38,11.5,12.6
6.97,10.46,13.81
5.85,10.94,14.98
6.8,9.05,13.36
6.3,12.21,14.44
5.38,11.96,14.33
6.78,11.22,14.28
6.48,10.59,13.88
5.9,7.61,13.03
5.23,10.4,14.61
6.03,12.46,14.85
7.23,8.28,13.08
6.39,8.27,14.89
6.23,7.83,13.77
6.82,12.37,13.19
5.45,10.95,14.26
5.89,8.49,14.06
7.32,8.25,12.79
6.29,7.6,14.18
7.42,8.16,14.74
7.27,12.37,14.28
5.16,7.97,12.8
6.68,9.69,13.61
7.42,8.93,13.2
6.24,12.37,13.6
7.28,11.13,14.17
6.49,12.49,13.86
7.08,12.12,14.47
6.62,10.58,14.59
6.01,10.11,14.99
5.88,11.5,14.66
7.02,11.52,12.95
6.36,10.44,14.78
5.87,10.76,13.14
5.15,10.57,14.41
6.93,11.85,13.54
7.35,11.39,14.31
6.05,11.16,13.54
7.3,7.51,14.59
7.21,10.22,13.99
7.47,9.72,13.9
6.59,11.22,13.11
6.06,10.05,14.47
7.02,12.08,12.96
7.12,8.35,13.94
6.83,8.73,13.72
5.93,8.4,13.66
6.72,10.31,14.43
6.63,7.83,14.61
6.34,11.12,14.66
6.86,8.04,12.93
6.12,11.88,14.21
6.66,10.92,14.24
6.34,8.45,14.02
6.96,8.62,13.67
6.76,8.25,13.2
7.05,12.26,12.83
5.72,8.41,14.33
6.91,12.43,13.48
6.2,10.04,12.74
7.13,12.34,14.64
5.01,10.54,14.83
5.66,8.38,13.7
6.98,9.03,14.2
6.92,11.32,13.39
7.44,11.96,13.13
6.2,10.73,14.02
6.92,7.71,14.42
5,9.16,13.47
5.61,9.36,14.51
5.28,11.38,12.66
6.74,12.2,13.82
5.45,7.7,14.58
5.38,12.15,12.56
6.37,7.91,13.8
5.51,9.37,13.22
7.17,10.18,12.95
5.84,8.66,13.7
5.72,10.14,13.13
5.17,12.34,14.26
6.4,11.8,13.55
7.13,8.24,14.65
6.95,12.15,13.44
5.45,8.43,13.53
6.68,7.71,12.96
6.41,8.57,14.8
5.08,12.1,13.9
7.42,7.75,14.92
5.65,7.76,14.67
5.43,8.85,14.17
5.95,12.18,12.63
7.49,8.38,13.2
7.45,9.4,12.59
6.52,11.83,13.52
6.56,10.22,13.32
6.94,8.24,13.71
5.73,10.47,14.12
6.28,8.45,13.37
6.53,8.06,13.18
5,11.43,12.97
6.95,10.65,12.94
5.74,8.78,12.93
6.42,8.32,14.58
6.08,10.88,14.65
5.5,9.98,12.67
5.97,7.57,14.51
6.34,10.92,14.89
5.62,11.66,12.65
6.53,9.95,13.43
5.43,12.23,13.83
5.75,8.21,13.16
7.01,10.29,13.67
5.33,10.57,15
6.37,8.51,13.78
5.93,11.49,12.88
6.57,10.93,13.37
5.62,11.22,12.83
5.32,9.29,13.11
6.63,12.09,13.92
6.46,11.07,14.52
5.65,8.62,13.29
5.2,12.47,14.35
6.98,9.68,14.05
5.93,12.48,13.69
6.33,10.72,14.11
6.9,8.08,13.6
5.96,11.71,12.89
7.08,8.72,13.49
6.94,11.6,14.58
6.75,11.55,14.5
5.11,9.2,13.83
7.15,9.04,14.22
5.58,8.29,14.33
6.87,10.07,13.33
6.75,9.13,13.2
5.24,9.25,14.12
7.49,10.18,14.07
5.98,12.11,14.86
6.44,12.17,12.8
5.04,9.71,13.88
6.38,8.55,13.25
5.59,11.08,12.52
6.84,8.82,14.45
6.24,8.2,14.9
6.64,9.23,13.82
7.37,11.11,13.03
6.17,9.02,13.08
6.77,9.99,13.88
6.37,11.88,13.06
6.46,11.66,13.21
5.97,11.18,12.58
7.35,11.49,13.78
5.89,12.03,13.6
5.57,8.6,14.8
6.36,11.82,13.96
7.38,8.74,12.78
6.03,11.87,14.56
5.65,11.78,12.55
7.45,7.97,14.88
5.28,8.29,13.45
7.16,8.36,13.1
5.3,8.32,13.93
6.78,7.7,12.64
6.72,12.3,13
6.74,9.25,13.77
6.13,11.95,14.48
6.78,10.26,13.39
6.52,12.28,14.27
7.26,9.15,13.3
5.81,8.05,14.3
5.17,8.16,14.46
5.74,11.91,13.81
7.25,11.47,13.33
6.6,11.46,14.88
6.68,8.93,14.64
6.98,12.33,13.34
6.4,9.78,13.04
6.34,8.35,14.75
5.47,9.03,14.4
6.49,8.09,13.65
5.52,12.48,14.59
5.4,10.23,13.14
5.09,8.63,13.79
7.35,9.98,14.1
7.38,8.34,14.2
7.11,10.89,13.85
7.27,7.89,13.82
7.16,8.36,13.04
6.85,8.13,13.45
6.91,8.26,12.93
6.74,10.09,14.3
6.01,11.33,12.74
7.17,11.25,13.48
7.28,11.78,13.7
6.09,7.84,14.67
6.97,10.05,14.73
5.2,7.75,14.18
5.88,10.95,14.66
5.63,10.79,12.59
5.89,9.4,14.89
5.55,11.51,12.87
6.72,11.95,13.06
6.68,9.87,14.66
5.38,8.75,13.47
6.27,7.78,14.5
5.02,11.11,14.83
5.54,7.56,14.84
5.22,8.87,14.96
7.06,7.53,13.22
5.94,12.42,14.18
7.26,10.26,14.08
5.26,7.9,14.5
6.22,8.44,14.39
5.24,11.51,14.17
5.26,10.51,13.71
7.04,9.46,12.95
6.86,9.36,13.44
6.74,12.45,14.03
5.68,12.47,13.52
5.2,11.75,12.52
5.36,9.8,13.01
7.42,9.82,14.69
5.08,12,13.74
7.23,11.73,14.32
6.69,9.15,14.2
6.74,8.01,14.22
6.71,10.44,13.23
6.84,7.79,12.87
6.15,9.83,13.62
5.84,11.43,12.69
6.54,9.07,14.68
6.39,9.42,12.56
7,11.04,14.16
7.38,11.31,13.48
7.1,10.86,13.49
6.62,10.63,14.21
7.49,8.99,14.22
6.13,8.63,14.59
5.67,8.93,13.03
6.29,10.52,13.37
5.07,9.45,13.93
5.3,12.07,12.75
6.19,11.56,12.72
6.16,9.31,14.27
6.49,10.74,14.71
5.18,7.64,14.06
6.68,9.12,13.91
5.11,12.15,13.37
6.87,8.35,14.04
5.33,9.87,12.79
5.79,10.09,12.62
6.01,9.17,14.92
6.55,9.9,12.72
6.11,7.59,14.41
7.38,8.47,13.79
6.68,9.02,14.58
6.55,11.65,14.63
7.32,9.39,12.69
5.69,12.42,14.36
5.21,11.33,13.49
5.75,11.63,14.3
5.89,12,12.93
6.04,7.8,13.61
7.46,8.62,13.28
5.28,9.81,13.64
6.6,11.04,14.78
5.89,10.08,14.19
5.88,11.62,12.97
6.96,11.11,13.74
5.27,10.9,13.01
5.69,8.61,14.46
7.1,9.74,13.37
6.95,12.31,12.65
6.94,8.1,14.95
5.43,11.18,13.57
6.1,7.53,12.66
5.69,9.05,14.73
6.45,9.23,13.65
5.88,9.03,13.24
5.2,7.82,13.11
5.48,8.84,14.04
6.64,9.07,14.98
5.96,7.92,13.22
5.08,10.59,14.46
7.13,9.01,13.48
6.18,8.16,12.62
7.2,8.54,12.87
6.64,10.54,14.98
5.26,9.21,13.42
6.26,9.74,13.69
5.79,11.79,13.78
6.92,9.57,13.51
5.15,12.38,14.52
5.18,7.92,13.74
5.69,9.39,12.8
6.97,7.72,13.27
7.34,9.78,12.92
6.4,9.27,14.21
7.13,7.92,13.84
5.79,10.02,12.92
5.13,9.23,14.01
7.23,10.81,13.93
5.3,10.29,14.57
6.54,8.36,13.67
5.48,11.34,13.77
6.96,10.86,14.76
6.62,9.3,12.51
7.04,9.76,14.47
5.67,11.72,13.87
5.64,8.78,14.39
6.5,11.95,12.63
5.68,9.52,13.22
7.43,10.13,13.06
6.67,8.41,14.22
5.75,11.5,14.85
6.89,9.15,14.53
5.96,9.29,12.99
6.95,8.96,14.09
5.94,12.05,13.54
7.1,11.28,12.94
6.04,11.35,14.79
6.45,7.85,14.23
6.64,11.15,13.6
5.04,7.8,13.18
6.94,10.19,13.92
6.89,10.52,14.72
5.42,8.71,14.49
7.28,9.4,14.79
6.32,10.23,14.4
6.99,12.02,12.66
5.62,12.08,13.05
5.45,7.73,14.68
5.46,10.86,14.23
5.08,11.9,14.74
7.34,7.81,13.77
5.83,7.96,12.97
6.07,11.64,14.52
6.99,9.17,14.21
7.01,7.61,13.29
5.71,11.52,12.85
5.6,9.11,14.5
5.34,10.98,14.16
5.06,8.31,13.46
5.4,8.14,12.72
5.67,11.95,14.86
7.43,9.21,13.64
6.58,8.37,13.6
5.74,11.32,13.12
6.85,11.01,14.07
7.4,7.62,14.53
5.51,11.32,14.8
6.53,9.35,13.71
6.61,9.3,13.75
5.5,8.55,13.16
5.79,9.3,13.92
5.07,10.37,13.39
5.04,12.4,13.89
5.08,11.39,13.44
7.03,9.21,14.47
6.03,9.5,14.64
6.59,12.03,14.64
5.1,7.55,14.18
6.55,7.52,12.56
7.19,7.73,13.94
5.98,11.79,13.16
7.05,12.23,12.67
6.59,7.89,14.94
6.98,7.93,13.83
5.65,9.66,12.95
6.63,12.42,13.38
6.72,10.62,14.52
7.25,7.91,14.85
5.19,8.19,14.23
5.04,9.06,14.52
5.38,11.24,13.33
7.34,9.93,13.74
6.6,10.5,14.87
6.26,8.68,14.89
7.22,11.34,13.86
7.43,8.43,14.47
6.08,8.07,13.23
6.29,10.07,12.8
6.19,12.23,12.86
7.49,9.27,12.75
5.22,8.25,14.11
7.35,12.14,13.01
5.32,8.84,12.83
5.57,10.4,14.5
6.23,10.7,13.44
5.59,8.89,13.34
5.58,7.79,13.23
5.31,10.4,14.62
6.39,10.94,12.55
6.82,12.28,14.42
6.07,11.38,13.41
5.13,8.67,14.93
5.28,10.76,14.22
6.31,10.88,13.63
7.17,7.98,13.07
6.39,9.17,13.38
7.24,11.66,13.82
6.58,9.95,13.59
7.42,11.04,14.1
7.27,8.11,13.69
7.42,11.29,14.56
6.53,10.76,13.04
5.24,7.9,13.53
6.72,11.97,13.79
6.91,9.66,13.16
5.33,7.58,12.89
6.81,11.8,14.95
6.35,8.83,13.18
6.5,10.16,13.84
5.86,11.85,12.51
5.73,8.08,12.61
7.27,8.95,13.47
5.34,10.75,13.34
7.21,8,14.84
5.25,9.16,12.98
6.55,9.95,13.99
7.44,10.82,13.73
6.29,7.64,14.33
6.03,12.28,14.02
5.45,7.56,13.63
5.39,10.06,13.38
5.49,10.07,13.24
6.04,12.29,13.35
5.23,9.6,14.24
5.28,11.1,12.86
7.29,7.82,13.03
5.46,12.4,12.68
5.52,10.73,13.53
6.41,9.06,12.72
5.95,10.01,14.63
6.03,11.66,12.77
7,9.29,12.84
5.01,11.34,14.48
5.84,11.96,14.43
6.35,11.09,14.99
6.82,11.36,13.08
6.06,10.51,12.8
6.2,7.82,14.47
5.02,12.45,12.86
6.84,8.6,12.89
5.55,7.55,14.62
5.91,9.8,13.38
6.14,9.75,14.48
6.43,10.88,14.49
7.31,9.17,14.79
5.51,10.83,12.87
6.12,9.73,13.36
5.98,9.2,13.36
6.49,9.15,13.16
7.46,7.85,14.57
6.24,8.98,13.05
6.09,9.33,12.62
6.86,12.13,14.19
6.05,10.02,14.18
6.37,9.46,14.03
7.02,11.65,14.4
5.06,9.13,14.86
6.64,8.39,13.21
6.43,8.74,13.73
7.16,11.21,13.13
7.16,11.83,12.73
7.18,8.46,14.58
5.59,8.28,12.86
5.94,11.88,14.77
5.81,9.78,13
5.39,8.4,14.68
5.06,10.29,12.78
5.67,11.97,14.09
6.2,9.7,14.09
7.34,9.27,14.42
7.09,11.32,14.97
6.17,9.98,13.1
5.74,11.63,13.84
7.2,12.11,13.29
5.98,7.88,13.66
7.24,10.93,12.79
5.99,9.93,13.24
5.89,7.86,13.8
5.58,9.22,12.64
5.82,9.42,12.7
6.74,12.47,13.74
6.77,9.92,13.62
6.54,11.32,13.74
5.04,7.66,13.96
6.96,12.1,12.66
7.25,10.16,14.14
5.4,10.99,13
5.14,12.17,13.62
5.11,8.71,12.69
5.78,10.38,13.32
5.55,10.12,12.66
6.74,8.75,15
7.39,11.91,13.52
6.42,8.11,12.76
6.43,11.48,12.71
7.03,12.23,12.54
6.46,8.22,13.2
6.62,7.86,13.29
6.35,9.64,14
5.45,11.15,13.99
7.25,7.6,14.2
5.02,11.39,14.68
5.44,7.92,13.18
5.45,8.25,14.43
6.31,7.89,14.63
6.29,9.49,12.68
6.59,11.13,14.74
6.1,10.2,13.06
5.49,11.68,14.8
5.01,7.92,14.04
5.56,9.92,13.49
6.53,8.38,12.81
6.37,12.22,13.59
5.33,7.85,14.35
5.44,10.19,12.97
5.11,12.35,12.77
7.27,12.2,13.69
6.39,9.01,14.17
5.31,11.98,13.86
6.11,7.74,12.76
5.06,8,14.36
6.93,11.67,12.67
5.48,9.39,13.02
7.04,8.59,12.53
5.07,10.77,13.05
6.13,12,14.4
7.02,9.87,12.52
5.57,11.56,13.32
6.71,11.33,13.95
5.85,8.39,14.6
5.84,10.48,12.74
6.72,11.61,14.21
6.93,9.74,14.76
5.21,10.87,13.51
6.76,9.76,12.82
6.75,7.72,13.7
5.49,8.1,12.5
6.5,11.67,14.13
6.76,11.55,14.76
5.45,9.11,13.42
6.55,9.56,14.28
6.37,8.57,13.9
5.81,11.95,14.96
5.73,10.77,13.31
6.05,10.51,14.6
5.05,9.46,13.46
5.15,7.89,14.77
7.07,9.08,13.31
5.65,9.18,14.28
5.51,11.99,13.54
5.08,7.87,14.02
5.31,11.27,14.04
5.61,9.39,13.06
7.45,11.7,14.6
7.05,10.61,12.6
5.42,11.12,12.78
5.23,9.93,14.19
6.97,11.37,15
7.23,12.18,14.27
6.81,8.53,14.83
6.11,9.37,12.83
6.22,9.18,12.78
7.24,11.51,14.67
5.64,11.82,12.97
6.81,12.4,14.43
6.43,12.37,12.62
7.29,9.92,13.7
6.09,11.81,12.97
6.17,9.1,12.91
6.68,8.09,12.95
6.53,7.66,14.1
6.28,10.05,13.04
6.83,11.36,13.03
5.12,11.54,13.43
6.4,10.64,12.89
6.86,7.64,14.48
6.4,10.87,12.79
6.75,10.91,14.35
5.92,11.94,14.29
5.99,9.88,13.79
5.31,9.64,14.94
5.71,8.6,12.88
6.93,11.85,12.72
6.13,7.62,13.48
5.56,8.26,13.23
7.46,9.64,12.79
5.97,8.45,14.92
5.4,12.36,14.55
6.67,10.11,13.51
6.71,11.62,13.89
7.38,8.04,13.44
6.77,10.87,14.75
5.38,11.25,12.52
6.01,10.91,13.94
6.26,12.35,13.12
5.08,8.01,12.91
7.1,7.5,12.87
5.91,8.76,13.25
5,8.71,14.86
7.12,11.44,14.17
6.03,11.28,14.27
6.21,9.02,14.54
5.83,10.84,14.19
6.39,10.42,13.88
5.71,11.06,14.18
7.34,11.9,12.84
6.75,8.56,13.52
6.11,9.61,14.89
7.38,10.18,12.55
7.44,8.53,12.81
6.53,10.67,12.77
6.35,11.82,13.27
5.91,12.42,13.21
6.56,8.04,13.35
6.29,8.72,12.77
5.06,9.21,14.44
5.61,10.98,13.43
5.18,8.64,14.04
6.98,9.36,13.43
5.18,11.2,14.82
5.8,8.1,14.08
6.35,8.05,13.69
5.64,11.93,14.02
7.43,9.7,12.72
5.41,12,14.88
6.2,12.4,14.55
5.11,11.08,12.67
7.43,10.47,13.67
5.07,9.91,14.86
7.08,7.59,14.93
5.56,11.13,12.8
7.05,12.37,14.13
5.71,11.52,13.55
7.01,11.05,14.61
7.04,8.51,14.87
6.24,10.92,13.62
5.8,12.34,14.75
6.23,8.1,14.52
6.29,10.52,14.39
5.43,10,13
5.19,11.26,13.36
5.56,11.77,13.95
6.56,8.23,15
6.22,9.65,12.65
7.08,11.87,14.47
5.19,8.11,12.64
6.62,10.17,13.75
6.47,9.14,13.4
5.9,10.7,13.39
6.06,10.14,14.91
5.7,8.12,12.92
6.36,10.43,12.72
5.19,8.61,14.38
5.24,9.35,14.1
5.44,7.99,13.84
7.14,8.75,13.66
6.18,10.14,13.8
6.84,8.33,14.3
5.49,10.55,13.81
6.9,9.61,12.53
5.94,9.21,13.63
5.68,10.12,13.49
5.6,11.47,13.39
6.86,11.78,14.48
6.01,11.05,13.1
5.71,8.2,14.69
6.54,8.21,14.86
6.65,11.83,14.93
7.13,9.87,14.45
5.51,12.42,13.64
5.48,10.64,14.95
5.37,7.73,13.47
5.9,9.59,14.03
5.36,10.69,14.78
5.61,8.24,12.91
6.77,8.64,13.7
7.45,9.38,13.92
5.49,10.93,12.96
7.11,9.16,13.51
7.41,11.44,14.35
5.37,9.98,13.5
5.96,8.71,14.72
7.09,10.62,12.91
7.12,10.82,13.71
6.11,11.65,13.04
5.39,12.04,13.36
7.41,7.67,13.18
5.62,7.77,14.49
5.4,9.91,13.36
7.24,10.44,12.62
5.46,10.55,13.97
6.4,12.38,13.6
6.49,11.2,12.87
7.07,9.77,12.89
6.6,10.19,14.38
6.01,10.53,13.33
7.27,10.31,13.11
6.73,11.64,12.87
5.33,8.82,14.57
5.96,10.62,13.6
5.04,10.9,14.4
6.23,10.06,13.83
6.93,9.13,13.89
6.06,10.62,14.58
6.71,10.39,13.58
5.23,9.77,13.56
5.45,10.21,13.58
6.1,11.63,12.86
5.35,11.11,12.52
6.61,10.11,13.24
5.92,9.55,13.72
5.79,10.04,14.24
6.36,9.73,13.17
6.27,9.83,12.83
6.16,9.66,12.73
5.63,10.95,13.92
6.29,8.89,12.65
6.56,10.3,14.34
6.49,11.62,13.98
5.35,9.25,14.55
7.22,12.33,13.84
6.01,10.22,14.25
6.15,12.12,12.87
6.28,9.94,14.03
5.09,9,13.43
7.34,12.41,14.89
6.03,8.41,13.14
7.05,9.9,13.85
5.49,7.75,13.56
5.93,9.66,12.98
7.43,7.78,12.55
6.43,11.23,12.74
6.28,12.44,14.85
5.43,8.39,13.01
5.96,10.21,12.88
5.32,12.37,14.17
5.14,8.95,14.5
5.89,7.73,13.16
5.71,10.71,14.34
6.81,10.32,14.14
5.61,9.7,14.59
6.4,10.61,14.71
7.32,12.29,13.97
5.97,9.34,14.94
6.83,9.95,13.71
6.36,9.81,13.64
6.12,10.39,14.91
6.71,11.64,14.8
6.58,7.65,13.05
7.19,8.52,12.99
6.54,11.25,12.96
6.52,11.7,13.24
6.91,11.58,13.45
6.4,10.18,12.78
5.18,10.45,13.53
6.1,9.15,14.04
5.92,9.97,14.72
5.2,10.93,13.73
6.63,9.45,14.56
7.23,8.49,14.16
6.17,11.84,13.49
5.5,11.25,13.63
5.44,8.48,13.86
6.39,9.79,13.43
5.48,7.76,13.78
6.44,11.05,14.26
6.2,8.38,12.69
5.78,7.98,14.89
5.94,10.76,13.09
5.42,10.45,13.88
5.84,9.1,14.29
7.06,10.88,14.62
6.89,8.87,14.22
5.6,8.05,12.91
5.99,10.06,14.13
5.9,12.47,14.03
5.64,7.59,12.53
6.94,10.72,12.85
5.56,9.75,14.62
6.2,11.65,12.77
6.35,8.92,13.33
6.2,7.58,14.37
6.67,7.73,13.97
5.89,12.25,13.12
5.29,9.46,13.42
5.27,10.86,13.14
5.37,11.52,14.64
7.05,8.38,13.38
6.53,10.74,13.34
7.2,9.04,13.98
6.91,9.72,13.04
5.57,11.21,14.1
6.72,9.21,13.99
6.83,9.07,13.14
6.02,11.71,13.51
5.74,10.76,13.4
6,10.91,13.27
6.47,12.41,13.72
7.12,9.38,12.7
5.13,10.32,14.2
5.01,11.58,14.95
6.71,9.02,14.4
6.59,11.97,14.6
6.57,9.12,12.52
5.67,11.66,14.13
7.3,7.58,14.91
6.05,10.65,13.21
6.95,9.96,13.88
5.63,11.6,14.56
5.34,11.17,13.72
5.3,11.25,14.47
7.05,8.25,13.55
6.29,9.71,13.64
5.67,10.9,14.73
7.07,9.59,14.34
7.22,8.85,14.58
6.95,8.7,14.76
6.31,7.94,12.8
5.06,11.36,12.67
5,12.29,12.87
6.6,7.74,14.32
7.31,11.04,12.88
7.47,12.26,14.97
6.92,8.19,13.27
5.6,11.93,14.23
6.62,7.87,13.29
5.79,8.58,12.91
7.14,9.84,12.78
7.13,11.62,12.6
6.36,8.65,12.87
5,10.87,12.78
5.76,9.96,13.02
6.18,9.83,13.83
5.15,9.31,14.26
