p=60 CRao 1 Gauss Trial 1000 MAE: 1008.4531057175 Uniform initialization
2474.54528
0.20834938713961
1690.0688
1329.167
1527.2118
40.16828000005
0.062480749399583
1059.3968
298.65312000004
0.21269785493405
1732.7979200001
1836.6493
1769.1405
266.828
0.058384509459756
2144.15568
1706.6405
753.58594000004
2046.46624
0.036699503220007
2434.28254
43.813
921.36160000005
1687.1757031592
1370.54204
0.055656231543253
3987.60184
1160.6905162711
0.1672598870482
1514.9845
0.11822650029808
748.52976000005
0.071664998893539
0.14715269862791
2387.77736
29.076640000048
1055.6488
3049.20326
0.112731240215
0.1638440155748
3710.90272
827.71200000004
0.22642880766944
0.31128277872085
2181.8975
771.72
353.65392000005
327.165
1276.6053000001
230.28
4697.2601
305.68
0.016346589017303
0.0084088095081825
380.34
1233.32
207.04968000005
235.12710139381
987.016
2326.1592
0.025751799853424
0.10869842440115
676.29890000001
2675.5040503343
45.74325
1805.836
1940.6
1946.36
1105.12
151.28000000006
133.265

